3.3473587665652417e-06,3.3473587665652417e-06,3.3473587665652417e-06,0.0,0.0,0.0,0.0,0.0,0.0,0.0,0.0,0.0,0.0,0.0,0.0,3.3473587665652417e-06,0.0,0.0,0.0,0.0,0.0,0.0,3.3473587665652417e-06,0.0,0.0,0.0,0.0,0.0,0.0,0.0,3.3473587665652417e-06,0.0,0.0,0.0,0.0,0.0,0.0,6.694717533130483e-06,0.0,0.0,0.0,0.0,0.0,0.0,0.0,0.0,0.0,0.0,0.0,0.0,0.0,0.0,0.0,0.0,0.0,0.0,0.0,0.0,0.0,0.0,0.0,0.0,0.0,0.0,0.0,0.0,0.0,0.0,0.0,0.0,0.0,0.0,0.0,0.0,0.0,0.0,0.0,0.0,0.0,0.0,0.0,0.0,0.0,0.0,0.0,0.0,0.0,0.0,0.0,3.3473587665652417e-06,0.0,0.0,0.0,0.0,0.0,0.0,0.0,0.0,0.0,0.0,0.0,0.0,0.0,0.0,0.0,0.0,0.0,0.0,0.0,0.0,0.0,0.0,3.3473587665652417e-06,0.0,0.0,0.0,0.0,0.0,3.3473587665652417e-06,0.0,0.0,0.0,0.0,3.3473587665652417e-06,0.0,0.0,0.0,0.0,0.0,0.0,0.0,0.0,0.0,0.0,0.0,0.0,0.0,6.694717533130483e-06,0.0,0.0,0.0,0.0,0.0,0.0,0.0,0.0,0.0,1.0042076299695725e-05,0.0,0.0,0.0,6.694717533130483e-06,0.0,0.0,0.0,0.0,0.0,0.0,0.0,0.0,0.0,0.0,0.0,0.0,0.0,0.0,0.0,0.0,0.0,0.0,0.0,0.0,0.0,0.0,0.0,0.0,0.0,0.0,0.0,0.0,0.0,0.0,0.0,0.0,0.0,3.3473587665652417e-06,0.0,0.0,0.0,0.0,0.0,0.0,0.0,0.0,0.0,0.0,0.0,0.0,0.0,0.0,0.0,0.0,0.0,0.0,0.0,0.0,0.0,0.0,0.0,0.0,0.0,0.0,0.0,3.3473587665652417e-06,3.3473587665652417e-06,0.0,0.0,3.3473587665652417e-06,0.0,0.0,0.0,0.0,0.0,0.0,0.0,0.0,0.0,0.0,0.0,0.0,0.0,0.0,0.0,0.0,0.0,0.0,0.0,0.0,0.0,0.0,6.694717533130483e-06,0.0,3.3473587665652417e-06,0.0,3.3473587665652417e-06,0.0,0.0,0.0,0.0,0.0,0.0,0.0,0.0,0.0,3.3473587665652417e-06,0.0,3.3473587665652417e-06,6.694717533130483e-06,0.0,0.0,0.0,0.0,0.0,0.0,0.0,0.0,0.0,0.0,3.3473587665652417e-06,3.3473587665652417e-06,0.0,0.0,0.0,0.0,3.3473587665652417e-06,0.0,0.0,0.0,0.0,0.0,0.0,0.0,0.0,0.0,0.0,0.0,0.0,0.0,3.3473587665652417e-06,0.0,0.0,0.0,0.0,0.0,0.0,0.0,6.694717533130483e-06,0.0,3.3473587665652417e-06,0.0,0.0,0.0,0.0,0.0,0.0,3.3473587665652417e-06,0.0,3.3473587665652417e-06,0.0,3.3473587665652417e-06,0.0,0.0,0.0,0.0,0.0,0.0,0.0,0.0,0.0,3.3473587665652417e-06,0.0,3.3473587665652417e-06,3.3473587665652417e-06,0.0,0.0,3.3473587665652417e-06,0.0,6.694717533130483e-06,3.3473587665652417e-06,1.0042076299695725e-05,6.694717533130483e-06,0.0,0.0,0.0,0.0,0.0,3.3473587665652417e-06,0.0,3.3473587665652417e-06,0.0,1.0042076299695725e-05,0.0,3.3473587665652417e-06,0.0,1.0042076299695725e-05,3.3473587665652417e-06,0.0,0.0,1.0042076299695725e-05,3.3473587665652417e-06,6.694717533130483e-06,3.3473587665652417e-06,0.0,0.0,0.0,3.3473587665652417e-06,0.0,6.694717533130483e-06,3.3473587665652417e-06,3.3473587665652417e-06
3.3473587665652417e-06,0.0,0.0,0.0,3.3473587665652417e-06,3.3473587665652417e-06,0.0,0.0,0.0,0.0,0.0,0.0,0.0,0.0,0.0,0.0,0.0,0.0,0.0,0.0,0.0,0.0,0.0,0.0,0.0,0.0,0.0,0.0,0.0,0.0,0.0,0.0,3.3473587665652417e-06,0.0,0.0,0.0,0.0,0.0,3.3473587665652417e-06,0.0,0.0,0.0,0.0,0.0,0.0,0.0,0.0,0.0,0.0,0.0,0.0,0.0,0.0,0.0,0.0,0.0,0.0,0.0,0.0,0.0,0.0,0.0,0.0,0.0,0.0,6.694717533130483e-06,0.0,0.0,0.0,0.0,0.0,0.0,0.0,0.0,0.0,0.0,0.0,0.0,0.0,0.0,0.0,0.0,0.0,0.0,0.0,0.0,0.0,0.0,0.0,0.0,0.0,0.0,0.0,0.0,0.0,0.0,0.0,0.0,0.0,0.0,0.0,0.0,0.0,0.0,0.0,0.0,0.0,0.0,0.0,0.0,0.0,0.0,6.694717533130483e-06,0.0,0.0,0.0,0.0,3.3473587665652417e-06,3.3473587665652417e-06,0.0,0.0,0.0,0.0,0.0,0.0,0.0,0.0,0.0,0.0,0.0,3.3473587665652417e-06,0.0,0.0,0.0,0.0,3.3473587665652417e-06,0.0,0.0,0.0,0.0,0.0,0.0,0.0,0.0,0.0,0.0,0.0,0.0,0.0,0.0,0.0,0.0,0.0,0.0,0.0,0.0,0.0,0.0,0.0,0.0,0.0,0.0,0.0,0.0,3.3473587665652417e-06,0.0,0.0,0.0,0.0,0.0,0.0,0.0,0.0,3.3473587665652417e-06,0.0,0.0,0.0,3.3473587665652417e-06,0.0,0.0,0.0,0.0,0.0,0.0,0.0,0.0,0.0,0.0,0.0,0.0,0.0,0.0,0.0,0.0,0.0,0.0,0.0,0.0,0.0,0.0,0.0,0.0,0.0,0.0,0.0,0.0,0.0,0.0,0.0,0.0,0.0,0.0,0.0,0.0,0.0,0.0,6.694717533130483e-06,0.0,0.0,0.0,0.0,0.0,0.0,3.3473587665652417e-06,0.0,0.0,0.0,0.0,0.0,0.0,0.0,0.0,0.0,3.3473587665652417e-06,0.0,0.0,0.0,0.0,0.0,0.0,0.0,0.0,3.3473587665652417e-06,0.0,0.0,0.0,0.0,6.694717533130483e-06,0.0,0.0,0.0,0.0,0.0,3.3473587665652417e-06,0.0,0.0,0.0,0.0,0.0,0.0,0.0,0.0,0.0,0.0,0.0,3.3473587665652417e-06,0.0,3.3473587665652417e-06,3.3473587665652417e-06,0.0,3.3473587665652417e-06,0.0,0.0,0.0,3.3473587665652417e-06,3.3473587665652417e-06,6.694717533130483e-06,3.3473587665652417e-06,0.0,0.0,0.0,3.3473587665652417e-06,0.0,2.008415259939145e-05,0.0,3.3473587665652417e-06,3.3473587665652417e-06,0.0,0.0,0.0,0.0,0.0,0.0,0.0,3.3473587665652417e-06,3.3473587665652417e-06,0.0,0.0,0.0,0.0,0.0,0.0,0.0,0.0,0.0,0.0,0.0,0.0,3.3473587665652417e-06,0.0,0.0,0.0,0.0,0.0,0.0,0.0,6.694717533130483e-06,3.3473587665652417e-06,0.0,0.0,0.0,1.0042076299695725e-05,1.3389435066260967e-05,0.0,3.3473587665652417e-06,3.3473587665652417e-06,0.0,3.3473587665652417e-06,1.0042076299695725e-05,3.3473587665652417e-06,6.694717533130483e-06,3.3473587665652417e-06,0.0,3.3473587665652417e-06,3.3473587665652417e-06,0.0,0.0,3.3473587665652417e-06,3.3473587665652417e-06,6.694717533130483e-06,1.673679383282621e-05,1.3389435066260967e-05,0.0,3.3473587665652417e-06,3.3473587665652417e-06,6.694717533130483e-06,1.673679383282621e-05,3.3473587665652417e-06,1.0042076299695725e-05,3.3473587665652417e-06,0.0,1.0042076299695725e-05,1.0042076299695725e-05,0.0,0.0,3.3473587665652417e-06,1.3389435066260967e-05,0.0,3.3473587665652417e-06,6.694717533130483e-06
3.3473587665652417e-06,1.0042076299695725e-05,1.673679383282621e-05,0.0,1.0042076299695725e-05,0.0,0.0,0.0,3.3473587665652417e-06,0.0,0.0,0.0,0.0,3.3473587665652417e-06,0.0,0.0,6.694717533130483e-06,0.0,0.0,0.0,6.694717533130483e-06,0.0,0.0,0.0,0.0,0.0,0.0,0.0,0.0,0.0,0.0,0.0,0.0,0.0,0.0,0.0,0.0,0.0,0.0,0.0,0.0,0.0,0.0,0.0,0.0,0.0,0.0,0.0,0.0,0.0,0.0,0.0,0.0,0.0,3.3473587665652417e-06,0.0,0.0,0.0,0.0,0.0,0.0,0.0,0.0,0.0,0.0,0.0,0.0,0.0,0.0,0.0,0.0,0.0,0.0,0.0,0.0,0.0,0.0,0.0,0.0,0.0,0.0,0.0,0.0,0.0,0.0,0.0,0.0,0.0,0.0,0.0,0.0,0.0,0.0,0.0,0.0,0.0,0.0,0.0,0.0,0.0,6.694717533130483e-06,0.0,0.0,0.0,0.0,0.0,0.0,0.0,0.0,0.0,0.0,0.0,0.0,0.0,0.0,0.0,0.0,0.0,0.0,0.0,0.0,0.0,0.0,0.0,0.0,0.0,0.0,0.0,0.0,0.0,3.3473587665652417e-06,0.0,0.0,0.0,0.0,0.0,0.0,0.0,0.0,0.0,3.3473587665652417e-06,0.0,3.3473587665652417e-06,0.0,0.0,0.0,0.0,0.0,0.0,0.0,0.0,3.3473587665652417e-06,0.0,0.0,0.0,0.0,0.0,0.0,0.0,3.3473587665652417e-06,0.0,0.0,0.0,0.0,3.3473587665652417e-06,0.0,0.0,0.0,0.0,0.0,0.0,0.0,3.3473587665652417e-06,0.0,0.0,6.694717533130483e-06,0.0,0.0,0.0,0.0,0.0,0.0,0.0,0.0,0.0,0.0,0.0,0.0,0.0,0.0,0.0,0.0,0.0,0.0,0.0,0.0,0.0,0.0,0.0,0.0,0.0,0.0,0.0,0.0,0.0,0.0,0.0,0.0,0.0,0.0,0.0,0.0,0.0,0.0,0.0,0.0,0.0,0.0,0.0,0.0,6.694717533130483e-06,0.0,0.0,0.0,0.0,0.0,0.0,0.0,0.0,0.0,0.0,0.0,0.0,0.0,0.0,6.694717533130483e-06,0.0,6.694717533130483e-06,0.0,0.0,0.0,0.0,0.0,0.0,3.3473587665652417e-06,3.3473587665652417e-06,0.0,3.3473587665652417e-06,0.0,0.0,0.0,0.0,0.0,0.0,3.3473587665652417e-06,0.0,0.0,0.0,3.3473587665652417e-06,0.0,0.0,0.0,0.0,0.0,0.0,0.0,3.3473587665652417e-06,0.0,0.0,0.0,0.0,3.3473587665652417e-06,0.0,3.3473587665652417e-06,0.0,3.3473587665652417e-06,3.3473587665652417e-06,0.0,0.0,0.0,0.0,0.0,0.0,0.0,3.3473587665652417e-06,0.0,3.3473587665652417e-06,0.0,0.0,6.694717533130483e-06,0.0,0.0,0.0,0.0,0.0,0.0,3.3473587665652417e-06,0.0,0.0,3.3473587665652417e-06,6.694717533130483e-06,0.0,3.3473587665652417e-06,0.0,3.3473587665652417e-06,0.0,0.0,0.0,0.0,6.694717533130483e-06,3.3473587665652417e-06,0.0,0.0,0.0,3.3473587665652417e-06,6.694717533130483e-06,0.0,6.694717533130483e-06,3.3473587665652417e-06,0.0,0.0,3.3473587665652417e-06,0.0,0.0,0.0,0.0,3.3473587665652417e-06,3.3473587665652417e-06,0.0,0.0,0.0,0.0,3.3473587665652417e-06,1.673679383282621e-05,3.3473587665652417e-06,6.694717533130483e-06,6.694717533130483e-06,3.3473587665652417e-06,0.0,3.3473587665652417e-06,3.3473587665652417e-06,3.3473587665652417e-06,0.0,6.694717533130483e-06,3.3473587665652417e-06,3.3473587665652417e-06,1.3389435066260967e-05,1.0042076299695725e-05,6.694717533130483e-06,1.0042076299695725e-05,1.3389435066260967e-05,6.694717533130483e-06,0.0,2.6778870132521933e-05,3.3473587665652417e-06,0.0,0.0,3.3473587665652417e-06,6.694717533130483e-06,0.0
3.3473587665652417e-06,6.694717533130483e-06,1.673679383282621e-05,0.0,0.0,6.694717533130483e-06,0.0,3.3473587665652417e-06,0.0,3.3473587665652417e-06,3.3473587665652417e-06,0.0,0.0,0.0,3.3473587665652417e-06,0.0,1.0042076299695725e-05,0.0,0.0,0.0,3.3473587665652417e-06,0.0,0.0,0.0,0.0,0.0,0.0,0.0,0.0,0.0,0.0,0.0,3.3473587665652417e-06,0.0,0.0,0.0,0.0,0.0,0.0,0.0,0.0,0.0,0.0,0.0,0.0,3.3473587665652417e-06,0.0,0.0,0.0,0.0,0.0,0.0,0.0,0.0,0.0,0.0,0.0,0.0,0.0,0.0,0.0,0.0,0.0,0.0,0.0,0.0,0.0,0.0,0.0,0.0,0.0,0.0,0.0,0.0,0.0,0.0,0.0,0.0,0.0,0.0,0.0,0.0,0.0,0.0,0.0,0.0,0.0,0.0,0.0,0.0,0.0,0.0,0.0,0.0,0.0,0.0,0.0,0.0,0.0,0.0,0.0,0.0,0.0,0.0,0.0,0.0,0.0,0.0,0.0,0.0,0.0,0.0,0.0,0.0,0.0,0.0,0.0,0.0,0.0,0.0,0.0,0.0,0.0,0.0,0.0,0.0,0.0,0.0,0.0,3.3473587665652417e-06,0.0,3.3473587665652417e-06,0.0,0.0,0.0,0.0,0.0,0.0,0.0,0.0,0.0,0.0,0.0,0.0,0.0,0.0,0.0,0.0,0.0,0.0,6.694717533130483e-06,0.0,0.0,0.0,0.0,0.0,0.0,0.0,0.0,3.3473587665652417e-06,0.0,0.0,0.0,0.0,0.0,0.0,0.0,0.0,0.0,0.0,0.0,0.0,0.0,3.3473587665652417e-06,0.0,3.3473587665652417e-06,0.0,0.0,3.3473587665652417e-06,0.0,3.3473587665652417e-06,6.694717533130483e-06,0.0,0.0,0.0,0.0,0.0,0.0,0.0,0.0,0.0,0.0,0.0,0.0,0.0,3.3473587665652417e-06,0.0,0.0,0.0,0.0,0.0,0.0,0.0,0.0,0.0,0.0,0.0,0.0,0.0,0.0,0.0,0.0,0.0,0.0,0.0,0.0,0.0,0.0,0.0,0.0,0.0,0.0,0.0,0.0,0.0,3.3473587665652417e-06,0.0,0.0,0.0,0.0,0.0,0.0,0.0,0.0,0.0,3.3473587665652417e-06,3.3473587665652417e-06,0.0,0.0,0.0,0.0,0.0,0.0,0.0,0.0,0.0,3.3473587665652417e-06,0.0,6.694717533130483e-06,0.0,0.0,3.3473587665652417e-06,6.694717533130483e-06,0.0,6.694717533130483e-06,3.3473587665652417e-06,0.0,0.0,0.0,3.3473587665652417e-06,2.008415259939145e-05,0.0,0.0,0.0,0.0,0.0,3.3473587665652417e-06,0.0,0.0,0.0,0.0,0.0,0.0,0.0,3.3473587665652417e-06,6.694717533130483e-06,3.3473587665652417e-06,3.3473587665652417e-06,0.0,0.0,0.0,0.0,1.0042076299695725e-05,0.0,0.0,0.0,0.0,1.0042076299695725e-05,0.0,0.0,0.0,0.0,6.694717533130483e-06,0.0,0.0,3.3473587665652417e-06,0.0,0.0,0.0,0.0,0.0,0.0,0.0,0.0,0.0,0.0,0.0,0.0,0.0,0.0,3.3473587665652417e-06,0.0,0.0,6.694717533130483e-06,0.0,3.3473587665652417e-06,3.3473587665652417e-06,3.3473587665652417e-06,3.3473587665652417e-06,1.3389435066260967e-05,3.3473587665652417e-06,0.0,0.0,0.0,0.0,0.0,0.0,0.0,0.0,3.3473587665652417e-06,3.3473587665652417e-06,3.3473587665652417e-06,3.3473587665652417e-06,0.0,0.0,1.0042076299695725e-05,0.0,3.3473587665652417e-06,1.0042076299695725e-05,3.3473587665652417e-06,3.3473587665652417e-06,1.0042076299695725e-05,6.694717533130483e-06,2.6778870132521933e-05,1.3389435066260967e-05,3.3473587665652417e-06,1.3389435066260967e-05,3.3473587665652417e-06,0.0,1.3389435066260967e-05,6.694717533130483e-06,2.6778870132521933e-05,1.0042076299695725e-05,0.0,3.3473587665652417e-06,6.694717533130483e-06,1.3389435066260967e-05,3.3473587665652417e-06,3.3473587665652417e-06,6.694717533130483e-06
3.3473587665652417e-06,6.694717533130483e-06,6.694717533130483e-06,3.3473587665652417e-06,3.3473587665652417e-06,0.0,3.3473587665652417e-06,6.694717533130483e-06,0.0,0.0,0.0,0.0,0.0,0.0,0.0,0.0,0.0,0.0,0.0,0.0,0.0,0.0,0.0,0.0,0.0,3.3473587665652417e-06,0.0,0.0,0.0,0.0,0.0,0.0,0.0,0.0,0.0,0.0,0.0,0.0,0.0,0.0,3.3473587665652417e-06,0.0,0.0,0.0,0.0,0.0,0.0,0.0,0.0,0.0,0.0,0.0,0.0,0.0,0.0,0.0,0.0,0.0,0.0,0.0,0.0,0.0,0.0,0.0,0.0,0.0,0.0,0.0,0.0,0.0,0.0,0.0,0.0,0.0,0.0,0.0,0.0,0.0,0.0,0.0,0.0,0.0,0.0,0.0,0.0,0.0,0.0,0.0,0.0,0.0,0.0,0.0,0.0,0.0,0.0,6.694717533130483e-06,0.0,0.0,0.0,0.0,0.0,0.0,0.0,0.0,0.0,0.0,0.0,0.0,0.0,0.0,3.3473587665652417e-06,0.0,0.0,0.0,0.0,0.0,0.0,0.0,0.0,3.3473587665652417e-06,0.0,0.0,0.0,0.0,0.0,0.0,0.0,0.0,6.694717533130483e-06,0.0,0.0,0.0,0.0,0.0,0.0,0.0,0.0,0.0,0.0,0.0,3.3473587665652417e-06,0.0,0.0,0.0,0.0,0.0,0.0,0.0,0.0,0.0,3.3473587665652417e-06,3.3473587665652417e-06,0.0,0.0,3.3473587665652417e-06,0.0,0.0,0.0,0.0,0.0,0.0,0.0,0.0,0.0,0.0,0.0,0.0,0.0,0.0,0.0,0.0,0.0,0.0,0.0,3.3473587665652417e-06,0.0,0.0,0.0,0.0,0.0,0.0,0.0,0.0,0.0,0.0,0.0,0.0,3.3473587665652417e-06,0.0,0.0,0.0,0.0,0.0,0.0,0.0,3.3473587665652417e-06,0.0,3.3473587665652417e-06,0.0,0.0,0.0,0.0,0.0,0.0,0.0,0.0,3.3473587665652417e-06,0.0,0.0,0.0,0.0,0.0,0.0,0.0,0.0,3.3473587665652417e-06,0.0,0.0,0.0,0.0,0.0,0.0,0.0,0.0,0.0,0.0,0.0,0.0,0.0,0.0,0.0,3.3473587665652417e-06,0.0,0.0,0.0,0.0,0.0,3.3473587665652417e-06,0.0,0.0,0.0,0.0,0.0,0.0,0.0,0.0,0.0,0.0,0.0,0.0,0.0,0.0,0.0,0.0,3.3473587665652417e-06,3.3473587665652417e-06,0.0,0.0,0.0,0.0,0.0,0.0,3.3473587665652417e-06,0.0,0.0,0.0,0.0,3.3473587665652417e-06,0.0,0.0,3.3473587665652417e-06,0.0,0.0,0.0,0.0,0.0,0.0,0.0,0.0,0.0,1.0042076299695725e-05,0.0,3.3473587665652417e-06,0.0,6.694717533130483e-06,6.694717533130483e-06,0.0,0.0,0.0,0.0,0.0,0.0,0.0,0.0,0.0,0.0,3.3473587665652417e-06,0.0,3.3473587665652417e-06,0.0,0.0,0.0,0.0,3.3473587665652417e-06,6.694717533130483e-06,3.3473587665652417e-06,0.0,0.0,6.694717533130483e-06,0.0,3.3473587665652417e-06,3.3473587665652417e-06,3.3473587665652417e-06,3.3473587665652417e-06,3.3473587665652417e-06,3.3473587665652417e-06,0.0,3.3473587665652417e-06,3.3473587665652417e-06,0.0,0.0,3.3473587665652417e-06,0.0,0.0,0.0,0.0,0.0,3.3473587665652417e-06,0.0,3.3473587665652417e-06,0.0,3.3473587665652417e-06,0.0,2.6778870132521933e-05,6.694717533130483e-06,0.0,3.3473587665652417e-06,6.694717533130483e-06,1.3389435066260967e-05,6.694717533130483e-06,3.3473587665652417e-06,1.0042076299695725e-05,2.6778870132521933e-05,0.0,1.3389435066260967e-05,1.0042076299695725e-05,1.0042076299695725e-05,1.673679383282621e-05,1.3389435066260967e-05,2.008415259939145e-05,3.3473587665652417e-06,1.673679383282621e-05,2.3431511365956693e-05,1.0042076299695725e-05,6.694717533130483e-06,1.3389435066260967e-05,3.3473587665652417e-06,3.3473587665652417e-06,3.3473587665652417e-06,3.3473587665652417e-06
0.0,3.3473587665652417e-06,6.694717533130483e-06,6.694717533130483e-06,0.0,1.0042076299695725e-05,3.3473587665652417e-06,1.3389435066260967e-05,0.0,0.0,0.0,0.0,3.3473587665652417e-06,3.3473587665652417e-06,0.0,6.694717533130483e-06,3.3473587665652417e-06,0.0,3.3473587665652417e-06,0.0,0.0,0.0,0.0,0.0,0.0,0.0,0.0,0.0,3.3473587665652417e-06,0.0,0.0,0.0,0.0,0.0,0.0,0.0,0.0,0.0,0.0,0.0,0.0,0.0,0.0,0.0,0.0,0.0,0.0,0.0,0.0,0.0,0.0,0.0,0.0,0.0,0.0,0.0,3.3473587665652417e-06,0.0,0.0,0.0,0.0,0.0,0.0,0.0,0.0,0.0,0.0,0.0,0.0,0.0,0.0,0.0,0.0,0.0,0.0,0.0,0.0,0.0,0.0,0.0,0.0,0.0,0.0,0.0,0.0,0.0,0.0,0.0,0.0,0.0,0.0,0.0,0.0,0.0,0.0,0.0,0.0,0.0,0.0,0.0,0.0,0.0,0.0,0.0,0.0,3.3473587665652417e-06,3.3473587665652417e-06,0.0,0.0,0.0,0.0,0.0,0.0,0.0,0.0,0.0,0.0,0.0,0.0,0.0,0.0,0.0,0.0,0.0,0.0,0.0,0.0,0.0,0.0,0.0,0.0,0.0,0.0,0.0,0.0,0.0,0.0,0.0,0.0,0.0,0.0,0.0,0.0,0.0,0.0,0.0,0.0,0.0,0.0,0.0,3.3473587665652417e-06,0.0,0.0,0.0,0.0,0.0,0.0,0.0,0.0,0.0,0.0,0.0,0.0,0.0,0.0,0.0,3.3473587665652417e-06,0.0,0.0,0.0,0.0,0.0,0.0,0.0,0.0,0.0,0.0,0.0,0.0,0.0,0.0,0.0,0.0,0.0,0.0,0.0,0.0,0.0,0.0,0.0,0.0,0.0,3.3473587665652417e-06,0.0,0.0,3.3473587665652417e-06,0.0,0.0,0.0,0.0,0.0,0.0,0.0,0.0,0.0,0.0,0.0,0.0,0.0,0.0,0.0,0.0,0.0,0.0,0.0,0.0,0.0,3.3473587665652417e-06,0.0,0.0,0.0,0.0,0.0,0.0,0.0,0.0,0.0,0.0,0.0,0.0,3.3473587665652417e-06,3.3473587665652417e-06,0.0,0.0,3.3473587665652417e-06,3.3473587665652417e-06,0.0,0.0,0.0,0.0,0.0,3.3473587665652417e-06,0.0,6.694717533130483e-06,0.0,6.694717533130483e-06,0.0,3.3473587665652417e-06,0.0,0.0,0.0,0.0,0.0,0.0,3.3473587665652417e-06,6.694717533130483e-06,0.0,0.0,0.0,3.3473587665652417e-06,0.0,3.3473587665652417e-06,0.0,3.3473587665652417e-06,0.0,0.0,0.0,3.3473587665652417e-06,0.0,0.0,0.0,0.0,0.0,0.0,0.0,0.0,3.3473587665652417e-06,6.694717533130483e-06,0.0,1.3389435066260967e-05,0.0,0.0,3.3473587665652417e-06,0.0,6.694717533130483e-06,0.0,0.0,0.0,3.3473587665652417e-06,0.0,0.0,0.0,3.3473587665652417e-06,0.0,0.0,3.3473587665652417e-06,0.0,0.0,3.3473587665652417e-06,3.3473587665652417e-06,6.694717533130483e-06,0.0,0.0,0.0,6.694717533130483e-06,0.0,0.0,0.0,0.0,0.0,0.0,3.3473587665652417e-06,0.0,0.0,0.0,0.0,3.3473587665652417e-06,0.0,0.0,6.694717533130483e-06,0.0,3.3473587665652417e-06,0.0,0.0,3.3473587665652417e-06,0.0,0.0,0.0,1.0042076299695725e-05,3.3473587665652417e-06,6.694717533130483e-06,3.3473587665652417e-06,3.3473587665652417e-06,1.673679383282621e-05,3.3473587665652417e-06,3.3473587665652417e-06,3.3473587665652417e-06,6.694717533130483e-06,1.0042076299695725e-05,1.673679383282621e-05,6.694717533130483e-06,6.694717533130483e-06,3.3473587665652417e-06,1.0042076299695725e-05,6.694717533130483e-06,1.0042076299695725e-05,2.008415259939145e-05,1.0042076299695725e-05,1.3389435066260967e-05,2.008415259939145e-05,1.0042076299695725e-05,1.673679383282621e-05,0.0,1.3389435066260967e-05,6.694717533130483e-06,1.0042076299695725e-05,6.694717533130483e-06,0.0,0.0,6.694717533130483e-06
0.0,1.0042076299695725e-05,3.3473587665652417e-06,1.0042076299695725e-05,0.0,3.3473587665652417e-06,3.3473587665652417e-06,3.3473587665652417e-06,3.3473587665652417e-06,0.0,0.0,0.0,3.3473587665652417e-06,0.0,0.0,3.3473587665652417e-06,0.0,6.694717533130483e-06,0.0,0.0,0.0,0.0,3.3473587665652417e-06,0.0,0.0,0.0,0.0,0.0,0.0,0.0,0.0,0.0,0.0,0.0,0.0,0.0,0.0,0.0,0.0,0.0,0.0,0.0,0.0,0.0,0.0,0.0,0.0,0.0,0.0,0.0,0.0,0.0,0.0,0.0,0.0,0.0,0.0,0.0,0.0,0.0,0.0,0.0,0.0,0.0,0.0,0.0,0.0,0.0,0.0,0.0,0.0,0.0,0.0,0.0,0.0,0.0,0.0,0.0,0.0,0.0,0.0,0.0,0.0,0.0,0.0,0.0,0.0,0.0,0.0,0.0,0.0,0.0,3.3473587665652417e-06,0.0,0.0,0.0,0.0,0.0,0.0,0.0,0.0,0.0,0.0,0.0,0.0,0.0,0.0,0.0,0.0,0.0,0.0,0.0,0.0,0.0,0.0,0.0,0.0,0.0,0.0,0.0,0.0,0.0,0.0,0.0,0.0,0.0,0.0,0.0,3.3473587665652417e-06,0.0,0.0,0.0,0.0,0.0,0.0,0.0,0.0,0.0,0.0,0.0,0.0,0.0,0.0,0.0,0.0,0.0,0.0,0.0,0.0,3.3473587665652417e-06,0.0,0.0,0.0,0.0,0.0,0.0,0.0,0.0,0.0,0.0,0.0,0.0,0.0,0.0,0.0,0.0,0.0,0.0,0.0,0.0,0.0,0.0,0.0,0.0,6.694717533130483e-06,0.0,0.0,0.0,0.0,0.0,0.0,0.0,0.0,0.0,0.0,0.0,3.3473587665652417e-06,0.0,0.0,0.0,0.0,0.0,0.0,0.0,0.0,0.0,0.0,0.0,0.0,0.0,0.0,0.0,0.0,0.0,0.0,0.0,3.3473587665652417e-06,3.3473587665652417e-06,0.0,0.0,0.0,0.0,0.0,0.0,0.0,0.0,0.0,0.0,0.0,0.0,0.0,3.3473587665652417e-06,0.0,0.0,0.0,0.0,0.0,0.0,0.0,0.0,0.0,0.0,0.0,0.0,0.0,6.694717533130483e-06,0.0,0.0,3.3473587665652417e-06,0.0,0.0,3.3473587665652417e-06,0.0,3.3473587665652417e-06,0.0,0.0,3.3473587665652417e-06,3.3473587665652417e-06,0.0,0.0,1.0042076299695725e-05,0.0,0.0,0.0,0.0,0.0,3.3473587665652417e-06,0.0,3.3473587665652417e-06,0.0,0.0,0.0,3.3473587665652417e-06,0.0,0.0,0.0,0.0,0.0,0.0,0.0,3.3473587665652417e-06,0.0,0.0,0.0,3.3473587665652417e-06,0.0,0.0,0.0,3.3473587665652417e-06,0.0,3.3473587665652417e-06,0.0,0.0,0.0,0.0,0.0,0.0,8.03366103975658e-05,0.0,0.0,0.0,3.3473587665652417e-06,0.0,0.0,3.3473587665652417e-06,0.0,1.0042076299695725e-05,0.0,0.0,0.0,3.3473587665652417e-06,1.0042076299695725e-05,0.0,3.3473587665652417e-06,0.0,0.0,3.3473587665652417e-06,0.0,0.0,0.0,0.0,0.0,0.0,0.0,0.0,3.3473587665652417e-06,0.0,3.3473587665652417e-06,6.694717533130483e-06,6.694717533130483e-06,3.3473587665652417e-06,3.3473587665652417e-06,0.0,0.0,3.3473587665652417e-06,3.3473587665652417e-06,0.0,3.3473587665652417e-06,6.694717533130483e-06,3.3473587665652417e-06,3.3473587665652417e-06,3.3473587665652417e-06,1.0042076299695725e-05,3.3473587665652417e-06,6.694717533130483e-06,1.0042076299695725e-05,1.3389435066260967e-05,1.0042076299695725e-05,2.008415259939145e-05,6.694717533130483e-06,2.3431511365956693e-05,6.694717533130483e-06,6.694717533130483e-06,1.673679383282621e-05,2.3431511365956693e-05,6.694717533130483e-06,1.673679383282621e-05,1.0042076299695725e-05,1.0042076299695725e-05,2.6778870132521933e-05,3.3473587665652417e-06,2.008415259939145e-05,2.008415259939145e-05,3.3473587665652417e-06,1.3389435066260967e-05,1.0042076299695725e-05,6.694717533130483e-06,1.0042076299695725e-05,3.3473587665652417e-06,6.694717533130483e-06
1.3389435066260967e-05,3.3473587665652417e-06,3.3473587665652417e-06,3.3473587665652417e-06,6.694717533130483e-06,3.3473587665652417e-06,3.3473587665652417e-06,0.0,0.0,3.3473587665652417e-06,3.3473587665652417e-06,0.0,0.0,6.694717533130483e-06,0.0,3.3473587665652417e-06,0.0,3.3473587665652417e-06,1.0042076299695725e-05,0.0,0.0,0.0,0.0,0.0,0.0,3.3473587665652417e-06,0.0,0.0,0.0,0.0,0.0,3.3473587665652417e-06,0.0,0.0,0.0,0.0,0.0,0.0,0.0,3.3473587665652417e-06,0.0,0.0,0.0,0.0,0.0,0.0,0.0,0.0,0.0,0.0,0.0,0.0,0.0,0.0,0.0,0.0,0.0,0.0,0.0,0.0,0.0,0.0,0.0,0.0,0.0,0.0,0.0,0.0,0.0,0.0,0.0,0.0,0.0,0.0,0.0,0.0,0.0,0.0,0.0,0.0,0.0,0.0,0.0,0.0,0.0,0.0,0.0,0.0,0.0,0.0,0.0,0.0,3.3473587665652417e-06,0.0,0.0,0.0,0.0,0.0,0.0,0.0,0.0,0.0,0.0,0.0,0.0,0.0,0.0,0.0,0.0,0.0,0.0,0.0,0.0,0.0,0.0,0.0,0.0,0.0,0.0,0.0,0.0,0.0,3.3473587665652417e-06,0.0,6.694717533130483e-06,0.0,3.3473587665652417e-06,0.0,0.0,3.3473587665652417e-06,0.0,0.0,3.3473587665652417e-06,0.0,0.0,0.0,3.3473587665652417e-06,0.0,0.0,0.0,0.0,0.0,0.0,0.0,0.0,0.0,0.0,0.0,0.0,0.0,0.0,0.0,0.0,0.0,0.0,0.0,0.0,0.0,0.0,0.0,0.0,0.0,0.0,0.0,0.0,0.0,0.0,0.0,0.0,0.0,0.0,0.0,0.0,0.0,0.0,0.0,0.0,0.0,3.3473587665652417e-06,0.0,3.3473587665652417e-06,0.0,0.0,0.0,0.0,0.0,0.0,0.0,0.0,0.0,0.0,0.0,0.0,0.0,0.0,0.0,3.3473587665652417e-06,0.0,0.0,0.0,0.0,0.0,0.0,0.0,0.0,0.0,6.694717533130483e-06,0.0,0.0,0.0,0.0,0.0,0.0,0.0,6.694717533130483e-06,0.0,0.0,0.0,0.0,0.0,0.0,0.0,0.0,0.0,3.3473587665652417e-06,0.0,0.0,0.0,0.0,3.3473587665652417e-06,0.0,0.0,0.0,3.3473587665652417e-06,0.0,3.3473587665652417e-06,0.0,0.0,0.0,0.0,0.0,3.3473587665652417e-06,3.3473587665652417e-06,0.0,3.3473587665652417e-06,3.3473587665652417e-06,3.3473587665652417e-06,0.0,0.0,6.694717533130483e-06,0.0,6.694717533130483e-06,1.0042076299695725e-05,0.0,0.0,0.0,0.0,0.0,0.0,3.3473587665652417e-06,0.0,6.694717533130483e-06,0.0,3.3473587665652417e-06,0.0,0.0,0.0,0.0,0.0,0.0,6.694717533130483e-06,3.3473587665652417e-06,3.3473587665652417e-06,0.0,0.0,3.3473587665652417e-06,3.3473587665652417e-06,0.0,0.0,3.3473587665652417e-06,3.3473587665652417e-06,0.0,0.0,3.3473587665652417e-06,0.0,0.0,0.0,0.0,3.3473587665652417e-06,0.0,3.3473587665652417e-06,0.0,0.0,6.694717533130483e-06,3.3473587665652417e-06,0.0,0.0,0.0,0.0,6.694717533130483e-06,6.694717533130483e-06,3.3473587665652417e-06,0.0,0.0,6.694717533130483e-06,0.0,0.0,0.0,0.0,0.0,3.3473587665652417e-06,6.694717533130483e-06,0.0,3.3473587665652417e-06,3.3473587665652417e-06,0.0,3.3473587665652417e-06,6.694717533130483e-06,3.3473587665652417e-06,0.0,0.0,0.0,0.0,6.694717533130483e-06,2.008415259939145e-05,0.0,3.3473587665652417e-06,0.0,0.0,3.3473587665652417e-06,6.694717533130483e-06,0.0,0.0,0.0,1.0042076299695725e-05,1.3389435066260967e-05,3.3473587665652417e-06,1.3389435066260967e-05,6.694717533130483e-06,1.0042076299695725e-05,6.694717533130483e-06,1.3389435066260967e-05,1.3389435066260967e-05,2.008415259939145e-05,6.694717533130483e-06,1.673679383282621e-05,2.008415259939145e-05,6.694717533130483e-06,2.6778870132521933e-05,6.694717533130483e-06,1.3389435066260967e-05,1.3389435066260967e-05,2.008415259939145e-05,1.673679383282621e-05,1.673679383282621e-05,2.3431511365956693e-05,1.0042076299695725e-05,1.0042076299695725e-05,0.0,6.694717533130483e-06
0.0,0.0,3.3473587665652417e-06,3.3473587665652417e-06,3.3473587665652417e-06,0.0,3.3473587665652417e-06,0.0,3.3473587665652417e-06,0.0,0.0,6.694717533130483e-06,0.0,3.3473587665652417e-06,6.694717533130483e-06,0.0,3.3473587665652417e-06,0.0,0.0,0.0,0.0,0.0,3.3473587665652417e-06,0.0,6.694717533130483e-06,0.0,0.0,0.0,0.0,0.0,0.0,3.3473587665652417e-06,0.0,3.3473587665652417e-06,0.0,0.0,0.0,0.0,0.0,0.0,0.0,0.0,0.0,0.0,0.0,0.0,0.0,0.0,0.0,0.0,0.0,0.0,0.0,0.0,0.0,0.0,0.0,0.0,0.0,0.0,0.0,0.0,0.0,0.0,0.0,0.0,0.0,0.0,0.0,0.0,0.0,0.0,0.0,0.0,0.0,0.0,0.0,0.0,0.0,0.0,0.0,0.0,0.0,0.0,0.0,0.0,0.0,0.0,0.0,0.0,0.0,0.0,0.0,0.0,0.0,0.0,0.0,0.0,0.0,0.0,0.0,0.0,0.0,0.0,0.0,0.0,0.0,0.0,0.0,0.0,0.0,0.0,0.0,0.0,0.0,0.0,0.0,0.0,0.0,0.0,0.0,0.0,0.0,3.3473587665652417e-06,0.0,0.0,0.0,0.0,0.0,0.0,0.0,0.0,0.0,0.0,0.0,0.0,0.0,0.0,3.3473587665652417e-06,3.3473587665652417e-06,0.0,0.0,0.0,3.3473587665652417e-06,0.0,0.0,6.694717533130483e-06,0.0,0.0,0.0,0.0,0.0,0.0,0.0,6.694717533130483e-06,0.0,0.0,0.0,0.0,0.0,0.0,0.0,0.0,0.0,3.3473587665652417e-06,0.0,0.0,0.0,6.694717533130483e-06,0.0,0.0,0.0,0.0,0.0,0.0,0.0,0.0,0.0,0.0,0.0,3.3473587665652417e-06,0.0,0.0,0.0,0.0,0.0,0.0,6.694717533130483e-06,0.0,0.0,0.0,0.0,0.0,0.0,3.3473587665652417e-06,0.0,0.0,0.0,0.0,3.3473587665652417e-06,0.0,0.0,3.3473587665652417e-06,0.0,0.0,0.0,3.3473587665652417e-06,0.0,3.3473587665652417e-06,0.0,0.0,0.0,0.0,0.0,0.0,0.0,6.694717533130483e-06,0.0,0.0,0.0,0.0,0.0,1.0042076299695725e-05,3.3473587665652417e-06,3.3473587665652417e-06,3.3473587665652417e-06,0.0,0.0,0.0,0.0,0.0,0.0,0.0,0.0,0.0,0.0,3.3473587665652417e-06,0.0,0.0,0.0,0.0,0.0,0.0,0.0,0.0,0.0,0.0,0.0,0.0,0.0,0.0,6.694717533130483e-06,0.0,0.0,3.3473587665652417e-06,0.0,1.0042076299695725e-05,0.0,3.3473587665652417e-06,6.694717533130483e-06,0.0,3.3473587665652417e-06,3.3473587665652417e-06,0.0,0.0,0.0,0.0,3.3473587665652417e-06,0.0,0.0,0.0,3.3473587665652417e-06,3.3473587665652417e-06,3.3473587665652417e-06,0.0,3.3473587665652417e-06,3.3473587665652417e-06,6.694717533130483e-06,3.3473587665652417e-06,3.3473587665652417e-06,0.0,0.0,6.694717533130483e-06,0.0,0.0,1.3389435066260967e-05,0.0,0.0,0.0,0.0,0.0,0.0,0.0,0.0,0.0,0.0,0.0,3.3473587665652417e-06,0.0,6.694717533130483e-06,0.0,0.0,3.3473587665652417e-06,0.0,6.694717533130483e-06,0.0,0.0,0.0,3.3473587665652417e-06,0.0,0.0,1.3389435066260967e-05,3.3473587665652417e-06,6.694717533130483e-06,0.0,3.3473587665652417e-06,0.0,6.694717533130483e-06,0.0,1.0042076299695725e-05,0.0,3.3473587665652417e-06,3.3473587665652417e-06,6.694717533130483e-06,6.694717533130483e-06,0.0,6.694717533130483e-06,2.008415259939145e-05,0.0,3.3473587665652417e-06,1.0042076299695725e-05,3.3473587665652417e-06,6.694717533130483e-06,3.3473587665652417e-06,3.3473587665652417e-06,6.694717533130483e-06,1.0042076299695725e-05,1.0042076299695725e-05,1.0042076299695725e-05,6.694717533130483e-06,7.029453409787007e-05,1.673679383282621e-05,2.3431511365956693e-05,1.3389435066260967e-05,1.0042076299695725e-05,1.0042076299695725e-05,6.694717533130483e-06,2.008415259939145e-05,3.3473587665652417e-06,1.3389435066260967e-05,2.008415259939145e-05,2.3431511365956693e-05,0.0,1.673679383282621e-05,6.694717533130483e-06,1.3389435066260967e-05,2.3431511365956693e-05,1.3389435066260967e-05,1.3389435066260967e-05,2.3431511365956693e-05
3.3473587665652417e-06,3.3473587665652417e-06,6.694717533130483e-06,1.3389435066260967e-05,0.0,3.3473587665652417e-06,0.0,3.3473587665652417e-06,1.673679383282621e-05,3.3473587665652417e-06,3.3473587665652417e-06,2.3431511365956693e-05,6.694717533130483e-06,0.0,3.3473587665652417e-06,3.3473587665652417e-06,0.0,0.0,0.0,3.3473587665652417e-06,3.3473587665652417e-06,0.0,0.0,0.0,0.0,0.0,0.0,0.0,0.0,0.0,0.0,0.0,0.0,0.0,0.0,3.3473587665652417e-06,0.0,0.0,0.0,0.0,0.0,0.0,0.0,0.0,0.0,0.0,0.0,0.0,0.0,0.0,0.0,0.0,0.0,0.0,0.0,0.0,0.0,0.0,0.0,0.0,0.0,0.0,0.0,0.0,0.0,0.0,0.0,0.0,0.0,0.0,0.0,0.0,0.0,0.0,0.0,0.0,0.0,0.0,0.0,0.0,3.3473587665652417e-06,0.0,0.0,0.0,0.0,0.0,0.0,0.0,0.0,3.3473587665652417e-06,3.3473587665652417e-06,3.3473587665652417e-06,0.0,0.0,0.0,0.0,0.0,0.0,0.0,0.0,0.0,0.0,0.0,0.0,0.0,0.0,0.0,0.0,6.694717533130483e-06,0.0,0.0,0.0,0.0,0.0,0.0,0.0,0.0,0.0,0.0,3.3473587665652417e-06,3.3473587665652417e-06,0.0,6.694717533130483e-06,3.3473587665652417e-06,0.0,0.0,0.0,0.0,0.0,0.0,0.0,0.0,0.0,3.3473587665652417e-06,0.0,0.0,0.0,0.0,0.0,0.0,0.0,0.0,0.0,0.0,0.0,0.0,3.3473587665652417e-06,6.694717533130483e-06,0.0,0.0,0.0,0.0,0.0,0.0,0.0,3.3473587665652417e-06,3.3473587665652417e-06,0.0,0.0,0.0,0.0,0.0,0.0,3.3473587665652417e-06,0.0,0.0,0.0,0.0,0.0,0.0,0.0,0.0,0.0,0.0,3.3473587665652417e-06,0.0,0.0,0.0,0.0,0.0,0.0,0.0,0.0,0.0,0.0,0.0,0.0,0.0,0.0,0.0,3.3473587665652417e-06,0.0,0.0,0.0,0.0,0.0,0.0,0.0,0.0,0.0,0.0,0.0,0.0,0.0,0.0,0.0,0.0,0.0,0.0,0.0,0.0,0.0,3.3473587665652417e-06,1.0042076299695725e-05,0.0,0.0,3.3473587665652417e-06,0.0,3.3473587665652417e-06,0.0,0.0,0.0,3.3473587665652417e-06,0.0,3.3473587665652417e-06,0.0,0.0,0.0,0.0,0.0,0.0,0.0,3.3473587665652417e-06,0.0,0.0,0.0,3.3473587665652417e-06,0.0,0.0,0.0,0.0,3.3473587665652417e-06,0.0,0.0,0.0,3.3473587665652417e-06,0.0,0.0,0.0,0.0,3.3473587665652417e-06,0.0,0.0,0.0,6.694717533130483e-06,0.0,0.0,0.0,6.694717533130483e-06,3.3473587665652417e-06,0.0,6.694717533130483e-06,6.694717533130483e-06,6.694717533130483e-06,0.0,0.0,0.0,0.0,0.0,0.0,0.0,0.0,0.0,3.3473587665652417e-06,0.0,0.0,0.0,3.3473587665652417e-06,3.3473587665652417e-06,3.3473587665652417e-06,3.3473587665652417e-06,3.3473587665652417e-06,3.3473587665652417e-06,6.694717533130483e-06,3.3473587665652417e-06,3.3473587665652417e-06,0.0,3.3473587665652417e-06,3.3473587665652417e-06,0.0,0.0,0.0,3.3473587665652417e-06,0.0,0.0,1.3389435066260967e-05,0.0,0.0,0.0,0.0,0.0,0.0,0.0,0.0,0.0,0.0,6.694717533130483e-06,0.0,3.3473587665652417e-06,3.3473587665652417e-06,3.3473587665652417e-06,6.694717533130483e-06,3.3473587665652417e-06,6.694717533130483e-06,3.3473587665652417e-06,1.0042076299695725e-05,6.694717533130483e-06,3.3473587665652417e-06,3.3473587665652417e-06,6.694717533130483e-06,3.3473587665652417e-06,3.3473587665652417e-06,3.3473587665652417e-06,0.0,6.694717533130483e-06,1.673679383282621e-05,0.0,1.3389435066260967e-05,0.0,1.3389435066260967e-05,0.0,3.3473587665652417e-06,6.694717533130483e-06,3.3473587665652417e-06,6.694717533130483e-06,6.694717533130483e-06,2.008415259939145e-05,1.3389435066260967e-05,1.673679383282621e-05,1.0042076299695725e-05,2.008415259939145e-05,6.694717533130483e-06,2.008415259939145e-05,1.673679383282621e-05,6.694717533130483e-06,1.673679383282621e-05,1.673679383282621e-05,2.3431511365956693e-05,1.673679383282621e-05,1.3389435066260967e-05,2.3431511365956693e-05,1.0042076299695725e-05,2.3431511365956693e-05,2.008415259939145e-05,2.008415259939145e-05,1.0042076299695725e-05,1.0042076299695725e-05,3.3473587665652417e-06,1.3389435066260967e-05,6.694717533130483e-06
6.694717533130483e-06,3.3473587665652417e-06,1.0042076299695725e-05,0.0,0.0,0.0,3.3473587665652417e-06,1.0042076299695725e-05,6.694717533130483e-06,1.0042076299695725e-05,3.3473587665652417e-06,0.0,0.0,3.3473587665652417e-06,6.694717533130483e-06,0.0,0.0,0.0,0.0,3.3473587665652417e-06,0.0,0.0,3.3473587665652417e-06,0.0,3.3473587665652417e-06,3.3473587665652417e-06,3.3473587665652417e-06,0.0,0.0,0.0,0.0,0.0,0.0,0.0,0.0,3.3473587665652417e-06,0.0,0.0,0.0,0.0,0.0,0.0,0.0,0.0,0.0,0.0,0.0,0.0,0.0,0.0,0.0,0.0,0.0,0.0,0.0,0.0,0.0,0.0,0.0,0.0,0.0,0.0,0.0,0.0,0.0,0.0,0.0,0.0,0.0,0.0,0.0,0.0,0.0,0.0,0.0,0.0,0.0,0.0,0.0,0.0,0.0,0.0,0.0,0.0,0.0,0.0,0.0,0.0,0.0,0.0,0.0,0.0,0.0,0.0,0.0,0.0,0.0,0.0,0.0,0.0,0.0,0.0,0.0,0.0,0.0,0.0,0.0,0.0,0.0,0.0,0.0,0.0,0.0,0.0,0.0,0.0,0.0,0.0,0.0,0.0,0.0,0.0,0.0,0.0,0.0,0.0,0.0,0.0,0.0,0.0,3.3473587665652417e-06,0.0,0.0,0.0,0.0,0.0,0.0,3.3473587665652417e-06,0.0,0.0,0.0,0.0,0.0,0.0,0.0,0.0,0.0,0.0,0.0,0.0,3.3473587665652417e-06,0.0,0.0,0.0,0.0,0.0,0.0,0.0,0.0,0.0,0.0,0.0,0.0,0.0,0.0,0.0,0.0,3.3473587665652417e-06,0.0,0.0,0.0,0.0,0.0,0.0,0.0,0.0,0.0,0.0,0.0,0.0,0.0,0.0,3.3473587665652417e-06,0.0,0.0,3.3473587665652417e-06,0.0,0.0,3.3473587665652417e-06,0.0,0.0,3.3473587665652417e-06,0.0,0.0,0.0,1.3389435066260967e-05,0.0,0.0,0.0,0.0,0.0,0.0,0.0,0.0,0.0,0.0,6.694717533130483e-06,0.0,0.0,0.0,0.0,0.0,0.0,0.0,3.3473587665652417e-06,6.694717533130483e-06,0.0,0.0,0.0,0.0,0.0,0.0,0.0,0.0,0.0,0.0,0.0,3.3473587665652417e-06,0.0,0.0,0.0,0.0,0.0,3.3473587665652417e-06,0.0,3.3473587665652417e-06,0.0,0.0,0.0,6.694717533130483e-06,0.0,0.0,3.3473587665652417e-06,3.3473587665652417e-06,0.0,0.0,0.0,0.0,0.0,3.3473587665652417e-06,0.0,6.694717533130483e-06,0.0,0.0,0.0,0.0,0.0,0.0,0.0,0.0,0.0,3.3473587665652417e-06,0.0,6.694717533130483e-06,3.3473587665652417e-06,3.3473587665652417e-06,3.3473587665652417e-06,3.3473587665652417e-06,6.694717533130483e-06,0.0,0.0,6.694717533130483e-06,3.3473587665652417e-06,3.3473587665652417e-06,0.0,1.0042076299695725e-05,3.3473587665652417e-06,0.0,0.0,6.694717533130483e-06,0.0,3.3473587665652417e-06,0.0,3.3473587665652417e-06,0.0,3.3473587665652417e-06,0.0,0.0,3.3473587665652417e-06,3.3473587665652417e-06,0.0,6.694717533130483e-06,0.0,0.0,6.694717533130483e-06,3.3473587665652417e-06,0.0,0.0,0.0,0.0,3.3473587665652417e-06,0.0,3.3473587665652417e-06,3.3473587665652417e-06,0.0,3.3473587665652417e-06,0.0,0.0,6.694717533130483e-06,1.0042076299695725e-05,1.0042076299695725e-05,3.3473587665652417e-06,3.3473587665652417e-06,0.0,0.0,0.0,6.694717533130483e-06,3.3473587665652417e-06,1.3389435066260967e-05,3.3473587665652417e-06,1.0042076299695725e-05,6.694717533130483e-06,1.673679383282621e-05,0.0,0.0,0.0,6.694717533130483e-06,1.3389435066260967e-05,0.0,3.3473587665652417e-06,1.673679383282621e-05,1.0042076299695725e-05,0.0,3.3473587665652417e-06,3.3473587665652417e-06,3.0126228899087174e-05,2.6778870132521933e-05,2.008415259939145e-05,6.694717533130483e-06,1.3389435066260967e-05,2.3431511365956693e-05,2.3431511365956693e-05,3.0126228899087174e-05,2.008415259939145e-05,2.008415259939145e-05,1.673679383282621e-05,2.6778870132521933e-05,1.673679383282621e-05,2.3431511365956693e-05,1.3389435066260967e-05,1.0042076299695725e-05,1.673679383282621e-05,2.008415259939145e-05,2.008415259939145e-05,2.3431511365956693e-05,1.3389435066260967e-05,2.3431511365956693e-05,3.3473587665652417e-06,1.673679383282621e-05,1.3389435066260967e-05
3.3473587665652417e-06,6.694717533130483e-06,3.3473587665652417e-06,1.673679383282621e-05,0.0,1.673679383282621e-05,6.694717533130483e-06,3.3473587665652417e-06,0.0,6.694717533130483e-06,0.0,0.0,1.3389435066260967e-05,3.3473587665652417e-06,3.3473587665652417e-06,0.0,3.3473587665652417e-06,0.0,0.0,0.0,0.0,0.0,0.0,0.0,0.0,3.3473587665652417e-06,0.0,0.0,0.0,0.0,3.3473587665652417e-06,0.0,0.0,0.0,0.0,0.0,0.0,0.0,0.0,0.0,0.0,0.0,0.0,0.0,0.0,3.3473587665652417e-06,0.0,0.0,0.0,0.0,0.0,0.0,0.0,0.0,0.0,0.0,0.0,0.0,0.0,0.0,0.0,0.0,0.0,0.0,0.0,0.0,0.0,0.0,0.0,0.0,0.0,0.0,0.0,0.0,0.0,0.0,0.0,0.0,0.0,0.0,0.0,0.0,0.0,0.0,0.0,0.0,0.0,0.0,0.0,0.0,3.3473587665652417e-06,0.0,0.0,0.0,3.3473587665652417e-06,0.0,0.0,0.0,0.0,0.0,0.0,0.0,0.0,0.0,0.0,0.0,0.0,0.0,0.0,0.0,0.0,0.0,0.0,0.0,0.0,3.3473587665652417e-06,0.0,0.0,0.0,0.0,0.0,0.0,0.0,0.0,0.0,0.0,0.0,0.0,3.3473587665652417e-06,0.0,0.0,0.0,0.0,3.3473587665652417e-06,0.0,0.0,3.3473587665652417e-06,0.0,0.0,0.0,0.0,0.0,0.0,0.0,0.0,0.0,0.0,0.0,0.0,3.3473587665652417e-06,0.0,0.0,0.0,0.0,0.0,0.0,0.0,0.0,0.0,0.0,0.0,0.0,0.0,0.0,0.0,0.0,0.0,0.0,0.0,0.0,0.0,0.0,0.0,0.0,0.0,0.0,0.0,3.3473587665652417e-06,0.0,0.0,0.0,0.0,0.0,0.0,0.0,0.0,0.0,3.3473587665652417e-06,3.3473587665652417e-06,0.0,3.3473587665652417e-06,0.0,0.0,0.0,0.0,0.0,0.0,0.0,0.0,0.0,0.0,3.3473587665652417e-06,0.0,0.0,3.3473587665652417e-06,3.3473587665652417e-06,0.0,0.0,0.0,0.0,0.0,3.3473587665652417e-06,0.0,0.0,3.3473587665652417e-06,0.0,0.0,0.0,3.3473587665652417e-06,0.0,3.3473587665652417e-06,0.0,0.0,3.3473587665652417e-06,0.0,0.0,0.0,0.0,0.0,0.0,3.3473587665652417e-06,0.0,3.3473587665652417e-06,3.3473587665652417e-06,3.3473587665652417e-06,0.0,0.0,0.0,3.3473587665652417e-06,0.0,3.3473587665652417e-06,0.0,0.0,0.0,0.0,0.0,0.0,3.3473587665652417e-06,3.3473587665652417e-06,6.694717533130483e-06,1.0042076299695725e-05,0.0,0.0,6.694717533130483e-06,6.694717533130483e-06,6.694717533130483e-06,0.0,0.0,0.0,3.3473587665652417e-06,3.3473587665652417e-06,0.0,0.0,0.0,0.0,0.0,0.0,0.0,3.3473587665652417e-06,6.694717533130483e-06,0.0,3.3473587665652417e-06,3.3473587665652417e-06,0.0,0.0,3.3473587665652417e-06,0.0,6.694717533130483e-06,0.0,3.3473587665652417e-06,0.0,6.694717533130483e-06,0.0,6.694717533130483e-06,3.3473587665652417e-06,0.0,0.0,0.0,0.0,0.0,0.0,6.694717533130483e-06,0.0,1.3389435066260967e-05,0.0,6.694717533130483e-06,6.694717533130483e-06,3.3473587665652417e-06,0.0,3.3473587665652417e-06,0.0,0.0,3.3473587665652417e-06,0.0,3.3473587665652417e-06,3.3473587665652417e-06,0.0,6.694717533130483e-06,3.3473587665652417e-06,0.0,6.694717533130483e-06,0.0,1.0042076299695725e-05,0.0,3.3473587665652417e-06,3.3473587665652417e-06,0.0,6.694717533130483e-06,0.0,3.3473587665652417e-06,6.694717533130483e-06,0.0,6.694717533130483e-06,1.3389435066260967e-05,6.694717533130483e-06,6.694717533130483e-06,3.3473587665652417e-06,6.694717533130483e-06,0.0,6.694717533130483e-06,1.0042076299695725e-05,1.3389435066260967e-05,0.0,1.0042076299695725e-05,1.3389435066260967e-05,1.0042076299695725e-05,1.673679383282621e-05,2.008415259939145e-05,3.3473587665652417e-06,1.0042076299695725e-05,3.3473587665652417e-06,2.3431511365956693e-05,2.6778870132521933e-05,1.3389435066260967e-05,2.008415259939145e-05,1.673679383282621e-05,1.673679383282621e-05,1.3389435066260967e-05,1.673679383282621e-05,1.3389435066260967e-05,3.0126228899087174e-05,6.694717533130483e-06,1.0042076299695725e-05,1.673679383282621e-05,1.0042076299695725e-05,3.3473587665652417e-06,2.3431511365956693e-05,1.3389435066260967e-05,3.0126228899087174e-05,1.0042076299695725e-05
6.694717533130483e-06,3.347358766565242e-05,6.694717533130483e-06,1.0042076299695725e-05,3.3473587665652417e-06,6.694717533130483e-06,6.694717533130483e-06,0.0,0.0,3.3473587665652417e-06,0.0,1.0042076299695725e-05,0.0,3.3473587665652417e-06,0.0,3.3473587665652417e-06,0.0,0.0,6.694717533130483e-06,0.0,0.0,0.0,0.0,0.0,6.694717533130483e-06,0.0,0.0,0.0,0.0,0.0,0.0,3.3473587665652417e-06,6.694717533130483e-06,0.0,3.3473587665652417e-06,0.0,0.0,0.0,0.0,0.0,0.0,0.0,0.0,0.0,0.0,0.0,0.0,0.0,0.0,0.0,0.0,3.3473587665652417e-06,0.0,0.0,0.0,0.0,0.0,0.0,0.0,0.0,0.0,0.0,0.0,0.0,0.0,0.0,0.0,0.0,0.0,0.0,0.0,0.0,0.0,0.0,0.0,0.0,0.0,0.0,0.0,0.0,0.0,0.0,0.0,0.0,0.0,0.0,0.0,0.0,0.0,0.0,3.3473587665652417e-06,0.0,0.0,0.0,0.0,0.0,6.694717533130483e-06,0.0,0.0,0.0,0.0,0.0,0.0,0.0,0.0,0.0,0.0,0.0,0.0,0.0,0.0,0.0,3.3473587665652417e-06,3.3473587665652417e-06,0.0,0.0,3.3473587665652417e-06,3.3473587665652417e-06,0.0,0.0,3.3473587665652417e-06,0.0,0.0,0.0,0.0,0.0,0.0,6.694717533130483e-06,0.0,0.0,0.0,0.0,0.0,0.0,0.0,0.0,0.0,0.0,0.0,0.0,0.0,3.3473587665652417e-06,0.0,0.0,0.0,0.0,0.0,3.3473587665652417e-06,0.0,0.0,0.0,0.0,0.0,0.0,0.0,6.694717533130483e-06,0.0,0.0,0.0,3.3473587665652417e-06,0.0,0.0,0.0,0.0,3.3473587665652417e-06,3.3473587665652417e-06,0.0,0.0,0.0,0.0,0.0,0.0,0.0,0.0,0.0,0.0,0.0,3.3473587665652417e-06,0.0,0.0,0.0,0.0,0.0,0.0,3.3473587665652417e-06,0.0,0.0,0.0,0.0,0.0,3.3473587665652417e-06,0.0,0.0,0.0,0.0,0.0,0.0,0.0,0.0,0.0,0.0,0.0,0.0,0.0,0.0,3.3473587665652417e-06,0.0,0.0,0.0,3.3473587665652417e-06,3.3473587665652417e-06,0.0,0.0,0.0,3.3473587665652417e-06,0.0,0.0,3.3473587665652417e-06,0.0,0.0,3.3473587665652417e-06,3.3473587665652417e-06,0.0,0.0,3.3473587665652417e-06,0.0,3.3473587665652417e-06,0.0,0.0,0.0,0.0,0.0,0.0,0.0,0.0,0.0,3.3473587665652417e-06,0.0,0.0,0.0,0.0,0.0,0.0,6.694717533130483e-06,0.0,0.0,0.0,0.0,0.0,3.3473587665652417e-06,3.3473587665652417e-06,0.0,0.0,3.3473587665652417e-06,0.0,0.0,0.0,3.3473587665652417e-06,3.3473587665652417e-06,3.3473587665652417e-06,0.0,0.0,1.0042076299695725e-05,0.0,0.0,0.0,3.3473587665652417e-06,3.3473587665652417e-06,3.3473587665652417e-06,6.694717533130483e-06,0.0,6.694717533130483e-06,0.0,3.3473587665652417e-06,0.0,6.694717533130483e-06,2.008415259939145e-05,0.0,0.0,0.0,0.0,0.0,1.0042076299695725e-05,0.0,1.0042076299695725e-05,3.3473587665652417e-06,0.0,0.0,6.694717533130483e-06,3.3473587665652417e-06,0.0,1.0042076299695725e-05,0.0,3.3473587665652417e-06,1.3389435066260967e-05,3.3473587665652417e-06,0.0,1.3389435066260967e-05,0.0,0.0,0.0,0.0,0.0,0.0,0.0,3.3473587665652417e-06,3.3473587665652417e-06,3.3473587665652417e-06,0.0,3.3473587665652417e-06,0.0,1.0042076299695725e-05,0.0,3.3473587665652417e-06,3.3473587665652417e-06,6.694717533130483e-06,0.0,3.3473587665652417e-06,2.6778870132521933e-05,0.0,0.0,3.3473587665652417e-06,3.3473587665652417e-06,1.3389435066260967e-05,6.694717533130483e-06,6.694717533130483e-06,1.0042076299695725e-05,1.3389435066260967e-05,1.0042076299695725e-05,3.3473587665652417e-06,2.3431511365956693e-05,6.694717533130483e-06,0.0,1.0042076299695725e-05,3.3473587665652417e-06,1.673679383282621e-05,2.008415259939145e-05,2.008415259939145e-05,2.3431511365956693e-05,3.0126228899087174e-05,3.347358766565242e-05,2.6778870132521933e-05,2.008415259939145e-05,1.0042076299695725e-05,3.347358766565242e-05,2.008415259939145e-05,2.3431511365956693e-05,3.3473587665652417e-06,1.3389435066260967e-05,6.694717533130483e-06,2.3431511365956693e-05,1.3389435066260967e-05,0.0,6.694717533130483e-06,6.694717533130483e-06,2.008415259939145e-05,1.3389435066260967e-05,3.3473587665652417e-06,2.6778870132521933e-05,6.694717533130483e-06
2.008415259939145e-05,2.6778870132521933e-05,6.694717533130483e-06,1.3389435066260967e-05,1.673679383282621e-05,3.3473587665652417e-06,1.0042076299695725e-05,1.0042076299695725e-05,1.0042076299695725e-05,6.694717533130483e-06,3.3473587665652417e-06,3.3473587665652417e-06,6.694717533130483e-06,6.694717533130483e-06,3.3473587665652417e-06,3.3473587665652417e-06,1.0042076299695725e-05,3.3473587665652417e-06,0.0,1.0042076299695725e-05,0.0,0.0,3.3473587665652417e-06,0.0,3.3473587665652417e-06,0.0,0.0,0.0,0.0,3.3473587665652417e-06,0.0,3.3473587665652417e-06,0.0,3.3473587665652417e-06,0.0,3.3473587665652417e-06,0.0,0.0,0.0,0.0,0.0,0.0,0.0,0.0,0.0,0.0,0.0,0.0,0.0,0.0,0.0,0.0,0.0,0.0,0.0,0.0,0.0,0.0,0.0,0.0,0.0,0.0,0.0,0.0,0.0,0.0,0.0,0.0,0.0,0.0,0.0,0.0,0.0,0.0,0.0,0.0,0.0,3.3473587665652417e-06,0.0,0.0,0.0,0.0,0.0,0.0,0.0,0.0,0.0,0.0,0.0,0.0,0.0,3.3473587665652417e-06,0.0,0.0,0.0,0.0,0.0,0.0,0.0,0.0,0.0,0.0,0.0,0.0,0.0,0.0,0.0,0.0,0.0,0.0,0.0,0.0,0.0,0.0,0.0,0.0,0.0,0.0,0.0,0.0,0.0,0.0,0.0,0.0,0.0,0.0,0.0,0.0,0.0,3.3473587665652417e-06,0.0,0.0,0.0,0.0,0.0,3.3473587665652417e-06,0.0,3.3473587665652417e-06,0.0,0.0,0.0,3.3473587665652417e-06,0.0,0.0,0.0,0.0,0.0,3.3473587665652417e-06,0.0,0.0,0.0,0.0,0.0,0.0,0.0,0.0,3.3473587665652417e-06,0.0,0.0,3.3473587665652417e-06,0.0,0.0,3.3473587665652417e-06,0.0,0.0,0.0,0.0,6.694717533130483e-06,0.0,0.0,0.0,0.0,0.0,0.0,0.0,0.0,0.0,0.0,0.0,0.0,0.0,0.0,0.0,0.0,0.0,0.0,0.0,3.3473587665652417e-06,6.694717533130483e-06,0.0,0.0,0.0,0.0,0.0,3.3473587665652417e-06,0.0,0.0,0.0,0.0,0.0,3.3473587665652417e-06,0.0,0.0,0.0,0.0,0.0,0.0,3.3473587665652417e-06,0.0,0.0,0.0,3.3473587665652417e-06,0.0,0.0,3.3473587665652417e-06,3.3473587665652417e-06,0.0,6.694717533130483e-06,0.0,0.0,0.0,0.0,0.0,0.0,0.0,6.694717533130483e-06,6.694717533130483e-06,3.3473587665652417e-06,0.0,0.0,3.3473587665652417e-06,0.0,0.0,0.0,0.0,0.0,0.0,0.0,0.0,0.0,3.3473587665652417e-06,0.0,0.0,0.0,0.0,0.0,0.0,0.0,0.0,6.694717533130483e-06,6.694717533130483e-06,0.0,0.0,3.3473587665652417e-06,0.0,0.0,3.3473587665652417e-06,3.3473587665652417e-06,0.0,1.0042076299695725e-05,0.0,0.0,0.0,0.0,3.3473587665652417e-06,1.0042076299695725e-05,0.0,3.3473587665652417e-06,3.3473587665652417e-06,1.3389435066260967e-05,0.0,6.694717533130483e-06,6.694717533130483e-06,0.0,0.0,3.3473587665652417e-06,3.3473587665652417e-06,3.3473587665652417e-06,1.3389435066260967e-05,6.694717533130483e-06,0.0,0.0,1.0042076299695725e-05,3.3473587665652417e-06,1.0042076299695725e-05,2.008415259939145e-05,3.3473587665652417e-06,0.0,3.3473587665652417e-06,3.3473587665652417e-06,0.0,3.3473587665652417e-06,3.3473587665652417e-06,3.3473587665652417e-06,0.0,3.3473587665652417e-06,3.3473587665652417e-06,0.0,0.0,3.3473587665652417e-06,3.3473587665652417e-06,1.0042076299695725e-05,0.0,0.0,3.3473587665652417e-06,0.0,3.3473587665652417e-06,3.3473587665652417e-06,3.3473587665652417e-06,3.3473587665652417e-06,3.3473587665652417e-06,3.3473587665652417e-06,3.3473587665652417e-06,1.3389435066260967e-05,3.3473587665652417e-06,3.3473587665652417e-06,3.3473587665652417e-06,6.694717533130483e-06,3.3473587665652417e-06,1.0042076299695725e-05,6.694717533130483e-06,1.0042076299695725e-05,2.6778870132521933e-05,1.3389435066260967e-05,1.0042076299695725e-05,6.694717533130483e-06,1.0042076299695725e-05,2.008415259939145e-05,2.008415259939145e-05,3.3473587665652417e-06,1.3389435066260967e-05,6.694717533130483e-06,6.694717533130483e-06,1.0042076299695725e-05,2.008415259939145e-05,6.694717533130483e-06,1.673679383282621e-05,2.6778870132521933e-05,3.0126228899087174e-05,2.6778870132521933e-05,2.008415259939145e-05,1.0042076299695725e-05,2.008415259939145e-05,2.3431511365956693e-05,1.0042076299695725e-05,3.347358766565242e-05,0.00011046283929665297,2.008415259939145e-05,3.3473587665652417e-06,1.3389435066260967e-05,1.673679383282621e-05,1.673679383282621e-05,3.3473587665652417e-06,3.3473587665652417e-06,3.3473587665652417e-06,2.008415259939145e-05,0.0,6.694717533130483e-06,2.008415259939145e-05,3.0126228899087174e-05
3.3473587665652417e-06,1.0042076299695725e-05,1.0042076299695725e-05,1.673679383282621e-05,0.0,3.3473587665652417e-06,6.694717533130483e-06,0.0,6.694717533130483e-06,3.3473587665652417e-06,0.0,3.3473587665652417e-06,3.3473587665652417e-06,0.0,6.694717533130483e-06,1.0042076299695725e-05,1.3389435066260967e-05,6.694717533130483e-06,3.3473587665652417e-06,0.0,6.694717533130483e-06,0.0,0.0,3.3473587665652417e-06,0.0,0.0,0.0,3.3473587665652417e-06,0.0,0.0,0.0,3.3473587665652417e-06,0.0,0.0,3.3473587665652417e-06,0.0,0.0,0.0,0.0,0.0,0.0,0.0,0.0,0.0,0.0,0.0,0.0,0.0,0.0,0.0,0.0,0.0,0.0,0.0,0.0,0.0,0.0,0.0,0.0,0.0,0.0,0.0,0.0,0.0,0.0,0.0,0.0,0.0,0.0,0.0,0.0,0.0,0.0,0.0,0.0,0.0,0.0,0.0,0.0,0.0,0.0,0.0,0.0,0.0,0.0,0.0,0.0,0.0,0.0,3.3473587665652417e-06,0.0,3.3473587665652417e-06,0.0,0.0,0.0,0.0,0.0,0.0,0.0,0.0,0.0,0.0,0.0,0.0,6.694717533130483e-06,3.3473587665652417e-06,0.0,0.0,0.0,0.0,0.0,0.0,0.0,0.0,0.0,0.0,0.0,0.0,0.0,0.0,0.0,0.0,0.0,0.0,0.0,0.0,0.0,0.0,6.694717533130483e-06,0.0,0.0,0.0,0.0,3.3473587665652417e-06,0.0,0.0,0.0,0.0,0.0,0.0,0.0,0.0,3.3473587665652417e-06,0.0,0.0,0.0,0.0,0.0,0.0,0.0,0.0,0.0,0.0,3.3473587665652417e-06,0.0,0.0,6.694717533130483e-06,0.0,3.3473587665652417e-06,0.0,0.0,0.0,0.0,0.0,0.0,6.694717533130483e-06,0.0,0.0,3.3473587665652417e-06,0.0,0.0,0.0,0.0,0.0,0.0,0.0,0.0,0.0,0.0,0.0,0.0,0.0,3.3473587665652417e-06,0.0,3.3473587665652417e-06,0.0,0.0,0.0,0.0,0.0,0.0,0.0,0.0,6.694717533130483e-06,0.0,0.0,0.0,0.0,6.694717533130483e-06,0.0,0.0,0.0,0.0,0.0,0.0,0.0,0.0,0.0,0.0,0.0,0.0,0.0,6.694717533130483e-06,0.0,0.0,0.0,3.3473587665652417e-06,6.694717533130483e-06,3.3473587665652417e-06,0.0,3.3473587665652417e-06,0.0,0.0,0.0,3.3473587665652417e-06,3.3473587665652417e-06,0.0,0.0,0.0,0.0,0.0,0.0,0.0,0.0,0.0,0.0,0.0,0.0,0.0,0.0,0.0,0.0,0.0,0.0,0.0,3.3473587665652417e-06,3.3473587665652417e-06,3.3473587665652417e-06,6.694717533130483e-06,0.0,1.3389435066260967e-05,3.3473587665652417e-06,3.3473587665652417e-06,3.3473587665652417e-06,0.0,0.0,0.0,3.3473587665652417e-06,0.0,0.0,3.3473587665652417e-06,3.3473587665652417e-06,0.0,0.0,0.0,0.0,0.0,0.0,1.0042076299695725e-05,6.694717533130483e-06,0.0,0.0,3.3473587665652417e-06,0.0,1.0042076299695725e-05,3.3473587665652417e-06,3.3473587665652417e-06,0.0,3.3473587665652417e-06,1.0042076299695725e-05,1.0042076299695725e-05,0.0,0.0,1.0042076299695725e-05,3.3473587665652417e-06,1.0042076299695725e-05,0.0,0.0,0.0,0.0,6.694717533130483e-06,3.3473587665652417e-06,6.694717533130483e-06,3.3473587665652417e-06,0.0,0.0,6.694717533130483e-06,6.694717533130483e-06,3.3473587665652417e-06,0.0,0.0,3.3473587665652417e-06,3.3473587665652417e-06,1.0042076299695725e-05,0.0,3.3473587665652417e-06,6.694717533130483e-06,1.3389435066260967e-05,0.0,0.0,6.694717533130483e-06,1.673679383282621e-05,0.0,6.694717533130483e-06,1.0042076299695725e-05,0.0,3.3473587665652417e-06,3.3473587665652417e-06,2.008415259939145e-05,1.0042076299695725e-05,1.3389435066260967e-05,6.694717533130483e-06,6.694717533130483e-06,1.3389435066260967e-05,1.3389435066260967e-05,6.694717533130483e-06,6.694717533130483e-06,1.0042076299695725e-05,1.0042076299695725e-05,6.694717533130483e-06,1.673679383282621e-05,1.0042076299695725e-05,3.3473587665652417e-06,6.694717533130483e-06,3.3473587665652417e-06,1.673679383282621e-05,4.01683051987829e-05,2.008415259939145e-05,2.008415259939145e-05,1.0042076299695725e-05,6.694717533130483e-06,2.3431511365956693e-05,2.3431511365956693e-05,4.01683051987829e-05,2.008415259939145e-05,1.0042076299695725e-05,6.694717533130483e-06,2.6778870132521933e-05,1.0042076299695725e-05,6.694717533130483e-06,2.6778870132521933e-05,1.673679383282621e-05,2.008415259939145e-05,3.3473587665652417e-06,1.3389435066260967e-05,1.0042076299695725e-05,3.3473587665652417e-06,6.694717533130483e-06,0.0,1.3389435066260967e-05
3.347358766565242e-05,1.3389435066260967e-05,1.0042076299695725e-05,2.008415259939145e-05,3.3473587665652417e-06,3.3473587665652417e-06,3.3473587665652417e-06,2.008415259939145e-05,0.0,0.0,3.3473587665652417e-06,0.0,1.0042076299695725e-05,0.0,1.0042076299695725e-05,1.0042076299695725e-05,0.0,0.0,0.0,0.0,6.694717533130483e-06,0.0,3.3473587665652417e-06,0.0,0.0,3.3473587665652417e-06,0.0,0.0,0.0,0.0,0.0,6.694717533130483e-06,0.0,0.0,0.0,0.0,0.0,3.3473587665652417e-06,3.3473587665652417e-06,0.0,0.0,0.0,0.0,0.0,0.0,0.0,0.0,0.0,0.0,0.0,0.0,0.0,0.0,0.0,0.0,0.0,0.0,0.0,0.0,0.0,0.0,0.0,0.0,0.0,0.0,0.0,0.0,0.0,0.0,0.0,0.0,0.0,0.0,0.0,0.0,0.0,0.0,0.0,0.0,0.0,0.0,0.0,0.0,0.0,0.0,0.0,0.0,3.3473587665652417e-06,0.0,0.0,0.0,0.0,0.0,0.0,0.0,0.0,0.0,0.0,0.0,0.0,0.0,0.0,0.0,0.0,0.0,0.0,6.694717533130483e-06,0.0,0.0,0.0,0.0,0.0,0.0,0.0,3.3473587665652417e-06,0.0,3.3473587665652417e-06,0.0,0.0,0.0,0.0,3.3473587665652417e-06,0.0,0.0,1.3389435066260967e-05,3.3473587665652417e-06,0.0,0.0,0.0,0.0,0.0,0.0,0.0,0.0,0.0,0.0,0.0,0.0,0.0,0.0,1.0042076299695725e-05,0.0,0.0,0.0,0.0,0.0,0.0,0.0,3.3473587665652417e-06,0.0,0.0,0.0,0.0,0.0,0.0,0.0,3.3473587665652417e-06,0.0,0.0,3.3473587665652417e-06,3.3473587665652417e-06,0.0,0.0,0.0,0.0,0.0,0.0,0.0,0.0,0.0,0.0,0.0,0.0,0.0,0.0,0.0,0.0,0.0,0.0,3.3473587665652417e-06,0.0,0.0,0.0,3.3473587665652417e-06,0.0,0.0,0.0,0.0,0.0,0.0,0.0,3.3473587665652417e-06,0.0,0.0,0.0,0.0,0.0,0.0,0.0,0.0,0.0,3.3473587665652417e-06,3.3473587665652417e-06,0.0,0.0,0.0,3.3473587665652417e-06,0.0,0.0,0.0,1.0042076299695725e-05,0.0,0.0,0.0,0.0,0.0,3.3473587665652417e-06,3.3473587665652417e-06,0.0,0.0,3.3473587665652417e-06,0.0,0.0,0.0,0.0,3.3473587665652417e-06,3.3473587665652417e-06,0.0,3.3473587665652417e-06,6.694717533130483e-06,0.0,0.0,0.0,3.3473587665652417e-06,0.0,6.694717533130483e-06,0.0,3.3473587665652417e-06,3.3473587665652417e-06,0.0,6.694717533130483e-06,0.0,1.0042076299695725e-05,6.694717533130483e-06,0.0,0.0,3.3473587665652417e-06,6.694717533130483e-06,0.0,1.0042076299695725e-05,0.0,0.0,0.0,0.0,3.3473587665652417e-06,0.0,0.0,6.694717533130483e-06,3.3473587665652417e-06,6.694717533130483e-06,0.0,0.0,6.694717533130483e-06,0.0,0.0,6.694717533130483e-06,0.0,0.0,0.0,1.0042076299695725e-05,1.0042076299695725e-05,1.0042076299695725e-05,3.3473587665652417e-06,3.3473587665652417e-06,0.0,6.694717533130483e-06,6.694717533130483e-06,6.694717533130483e-06,0.0,6.694717533130483e-06,6.694717533130483e-06,3.3473587665652417e-06,3.3473587665652417e-06,1.0042076299695725e-05,6.694717533130483e-06,3.3473587665652417e-06,3.3473587665652417e-06,6.694717533130483e-06,0.0,0.0,6.694717533130483e-06,6.694717533130483e-06,0.0,3.3473587665652417e-06,1.0042076299695725e-05,3.3473587665652417e-06,6.694717533130483e-06,6.694717533130483e-06,3.3473587665652417e-06,6.694717533130483e-06,0.0,0.0,1.0042076299695725e-05,0.0,3.3473587665652417e-06,1.0042076299695725e-05,3.3473587665652417e-06,6.694717533130483e-06,3.3473587665652417e-06,3.3473587665652417e-06,1.3389435066260967e-05,3.3473587665652417e-06,6.694717533130483e-06,3.3473587665652417e-06,3.3473587665652417e-06,3.3473587665652417e-06,0.0,6.694717533130483e-06,1.3389435066260967e-05,3.3473587665652417e-06,3.3473587665652417e-06,6.694717533130483e-06,2.008415259939145e-05,1.3389435066260967e-05,3.3473587665652417e-06,2.008415259939145e-05,6.694717533130483e-06,3.3473587665652417e-06,3.3473587665652417e-06,2.3431511365956693e-05,6.694717533130483e-06,1.3389435066260967e-05,1.0042076299695725e-05,1.0042076299695725e-05,1.0042076299695725e-05,6.694717533130483e-06,1.0042076299695725e-05,2.008415259939145e-05,1.0042076299695725e-05,1.673679383282621e-05,1.673679383282621e-05,1.3389435066260967e-05,2.6778870132521933e-05,1.0042076299695725e-05,3.682094643221766e-05,1.3389435066260967e-05,2.6778870132521933e-05,3.0126228899087174e-05,2.6778870132521933e-05,1.673679383282621e-05,3.0126228899087174e-05,1.0042076299695725e-05,2.008415259939145e-05,1.0042076299695725e-05,2.3431511365956693e-05,1.673679383282621e-05,1.0042076299695725e-05,3.0126228899087174e-05,6.694717533130483e-06,6.694717533130483e-06
1.673679383282621e-05,1.3389435066260967e-05,0.0,1.3389435066260967e-05,3.0126228899087174e-05,1.0042076299695725e-05,2.008415259939145e-05,6.694717533130483e-06,0.0,6.694717533130483e-06,3.3473587665652417e-06,6.694717533130483e-06,0.0,3.3473587665652417e-06,3.3473587665652417e-06,0.0,0.0,0.0,3.3473587665652417e-06,3.3473587665652417e-06,0.0,0.0,0.0,0.0,0.0,3.3473587665652417e-06,3.3473587665652417e-06,3.3473587665652417e-06,0.0,0.0,0.0,0.0,6.694717533130483e-06,3.3473587665652417e-06,0.0,0.0,0.0,0.0,0.0,3.3473587665652417e-06,0.0,0.0,0.0,0.0,0.0,0.0,0.0,0.0,6.694717533130483e-06,0.0,0.0,0.0,0.0,0.0,0.0,0.0,0.0,0.0,0.0,0.0,0.0,0.0,0.0,0.0,0.0,3.3473587665652417e-06,0.0,0.0,0.0,0.0,0.0,0.0,0.0,0.0,0.0,0.0,0.0,0.0,0.0,0.0,0.0,3.3473587665652417e-06,0.0,0.0,0.0,0.0,0.0,0.0,0.0,0.0,0.0,0.0,0.0,0.0,0.0,0.0,0.0,0.0,0.0,0.0,0.0,0.0,0.0,0.0,0.0,0.0,0.0,0.0,0.0,0.0,0.0,0.0,0.0,0.0,0.0,3.3473587665652417e-06,0.0,0.0,0.0,0.0,0.0,0.0,0.0,0.0,0.0,0.0,0.0,0.0,0.0,0.0,0.0,0.0,0.0,0.0,0.0,6.694717533130483e-06,3.3473587665652417e-06,0.0,3.3473587665652417e-06,0.0,0.0,0.0,0.0,0.0,0.0,0.0,0.0,3.3473587665652417e-06,0.0,0.0,0.0,0.0,0.0,0.0,3.3473587665652417e-06,0.0,0.0,0.0,0.0,0.0,0.0,0.0,0.0,0.0,0.0,0.0,0.0,0.0,3.3473587665652417e-06,0.0,0.0,0.0,0.0,0.0,0.0,0.0,0.0,0.0,0.0,0.0,0.0,0.0,0.0,0.0,0.0,6.694717533130483e-06,0.0,0.0,0.0,0.0,0.0,0.0,0.0,3.3473587665652417e-06,0.0,0.0,0.0,3.3473587665652417e-06,0.0,0.0,3.3473587665652417e-06,0.0,0.0,0.0,0.0,0.0,0.0,0.0,0.0,0.0,6.694717533130483e-06,0.0,0.0,1.3389435066260967e-05,0.0,0.0,0.0,0.0,0.0,0.0,3.3473587665652417e-06,0.0,0.0,0.0,0.0,3.3473587665652417e-06,0.0,0.0,0.0,0.0,0.0,0.0,0.0,3.3473587665652417e-06,0.0,3.3473587665652417e-06,0.0,3.3473587665652417e-06,0.0,0.0,0.0,0.0,3.3473587665652417e-06,3.3473587665652417e-06,0.0,6.694717533130483e-06,0.0,3.3473587665652417e-06,0.0,3.3473587665652417e-06,0.0,0.0,1.0042076299695725e-05,6.694717533130483e-06,3.3473587665652417e-06,3.3473587665652417e-06,6.694717533130483e-06,6.694717533130483e-06,3.3473587665652417e-06,0.0,0.0,6.694717533130483e-06,0.0,3.3473587665652417e-06,6.694717533130483e-06,6.694717533130483e-06,1.0042076299695725e-05,6.694717533130483e-06,0.0,3.3473587665652417e-06,3.0126228899087174e-05,6.694717533130483e-06,1.673679383282621e-05,0.0,6.694717533130483e-06,0.0,0.0,0.0,6.694717533130483e-06,6.694717533130483e-06,3.3473587665652417e-06,0.0,1.673679383282621e-05,3.3473587665652417e-06,3.3473587665652417e-06,1.673679383282621e-05,3.3473587665652417e-06,1.0042076299695725e-05,1.0042076299695725e-05,3.3473587665652417e-06,1.0042076299695725e-05,1.0042076299695725e-05,6.694717533130483e-06,3.3473587665652417e-06,6.694717533130483e-06,0.0,3.3473587665652417e-06,4.01683051987829e-05,6.694717533130483e-06,0.0,6.694717533130483e-06,3.3473587665652417e-06,0.0,0.0,0.0,1.0042076299695725e-05,3.3473587665652417e-06,6.694717533130483e-06,6.694717533130483e-06,2.3431511365956693e-05,6.694717533130483e-06,6.694717533130483e-06,0.0,0.0,0.0,0.0,6.694717533130483e-06,1.3389435066260967e-05,1.0042076299695725e-05,1.0042076299695725e-05,1.3389435066260967e-05,1.3389435066260967e-05,3.3473587665652417e-06,1.3389435066260967e-05,2.6778870132521933e-05,2.6778870132521933e-05,1.0042076299695725e-05,3.3473587665652417e-06,3.3473587665652417e-06,3.3473587665652417e-06,1.3389435066260967e-05,1.3389435066260967e-05,2.008415259939145e-05,1.0042076299695725e-05,1.3389435066260967e-05,1.0042076299695725e-05,3.347358766565242e-05,3.347358766565242e-05,2.6778870132521933e-05,4.01683051987829e-05,3.0126228899087174e-05,3.0126228899087174e-05,3.0126228899087174e-05,3.0126228899087174e-05,4.01683051987829e-05,2.6778870132521933e-05,3.0126228899087174e-05,2.3431511365956693e-05,3.682094643221766e-05,6.694717533130483e-06,1.0042076299695725e-05,1.3389435066260967e-05,3.3473587665652417e-06,1.673679383282621e-05,1.673679383282621e-05,2.6778870132521933e-05,1.673679383282621e-05,1.673679383282621e-05,2.008415259939145e-05,1.3389435066260967e-05
6.694717533130483e-06,1.673679383282621e-05,1.673679383282621e-05,1.0042076299695725e-05,1.0042076299695725e-05,6.694717533130483e-06,1.0042076299695725e-05,1.3389435066260967e-05,1.0042076299695725e-05,3.3473587665652417e-06,3.3473587665652417e-06,1.0042076299695725e-05,6.694717533130483e-06,3.3473587665652417e-06,0.0,6.694717533130483e-06,3.3473587665652417e-06,0.0,3.3473587665652417e-06,6.694717533130483e-06,0.0,3.3473587665652417e-06,0.0,0.0,0.0,3.3473587665652417e-06,0.0,0.0,0.0,0.0,0.0,0.0,0.0,0.0,0.0,0.0,0.0,0.0,0.0,3.3473587665652417e-06,0.0,0.0,0.0,3.3473587665652417e-06,0.0,0.0,0.0,0.0,0.0,0.0,0.0,0.0,0.0,0.0,0.0,0.0,0.0,0.0,0.0,0.0,0.0,0.0,0.0,0.0,0.0,0.0,0.0,0.0,0.0,0.0,0.0,3.3473587665652417e-06,0.0,0.0,0.0,0.0,0.0,0.0,0.0,0.0,0.0,0.0,0.0,0.0,0.0,0.0,0.0,0.0,0.0,0.0,0.0,0.0,0.0,3.3473587665652417e-06,0.0,0.0,0.0,0.0,0.0,0.0,0.0,0.0,3.3473587665652417e-06,0.0,0.0,6.694717533130483e-06,0.0,0.0,0.0,0.0,0.0,0.0,0.0,0.0,0.0,0.0,0.0,0.0,0.0,0.0,3.3473587665652417e-06,0.0,0.0,0.0,3.3473587665652417e-06,0.0,0.0,0.0,3.3473587665652417e-06,3.3473587665652417e-06,0.0,0.0,3.3473587665652417e-06,0.0,0.0,0.0,0.0,0.0,0.0,0.0,0.0,0.0,0.0,6.694717533130483e-06,0.0,0.0,6.694717533130483e-06,0.0,0.0,0.0,0.0,0.0,0.0,0.0,0.0,0.0,0.0,0.0,0.0,0.0,0.0,0.0,0.0,0.0,0.0,0.0,0.0,0.0,0.0,0.0,0.0,0.0,0.0,3.3473587665652417e-06,0.0,0.0,0.0,3.3473587665652417e-06,3.3473587665652417e-06,0.0,0.0,0.0,0.0,0.0,0.0,0.0,0.0,0.0,0.0,3.3473587665652417e-06,0.0,0.0,0.0,3.3473587665652417e-06,0.0,0.0,0.0,0.0,0.0,0.0,0.0,0.0,0.0,1.3389435066260967e-05,0.0,0.0,3.3473587665652417e-06,0.0,1.0042076299695725e-05,0.0,3.3473587665652417e-06,3.3473587665652417e-06,3.3473587665652417e-06,0.0,0.0,0.0,3.3473587665652417e-06,0.0,0.0,3.3473587665652417e-06,3.3473587665652417e-06,0.0,0.0,0.0,1.0042076299695725e-05,0.0,6.694717533130483e-06,0.0,0.0,0.0,3.3473587665652417e-06,0.0,0.0,0.0,0.0,0.0,6.694717533130483e-06,0.0,0.0,3.3473587665652417e-06,0.0,0.0,0.0,0.0,0.0,0.0,0.0,0.0,0.0,3.3473587665652417e-06,3.3473587665652417e-06,3.3473587665652417e-06,3.3473587665652417e-06,3.3473587665652417e-06,0.0,0.0,3.3473587665652417e-06,0.0,3.3473587665652417e-06,0.0,3.3473587665652417e-06,3.3473587665652417e-06,6.694717533130483e-06,3.3473587665652417e-06,3.3473587665652417e-06,1.3389435066260967e-05,3.3473587665652417e-06,0.0,6.694717533130483e-06,1.673679383282621e-05,6.694717533130483e-06,0.0,6.694717533130483e-06,0.0,3.3473587665652417e-06,1.673679383282621e-05,3.3473587665652417e-06,6.694717533130483e-06,3.3473587665652417e-06,0.0,0.0,6.694717533130483e-06,0.0,1.0042076299695725e-05,0.0,1.0042076299695725e-05,1.0042076299695725e-05,6.694717533130483e-06,3.3473587665652417e-06,6.694717533130483e-06,3.3473587665652417e-06,3.3473587665652417e-06,6.694717533130483e-06,0.0,3.3473587665652417e-06,3.3473587665652417e-06,6.694717533130483e-06,6.694717533130483e-06,3.3473587665652417e-06,3.3473587665652417e-06,3.3473587665652417e-06,0.0,6.694717533130483e-06,0.0,3.3473587665652417e-06,6.694717533130483e-06,0.0,0.0,0.0,1.0042076299695725e-05,6.694717533130483e-06,6.694717533130483e-06,3.3473587665652417e-06,3.3473587665652417e-06,0.0,3.3473587665652417e-06,6.694717533130483e-06,3.3473587665652417e-06,1.0042076299695725e-05,3.3473587665652417e-06,1.673679383282621e-05,2.008415259939145e-05,1.3389435066260967e-05,2.008415259939145e-05,6.694717533130483e-06,6.694717533130483e-06,3.3473587665652417e-06,1.3389435066260967e-05,6.694717533130483e-06,1.673679383282621e-05,3.3473587665652417e-06,1.0042076299695725e-05,1.0042076299695725e-05,1.0042076299695725e-05,6.694717533130483e-06,1.0042076299695725e-05,6.694717533130483e-06,2.008415259939145e-05,1.673679383282621e-05,5.021038149847862e-05,2.008415259939145e-05,2.3431511365956693e-05,3.682094643221766e-05,6.694717533130483e-06,4.351566396534814e-05,1.673679383282621e-05,1.3389435066260967e-05,0.00012385227436291393,1.673679383282621e-05,3.347358766565242e-05,2.008415259939145e-05,2.6778870132521933e-05,1.673679383282621e-05,3.347358766565242e-05,1.0042076299695725e-05,3.347358766565242e-05,1.3389435066260967e-05,1.0042076299695725e-05,2.008415259939145e-05,3.3473587665652417e-06
2.3431511365956693e-05,3.347358766565242e-05,1.3389435066260967e-05,6.694717533130483e-06,2.008415259939145e-05,2.008415259939145e-05,1.0042076299695725e-05,1.673679383282621e-05,1.0042076299695725e-05,0.0,3.3473587665652417e-06,3.3473587665652417e-06,6.694717533130483e-06,1.0042076299695725e-05,3.3473587665652417e-06,6.694717533130483e-06,6.694717533130483e-06,1.3389435066260967e-05,0.0,6.694717533130483e-06,0.0,3.3473587665652417e-06,3.3473587665652417e-06,0.0,0.0,0.0,3.3473587665652417e-06,0.0,3.3473587665652417e-06,0.0,1.0042076299695725e-05,6.694717533130483e-06,1.3389435066260967e-05,0.0,0.0,3.3473587665652417e-06,0.0,0.0,6.694717533130483e-06,3.3473587665652417e-06,0.0,0.0,0.0,0.0,0.0,0.0,0.0,0.0,0.0,0.0,0.0,0.0,0.0,0.0,0.0,0.0,0.0,0.0,0.0,0.0,0.0,0.0,0.0,0.0,0.0,0.0,0.0,0.0,0.0,0.0,0.0,0.0,0.0,0.0,0.0,0.0,0.0,0.0,0.0,0.0,0.0,0.0,0.0,0.0,0.0,0.0,0.0,0.0,0.0,0.0,0.0,0.0,0.0,0.0,0.0,0.0,0.0,0.0,0.0,0.0,0.0,0.0,3.3473587665652417e-06,0.0,0.0,0.0,0.0,0.0,0.0,0.0,0.0,0.0,0.0,0.0,0.0,3.3473587665652417e-06,0.0,0.0,0.0,3.3473587665652417e-06,0.0,3.3473587665652417e-06,0.0,3.3473587665652417e-06,0.0,0.0,0.0,0.0,0.0,2.008415259939145e-05,0.0,0.0,0.0,0.0,0.0,0.0,0.0,3.3473587665652417e-06,3.3473587665652417e-06,3.3473587665652417e-06,0.0,0.0,0.0,0.0,0.0,0.0,0.0,0.0,0.0,0.0,0.0,0.0,0.0,0.0,3.3473587665652417e-06,0.0,0.0,0.0,0.0,0.0,0.0,0.0,3.3473587665652417e-06,0.0,0.0,0.0,0.0,0.0,0.0,0.0,0.0,0.0,0.0,0.0,0.0,0.0,0.0,0.0,0.0,0.0,0.0,0.0,0.0,0.0,0.0,3.3473587665652417e-06,0.0,0.0,0.0,3.3473587665652417e-06,0.0,3.3473587665652417e-06,0.0,0.0,0.0,3.3473587665652417e-06,3.3473587665652417e-06,0.0,0.0,3.3473587665652417e-06,0.0,0.0,0.0,0.0,0.0,0.0,0.0,0.0,0.0,0.0,0.0,0.0,0.0,0.0,0.0,3.3473587665652417e-06,0.0,0.0,3.3473587665652417e-06,0.0,3.3473587665652417e-06,6.694717533130483e-06,6.694717533130483e-06,3.3473587665652417e-06,0.0,3.3473587665652417e-06,0.0,3.3473587665652417e-06,6.694717533130483e-06,0.0,0.0,0.0,1.0042076299695725e-05,3.3473587665652417e-06,0.0,3.3473587665652417e-06,0.0,0.0,0.0,0.0,3.3473587665652417e-06,3.3473587665652417e-06,6.694717533130483e-06,0.0,0.0,1.0042076299695725e-05,1.673679383282621e-05,0.0,0.0,3.3473587665652417e-06,6.694717533130483e-06,3.3473587665652417e-06,0.0,0.0,0.0,6.694717533130483e-06,0.0,3.3473587665652417e-06,0.0,3.3473587665652417e-06,3.3473587665652417e-06,3.3473587665652417e-06,3.3473587665652417e-06,3.3473587665652417e-06,0.0,6.694717533130483e-06,3.3473587665652417e-06,3.3473587665652417e-06,2.008415259939145e-05,6.694717533130483e-06,1.0042076299695725e-05,6.694717533130483e-06,3.3473587665652417e-06,2.6778870132521933e-05,3.3473587665652417e-06,6.694717533130483e-06,0.0,3.3473587665652417e-06,6.694717533130483e-06,6.694717533130483e-06,6.694717533130483e-06,0.0,6.694717533130483e-06,0.0,6.694717533130483e-06,1.0042076299695725e-05,3.3473587665652417e-06,1.3389435066260967e-05,3.3473587665652417e-06,3.3473587665652417e-06,6.694717533130483e-06,1.0042076299695725e-05,6.694717533130483e-06,6.694717533130483e-06,3.3473587665652417e-06,3.3473587665652417e-06,1.3389435066260967e-05,3.3473587665652417e-06,1.3389435066260967e-05,1.3389435066260967e-05,6.694717533130483e-06,0.0,1.3389435066260967e-05,6.694717533130483e-06,1.0042076299695725e-05,1.0042076299695725e-05,1.673679383282621e-05,6.694717533130483e-06,1.3389435066260967e-05,3.3473587665652417e-06,2.6778870132521933e-05,1.0042076299695725e-05,1.3389435066260967e-05,6.694717533130483e-06,0.0,1.673679383282621e-05,6.694717533130483e-06,1.3389435066260967e-05,1.673679383282621e-05,1.0042076299695725e-05,2.008415259939145e-05,6.694717533130483e-06,1.673679383282621e-05,6.694717533130483e-06,1.3389435066260967e-05,3.3473587665652417e-06,1.673679383282621e-05,1.3389435066260967e-05,1.673679383282621e-05,2.3431511365956693e-05,1.3389435066260967e-05,1.0042076299695725e-05,1.3389435066260967e-05,2.008415259939145e-05,2.6778870132521933e-05,1.3389435066260967e-05,2.008415259939145e-05,6.694717533130483e-06,1.3389435066260967e-05,2.3431511365956693e-05,2.3431511365956693e-05,1.0042076299695725e-05,2.3431511365956693e-05,2.008415259939145e-05,2.008415259939145e-05,3.0126228899087174e-05,1.0042076299695725e-05,1.3389435066260967e-05,2.6778870132521933e-05,2.008415259939145e-05,1.0042076299695725e-05,1.673679383282621e-05,2.6778870132521933e-05,1.673679383282621e-05,2.6778870132521933e-05,2.008415259939145e-05,2.008415259939145e-05,2.008415259939145e-05,1.3389435066260967e-05,1.0042076299695725e-05
1.0042076299695725e-05,2.008415259939145e-05,6.694717533130483e-06,1.673679383282621e-05,1.673679383282621e-05,1.3389435066260967e-05,3.3473587665652417e-06,6.694717533130483e-06,1.673679383282621e-05,1.0042076299695725e-05,1.3389435066260967e-05,0.0,3.3473587665652417e-06,0.0,6.694717533130483e-06,1.0042076299695725e-05,6.694717533130483e-06,0.0,0.0,1.0042076299695725e-05,6.694717533130483e-06,0.0,0.0,0.0,0.0,3.3473587665652417e-06,0.0,6.694717533130483e-06,0.0,0.0,0.0,0.0,3.3473587665652417e-06,0.0,0.0,0.0,3.3473587665652417e-06,0.0,6.694717533130483e-06,6.694717533130483e-06,0.0,0.0,0.0,0.0,0.0,0.0,3.3473587665652417e-06,0.0,0.0,0.0,0.0,0.0,0.0,0.0,0.0,0.0,0.0,0.0,0.0,0.0,0.0,0.0,0.0,0.0,0.0,0.0,0.0,0.0,0.0,0.0,0.0,0.0,0.0,0.0,0.0,0.0,0.0,0.0,0.0,0.0,0.0,0.0,0.0,0.0,0.0,0.0,0.0,0.0,0.0,0.0,0.0,0.0,0.0,0.0,0.0,0.0,0.0,0.0,0.0,0.0,3.3473587665652417e-06,0.0,0.0,0.0,0.0,0.0,0.0,0.0,0.0,0.0,0.0,0.0,0.0,0.0,6.694717533130483e-06,0.0,0.0,0.0,0.0,0.0,0.0,0.0,3.3473587665652417e-06,0.0,0.0,0.0,0.0,0.0,0.0,0.0,0.0,0.0,3.3473587665652417e-06,0.0,3.3473587665652417e-06,6.694717533130483e-06,0.0,0.0,0.0,0.0,0.0,0.0,0.0,3.3473587665652417e-06,0.0,0.0,0.0,0.0,0.0,3.3473587665652417e-06,0.0,0.0,0.0,0.0,0.0,0.0,0.0,0.0,0.0,0.0,0.0,0.0,0.0,0.0,0.0,0.0,0.0,0.0,0.0,6.694717533130483e-06,0.0,0.0,3.3473587665652417e-06,0.0,0.0,0.0,0.0,0.0,0.0,0.0,0.0,0.0,3.3473587665652417e-06,0.0,0.0,0.0,0.0,0.0,0.0,0.0,0.0,3.3473587665652417e-06,0.0,6.694717533130483e-06,3.3473587665652417e-06,0.0,0.0,0.0,0.0,0.0,3.3473587665652417e-06,3.3473587665652417e-06,0.0,0.0,6.694717533130483e-06,0.0,0.0,0.0,0.0,0.0,0.0,0.0,0.0,3.3473587665652417e-06,0.0,0.0,0.0,0.0,3.3473587665652417e-06,0.0,0.0,1.0042076299695725e-05,0.0,6.694717533130483e-06,0.0,0.0,3.3473587665652417e-06,3.3473587665652417e-06,0.0,0.0,3.3473587665652417e-06,0.0,6.694717533130483e-06,0.0,0.0,0.0,0.0,3.3473587665652417e-06,0.0,3.3473587665652417e-06,0.0,6.694717533130483e-06,3.3473587665652417e-06,3.3473587665652417e-06,6.694717533130483e-06,0.0,0.0,0.0,0.0,1.673679383282621e-05,3.3473587665652417e-06,3.3473587665652417e-06,6.694717533130483e-06,0.0,3.3473587665652417e-06,3.3473587665652417e-06,6.694717533130483e-06,3.3473587665652417e-06,1.3389435066260967e-05,3.3473587665652417e-06,0.0,0.0,0.0,0.0,6.694717533130483e-06,3.3473587665652417e-06,0.0,0.0,6.694717533130483e-06,2.008415259939145e-05,1.0042076299695725e-05,1.673679383282621e-05,1.673679383282621e-05,1.0042076299695725e-05,1.0042076299695725e-05,0.0,3.3473587665652417e-06,1.0042076299695725e-05,3.3473587665652417e-06,1.3389435066260967e-05,6.694717533130483e-06,1.3389435066260967e-05,3.3473587665652417e-06,1.0042076299695725e-05,3.3473587665652417e-06,0.0,1.0042076299695725e-05,1.3389435066260967e-05,1.0042076299695725e-05,6.694717533130483e-06,6.694717533130483e-06,3.3473587665652417e-06,1.673679383282621e-05,6.694717533130483e-06,6.694717533130483e-06,6.694717533130483e-06,6.694717533130483e-06,1.3389435066260967e-05,0.0,0.0,3.3473587665652417e-06,0.0,6.694717533130483e-06,3.3473587665652417e-06,0.0,3.3473587665652417e-06,3.3473587665652417e-06,0.0,1.673679383282621e-05,3.3473587665652417e-06,0.0,6.694717533130483e-06,0.0,3.3473587665652417e-06,0.0,6.694717533130483e-06,1.3389435066260967e-05,3.3473587665652417e-06,2.008415259939145e-05,6.694717533130483e-06,0.0,1.0042076299695725e-05,1.0042076299695725e-05,1.0042076299695725e-05,6.694717533130483e-06,1.673679383282621e-05,1.0042076299695725e-05,1.0042076299695725e-05,1.3389435066260967e-05,1.0042076299695725e-05,1.3389435066260967e-05,2.3431511365956693e-05,1.3389435066260967e-05,2.008415259939145e-05,6.694717533130483e-06,1.0042076299695725e-05,2.6778870132521933e-05,3.3473587665652417e-06,2.6778870132521933e-05,2.3431511365956693e-05,2.6778870132521933e-05,2.6778870132521933e-05,1.3389435066260967e-05,1.0042076299695725e-05,3.0126228899087174e-05,3.347358766565242e-05,2.6778870132521933e-05,3.3473587665652417e-06,6.694717533130483e-06,1.3389435066260967e-05,2.3431511365956693e-05,2.6778870132521933e-05,2.6778870132521933e-05,2.3431511365956693e-05,2.6778870132521933e-05,2.3431511365956693e-05,3.0126228899087174e-05,6.694717533130483e-06,2.008415259939145e-05,1.673679383282621e-05
2.008415259939145e-05,2.008415259939145e-05,3.682094643221766e-05,2.6778870132521933e-05,1.673679383282621e-05,3.3473587665652417e-06,1.3389435066260967e-05,1.0042076299695725e-05,3.3473587665652417e-06,6.694717533130483e-06,6.694717533130483e-06,3.3473587665652417e-06,0.0,1.0042076299695725e-05,2.008415259939145e-05,6.694717533130483e-06,3.3473587665652417e-06,3.3473587665652417e-06,0.0,0.0,0.0,3.3473587665652417e-06,0.0,0.0,0.0,0.0,3.3473587665652417e-06,0.0,0.0,0.0,0.0,0.0,6.694717533130483e-06,0.0,0.0,0.0,0.0,0.0,0.0,0.0,0.0,0.0,0.0,0.0,0.0,0.0,0.0,0.0,0.0,0.0,0.0,0.0,0.0,3.3473587665652417e-06,0.0,0.0,0.0,0.0,0.0,0.0,0.0,0.0,0.0,0.0,0.0,0.0,0.0,0.0,0.0,0.0,0.0,0.0,0.0,0.0,0.0,0.0,0.0,0.0,0.0,0.0,0.0,0.0,0.0,0.0,0.0,0.0,0.0,0.0,0.0,0.0,0.0,0.0,0.0,0.0,0.0,0.0,0.0,0.0,0.0,0.0,0.0,0.0,3.3473587665652417e-06,0.0,0.0,0.0,0.0,0.0,0.0,0.0,0.0,0.0,0.0,0.0,0.0,0.0,3.3473587665652417e-06,0.0,0.0,0.0,0.0,0.0,0.0,0.0,0.0,0.0,0.0,3.3473587665652417e-06,0.0,0.0,0.0,0.0,0.0,0.0,0.0,0.0,0.0,0.0,0.0,0.0,3.3473587665652417e-06,0.0,0.0,0.0,0.0,0.0,0.0,0.0,0.0,0.0,0.0,0.0,0.0,3.3473587665652417e-06,0.0,0.0,0.0,0.0,3.3473587665652417e-06,0.0,0.0,3.3473587665652417e-06,0.0,0.0,0.0,0.0,0.0,0.0,0.0,0.0,3.3473587665652417e-06,0.0,0.0,3.3473587665652417e-06,0.0,0.0,0.0,0.0,0.0,0.0,0.0,0.0,0.0,0.0,0.0,0.0,0.0,0.0,0.0,0.0,3.3473587665652417e-06,0.0,6.694717533130483e-06,3.3473587665652417e-06,6.694717533130483e-06,3.3473587665652417e-06,0.0,0.0,0.0,0.0,0.0,0.0,3.3473587665652417e-06,0.0,3.3473587665652417e-06,3.3473587665652417e-06,0.0,0.0,0.0,0.0,0.0,6.694717533130483e-06,3.3473587665652417e-06,0.0,6.694717533130483e-06,0.0,0.0,3.3473587665652417e-06,6.694717533130483e-06,0.0,0.0,3.3473587665652417e-06,0.0,6.694717533130483e-06,0.0,0.0,0.0,3.3473587665652417e-06,0.0,0.0,6.694717533130483e-06,0.0,6.694717533130483e-06,0.0,0.0,0.0,0.0,0.0,0.0,0.0,0.0,0.0,0.0,1.0042076299695725e-05,3.3473587665652417e-06,0.0,3.3473587665652417e-06,0.0,6.694717533130483e-06,6.694717533130483e-06,3.3473587665652417e-06,6.694717533130483e-06,1.0042076299695725e-05,6.694717533130483e-06,6.694717533130483e-06,1.3389435066260967e-05,1.3389435066260967e-05,4.01683051987829e-05,3.3473587665652417e-06,3.3473587665652417e-06,3.3473587665652417e-06,3.3473587665652417e-06,1.673679383282621e-05,1.0042076299695725e-05,3.3473587665652417e-06,0.0,3.3473587665652417e-06,1.3389435066260967e-05,6.694717533130483e-06,2.3431511365956693e-05,3.3473587665652417e-06,6.694717533130483e-06,2.008415259939145e-05,2.008415259939145e-05,4.01683051987829e-05,1.673679383282621e-05,1.3389435066260967e-05,1.0042076299695725e-05,3.3473587665652417e-06,6.694717533130483e-06,3.3473587665652417e-06,6.694717533130483e-06,1.3389435066260967e-05,0.0,6.694717533130483e-06,2.6778870132521933e-05,0.0,6.694717533130483e-06,0.0,0.0,3.3473587665652417e-06,1.3389435066260967e-05,6.694717533130483e-06,0.0,0.0,3.3473587665652417e-06,3.3473587665652417e-06,3.3473587665652417e-06,6.694717533130483e-06,6.694717533130483e-06,3.3473587665652417e-06,3.3473587665652417e-06,0.0,3.3473587665652417e-06,1.0042076299695725e-05,3.3473587665652417e-06,1.673679383282621e-05,1.0042076299695725e-05,1.673679383282621e-05,3.3473587665652417e-06,6.694717533130483e-06,6.694717533130483e-06,6.694717533130483e-06,0.0,2.3431511365956693e-05,3.3473587665652417e-06,3.3473587665652417e-06,3.3473587665652417e-06,1.0042076299695725e-05,1.0042076299695725e-05,1.3389435066260967e-05,6.694717533130483e-06,0.0,1.0042076299695725e-05,3.3473587665652417e-06,0.0,6.694717533130483e-06,1.3389435066260967e-05,3.0126228899087174e-05,3.682094643221766e-05,1.0042076299695725e-05,1.673679383282621e-05,1.0042076299695725e-05,1.3389435066260967e-05,6.694717533130483e-06,1.673679383282621e-05,2.3431511365956693e-05,3.347358766565242e-05,4.351566396534814e-05,3.3473587665652417e-06,1.673679383282621e-05,2.3431511365956693e-05,3.0126228899087174e-05,3.0126228899087174e-05,1.3389435066260967e-05,3.347358766565242e-05,1.3389435066260967e-05,2.3431511365956693e-05,1.3389435066260967e-05,1.673679383282621e-05,2.008415259939145e-05,2.6778870132521933e-05,3.347358766565242e-05,2.008415259939145e-05,3.347358766565242e-05,1.673679383282621e-05,1.673679383282621e-05,2.3431511365956693e-05,2.3431511365956693e-05,6.694717533130483e-06
3.0126228899087174e-05,1.673679383282621e-05,1.673679383282621e-05,3.347358766565242e-05,1.0042076299695725e-05,2.6778870132521933e-05,1.3389435066260967e-05,1.673679383282621e-05,3.3473587665652417e-06,6.694717533130483e-06,1.0042076299695725e-05,6.694717533130483e-06,1.673679383282621e-05,3.3473587665652417e-06,3.3473587665652417e-06,0.0,0.0,0.0,0.0,1.673679383282621e-05,3.3473587665652417e-06,0.0,1.3389435066260967e-05,0.0,0.0,6.694717533130483e-06,0.0,3.3473587665652417e-06,0.0,0.0,0.0,0.0,0.0,0.0,0.0,3.3473587665652417e-06,0.0,3.3473587665652417e-06,0.0,0.0,0.0,3.3473587665652417e-06,0.0,0.0,0.0,0.0,0.0,0.0,0.0,0.0,0.0,0.0,0.0,0.0,0.0,0.0,0.0,0.0,0.0,0.0,0.0,0.0,3.3473587665652417e-06,0.0,0.0,0.0,0.0,0.0,0.0,0.0,0.0,0.0,0.0,0.0,0.0,0.0,0.0,0.0,0.0,0.0,0.0,0.0,0.0,0.0,0.0,0.0,0.0,3.3473587665652417e-06,3.3473587665652417e-06,0.0,0.0,0.0,0.0,0.0,0.0,0.0,0.0,0.0,0.0,0.0,0.0,0.0,0.0,0.0,0.0,0.0,0.0,0.0,3.3473587665652417e-06,0.0,0.0,0.0,0.0,0.0,0.0,0.0,0.0,0.0,0.0,0.0,0.0,0.0,0.0,0.0,0.0,0.0,0.0,0.0,0.0,3.3473587665652417e-06,0.0,0.0,0.0,0.0,0.0,6.694717533130483e-06,0.0,0.0,0.0,0.0,0.0,0.0,0.0,0.0,0.0,0.0,0.0,3.3473587665652417e-06,0.0,0.0,0.0,0.0,0.0,0.0,0.0,0.0,0.0,0.0,0.0,0.0,0.0,0.0,3.3473587665652417e-06,0.0,0.0,0.0,0.0,0.0,0.0,0.0,0.0,0.0,0.0,0.0,0.0,0.0,0.0,0.0,0.0,0.0,0.0,0.0,0.0,0.0,0.0,0.0,0.0,0.0,0.0,0.0,0.0,3.3473587665652417e-06,3.3473587665652417e-06,0.0,0.0,0.0,0.0,0.0,0.0,6.694717533130483e-06,0.0,3.3473587665652417e-06,3.3473587665652417e-06,0.0,3.3473587665652417e-06,3.3473587665652417e-06,3.3473587665652417e-06,3.3473587665652417e-06,0.0,0.0,0.0,3.3473587665652417e-06,0.0,0.0,1.0042076299695725e-05,3.3473587665652417e-06,0.0,0.0,3.3473587665652417e-06,0.0,0.0,0.0,0.0,0.0,3.3473587665652417e-06,0.0,0.0,3.3473587665652417e-06,3.3473587665652417e-06,0.0,3.3473587665652417e-06,6.694717533130483e-06,3.3473587665652417e-06,0.0,3.3473587665652417e-06,0.0,0.0,3.3473587665652417e-06,0.0,6.694717533130483e-06,0.0,0.0,3.3473587665652417e-06,1.673679383282621e-05,0.0,0.0,0.0,1.0042076299695725e-05,6.694717533130483e-06,6.694717533130483e-06,1.3389435066260967e-05,6.694717533130483e-06,3.3473587665652417e-06,2.6778870132521933e-05,0.0,0.0,1.673679383282621e-05,0.0,0.0,3.3473587665652417e-06,0.0,3.3473587665652417e-06,1.0042076299695725e-05,1.0042076299695725e-05,3.3473587665652417e-06,6.694717533130483e-06,3.3473587665652417e-06,3.3473587665652417e-06,1.0042076299695725e-05,6.694717533130483e-06,1.673679383282621e-05,1.3389435066260967e-05,1.0042076299695725e-05,1.3389435066260967e-05,3.3473587665652417e-06,1.0042076299695725e-05,6.694717533130483e-06,6.694717533130483e-06,3.3473587665652417e-06,0.0,1.0042076299695725e-05,1.0042076299695725e-05,1.0042076299695725e-05,1.3389435066260967e-05,3.3473587665652417e-06,2.3431511365956693e-05,0.0,0.0,3.3473587665652417e-06,3.3473587665652417e-06,1.673679383282621e-05,6.694717533130483e-06,6.694717533130483e-06,6.694717533130483e-06,1.0042076299695725e-05,1.0042076299695725e-05,3.3473587665652417e-06,1.0042076299695725e-05,3.3473587665652417e-06,3.3473587665652417e-06,0.0,3.3473587665652417e-06,6.694717533130483e-06,0.0,3.3473587665652417e-06,1.0042076299695725e-05,3.3473587665652417e-06,6.694717533130483e-06,6.694717533130483e-06,2.3431511365956693e-05,6.694717533130483e-06,0.0,4.351566396534814e-05,6.694717533130483e-06,6.694717533130483e-06,1.3389435066260967e-05,6.694717533130483e-06,1.3389435066260967e-05,1.3389435066260967e-05,6.694717533130483e-06,3.3473587665652417e-06,1.3389435066260967e-05,1.0042076299695725e-05,1.3389435066260967e-05,0.0,1.3389435066260967e-05,1.673679383282621e-05,4.01683051987829e-05,2.008415259939145e-05,6.694717533130483e-06,1.0042076299695725e-05,2.008415259939145e-05,2.008415259939145e-05,1.3389435066260967e-05,2.3431511365956693e-05,6.694717533130483e-06,2.3431511365956693e-05,1.3389435066260967e-05,2.3431511365956693e-05,2.008415259939145e-05,2.6778870132521933e-05,5.021038149847862e-05,1.673679383282621e-05,1.3389435066260967e-05,2.008415259939145e-05,1.3389435066260967e-05,3.682094643221766e-05,1.0042076299695725e-05,3.682094643221766e-05,1.0042076299695725e-05,3.682094643221766e-05,3.0126228899087174e-05,2.008415259939145e-05,2.6778870132521933e-05,2.6778870132521933e-05,3.0126228899087174e-05,3.0126228899087174e-05,2.6778870132521933e-05,3.0126228899087174e-05,1.0042076299695725e-05
2.6778870132521933e-05,2.6778870132521933e-05,1.673679383282621e-05,3.0126228899087174e-05,1.3389435066260967e-05,1.3389435066260967e-05,1.3389435066260967e-05,6.694717533130483e-06,1.0042076299695725e-05,6.694717533130483e-06,1.3389435066260967e-05,0.0,0.0,6.694717533130483e-06,1.0042076299695725e-05,3.3473587665652417e-06,1.3389435066260967e-05,3.3473587665652417e-06,1.673679383282621e-05,0.0,0.0,3.3473587665652417e-06,0.0,3.3473587665652417e-06,6.694717533130483e-06,3.3473587665652417e-06,0.0,0.0,0.0,0.0,0.0,0.0,0.0,3.3473587665652417e-06,0.0,0.0,0.0,0.0,0.0,0.0,0.0,0.0,0.0,0.0,0.0,0.0,3.3473587665652417e-06,0.0,0.0,0.0,0.0,0.0,0.0,0.0,0.0,0.0,0.0,0.0,0.0,0.0,0.0,0.0,0.0,0.0,0.0,0.0,0.0,0.0,0.0,0.0,0.0,0.0,0.0,0.0,0.0,0.0,0.0,0.0,0.0,0.0,3.3473587665652417e-06,0.0,0.0,0.0,0.0,0.0,0.0,0.0,0.0,0.0,0.0,0.0,0.0,0.0,0.0,0.0,0.0,0.0,0.0,0.0,0.0,0.0,0.0,0.0,0.0,0.0,0.0,0.0,0.0,0.0,0.0,0.0,0.0,0.0,0.0,0.0,6.694717533130483e-06,0.0,0.0,0.0,0.0,0.0,0.0,0.0,3.3473587665652417e-06,0.0,0.0,0.0,0.0,0.0,0.0,0.0,0.0,0.0,3.3473587665652417e-06,3.3473587665652417e-06,0.0,0.0,0.0,3.3473587665652417e-06,0.0,3.3473587665652417e-06,0.0,0.0,0.0,6.694717533130483e-06,0.0,0.0,0.0,0.0,3.3473587665652417e-06,0.0,0.0,0.0,0.0,0.0,0.0,0.0,0.0,0.0,0.0,0.0,0.0,0.0,0.0,0.0,0.0,0.0,0.0,0.0,0.0,3.3473587665652417e-06,0.0,0.0,0.0,0.0,0.0,0.0,3.3473587665652417e-06,0.0,0.0,0.0,3.3473587665652417e-06,0.0,3.3473587665652417e-06,0.0,0.0,3.3473587665652417e-06,3.3473587665652417e-06,3.3473587665652417e-06,0.0,3.3473587665652417e-06,0.0,1.0042076299695725e-05,0.0,3.3473587665652417e-06,0.0,0.0,3.3473587665652417e-06,0.0,6.694717533130483e-06,1.0042076299695725e-05,0.0,0.0,0.0,0.0,3.3473587665652417e-06,5.021038149847862e-05,0.0,3.3473587665652417e-06,0.0,0.0,0.0,3.3473587665652417e-06,3.3473587665652417e-06,0.0,3.3473587665652417e-06,6.694717533130483e-06,3.3473587665652417e-06,0.0,0.0,0.0,0.0,6.694717533130483e-06,3.3473587665652417e-06,3.3473587665652417e-06,0.0,0.0,3.3473587665652417e-06,0.0,1.0042076299695725e-05,3.3473587665652417e-06,6.694717533130483e-06,0.0,0.0,0.0,3.3473587665652417e-06,6.694717533130483e-06,0.0,3.3473587665652417e-06,6.694717533130483e-06,6.694717533130483e-06,0.0,6.694717533130483e-06,3.3473587665652417e-06,3.3473587665652417e-06,3.3473587665652417e-06,3.3473587665652417e-06,1.3389435066260967e-05,3.3473587665652417e-06,0.0,0.0,6.694717533130483e-06,3.3473587665652417e-06,6.694717533130483e-06,2.008415259939145e-05,6.694717533130483e-06,2.3431511365956693e-05,3.3473587665652417e-06,6.694717533130483e-06,6.694717533130483e-06,6.694717533130483e-06,0.0,1.0042076299695725e-05,0.0,6.694717533130483e-06,6.694717533130483e-06,6.694717533130483e-06,6.694717533130483e-06,1.0042076299695725e-05,1.3389435066260967e-05,1.3389435066260967e-05,1.0042076299695725e-05,1.0042076299695725e-05,3.3473587665652417e-06,1.3389435066260967e-05,6.694717533130483e-06,1.0042076299695725e-05,2.3431511365956693e-05,3.3473587665652417e-06,3.3473587665652417e-06,0.0,6.694717533130483e-06,3.3473587665652417e-06,6.694717533130483e-06,6.694717533130483e-06,1.673679383282621e-05,3.3473587665652417e-06,3.3473587665652417e-06,3.3473587665652417e-06,3.3473587665652417e-06,3.3473587665652417e-06,6.694717533130483e-06,0.0,1.3389435066260967e-05,6.694717533130483e-06,2.3431511365956693e-05,6.694717533130483e-06,1.3389435066260967e-05,0.0,3.3473587665652417e-06,6.694717533130483e-06,1.0042076299695725e-05,0.0,1.0042076299695725e-05,1.0042076299695725e-05,1.673679383282621e-05,6.694717533130483e-06,2.3431511365956693e-05,6.694717533130483e-06,1.673679383282621e-05,1.3389435066260967e-05,3.3473587665652417e-06,1.0042076299695725e-05,0.0,1.0042076299695725e-05,1.0042076299695725e-05,1.0042076299695725e-05,0.0,3.3473587665652417e-06,3.3473587665652417e-06,3.3473587665652417e-06,6.694717533130483e-06,6.694717533130483e-06,1.0042076299695725e-05,1.0042076299695725e-05,0.0,1.0042076299695725e-05,3.0126228899087174e-05,6.694717533130483e-06,1.3389435066260967e-05,2.3431511365956693e-05,1.0042076299695725e-05,4.351566396534814e-05,2.3431511365956693e-05,1.673679383282621e-05,2.008415259939145e-05,1.0042076299695725e-05,6.694717533130483e-06,2.6778870132521933e-05,3.0126228899087174e-05,1.673679383282621e-05,2.6778870132521933e-05,2.008415259939145e-05,2.6778870132521933e-05,2.6778870132521933e-05,3.0126228899087174e-05,1.0042076299695725e-05,3.347358766565242e-05,2.008415259939145e-05,3.0126228899087174e-05,1.673679383282621e-05,1.673679383282621e-05,3.3473587665652417e-06,1.673679383282621e-05,3.0126228899087174e-05,3.347358766565242e-05,3.0126228899087174e-05,3.347358766565242e-05,3.682094643221766e-05
3.347358766565242e-05,2.6778870132521933e-05,2.008415259939145e-05,2.008415259939145e-05,1.0042076299695725e-05,6.694717533130483e-06,6.694717533130483e-06,1.673679383282621e-05,1.673679383282621e-05,1.0042076299695725e-05,1.0042076299695725e-05,1.0042076299695725e-05,3.3473587665652417e-06,3.3473587665652417e-06,1.0042076299695725e-05,1.3389435066260967e-05,1.673679383282621e-05,0.0,3.3473587665652417e-06,3.3473587665652417e-06,0.0,3.3473587665652417e-06,3.3473587665652417e-06,3.3473587665652417e-06,3.3473587665652417e-06,0.0,0.0,0.0,0.0,3.3473587665652417e-06,0.0,0.0,0.0,3.3473587665652417e-06,0.0,3.3473587665652417e-06,0.0,0.0,3.3473587665652417e-06,6.694717533130483e-06,3.3473587665652417e-06,0.0,0.0,3.3473587665652417e-06,0.0,0.0,0.0,0.0,0.0,0.0,0.0,0.0,0.0,0.0,0.0,0.0,0.0,0.0,0.0,0.0,0.0,0.0,0.0,0.0,0.0,0.0,0.0,0.0,0.0,0.0,0.0,0.0,0.0,0.0,0.0,0.0,0.0,0.0,0.0,0.0,0.0,0.0,0.0,0.0,0.0,0.0,0.0,0.0,0.0,0.0,0.0,0.0,0.0,0.0,0.0,3.3473587665652417e-06,0.0,0.0,0.0,0.0,0.0,0.0,0.0,0.0,0.0,3.3473587665652417e-06,0.0,0.0,0.0,0.0,0.0,0.0,0.0,0.0,3.3473587665652417e-06,0.0,0.0,0.0,0.0,0.0,0.0,0.0,0.0,0.0,0.0,0.0,0.0,0.0,0.0,0.0,0.0,0.0,0.0,0.0,0.0,6.694717533130483e-06,0.0,0.0,0.0,3.3473587665652417e-06,3.3473587665652417e-06,0.0,3.3473587665652417e-06,0.0,0.0,0.0,0.0,0.0,0.0,0.0,3.3473587665652417e-06,0.0,0.0,0.0,0.0,0.0,0.0,0.0,0.0,0.0,0.0,0.0,3.3473587665652417e-06,0.0,0.0,0.0,0.0,0.0,0.0,0.0,3.3473587665652417e-06,3.3473587665652417e-06,6.694717533130483e-06,0.0,0.0,0.0,6.694717533130483e-06,3.3473587665652417e-06,0.0,0.0,3.3473587665652417e-06,6.694717533130483e-06,0.0,0.0,0.0,0.0,0.0,0.0,0.0,0.0,0.0,0.0,0.0,0.0,1.3389435066260967e-05,6.694717533130483e-06,0.0,0.0,6.694717533130483e-06,3.3473587665652417e-06,0.0,0.0,3.3473587665652417e-06,0.0,3.3473587665652417e-06,3.3473587665652417e-06,3.3473587665652417e-06,3.3473587665652417e-06,3.3473587665652417e-06,6.694717533130483e-06,3.3473587665652417e-06,3.3473587665652417e-06,0.0,0.0,0.0,0.0,6.694717533130483e-06,3.3473587665652417e-06,0.0,3.3473587665652417e-06,3.3473587665652417e-06,6.694717533130483e-06,3.3473587665652417e-06,3.3473587665652417e-06,3.3473587665652417e-06,6.694717533130483e-06,1.0042076299695725e-05,0.0,0.0,3.3473587665652417e-06,0.0,3.3473587665652417e-06,3.3473587665652417e-06,0.0,0.0,0.0,0.0,3.3473587665652417e-06,0.0,6.694717533130483e-06,0.0,3.3473587665652417e-06,3.3473587665652417e-06,3.3473587665652417e-06,0.0,6.694717533130483e-06,3.3473587665652417e-06,3.3473587665652417e-06,1.673679383282621e-05,1.0042076299695725e-05,0.0,0.0,1.0042076299695725e-05,6.694717533130483e-06,0.0,0.0,1.0042076299695725e-05,0.0,6.694717533130483e-06,6.694717533130483e-06,6.694717533130483e-06,6.694717533130483e-06,6.694717533130483e-06,3.3473587665652417e-06,6.694717533130483e-06,0.0,1.0042076299695725e-05,6.694717533130483e-06,1.0042076299695725e-05,0.0,6.694717533130483e-06,6.694717533130483e-06,1.673679383282621e-05,1.0042076299695725e-05,1.673679383282621e-05,1.0042076299695725e-05,2.008415259939145e-05,1.0042076299695725e-05,3.3473587665652417e-06,6.694717533130483e-06,1.0042076299695725e-05,1.0042076299695725e-05,1.0042076299695725e-05,1.0042076299695725e-05,2.3431511365956693e-05,6.694717533130483e-06,2.008415259939145e-05,2.008415259939145e-05,1.3389435066260967e-05,1.3389435066260967e-05,1.0042076299695725e-05,1.0042076299695725e-05,1.3389435066260967e-05,1.673679383282621e-05,0.0,3.3473587665652417e-06,1.0042076299695725e-05,1.0042076299695725e-05,1.3389435066260967e-05,3.3473587665652417e-06,1.0042076299695725e-05,1.0042076299695725e-05,0.0,3.3473587665652417e-06,6.694717533130483e-06,3.3473587665652417e-06,1.0042076299695725e-05,6.694717533130483e-06,1.0042076299695725e-05,3.3473587665652417e-06,1.0042076299695725e-05,3.3473587665652417e-06,6.694717533130483e-06,3.3473587665652417e-06,0.0,1.0042076299695725e-05,1.0042076299695725e-05,1.0042076299695725e-05,6.694717533130483e-06,2.3431511365956693e-05,1.3389435066260967e-05,6.694717533130483e-06,6.694717533130483e-06,0.0,1.673679383282621e-05,1.3389435066260967e-05,2.008415259939145e-05,6.694717533130483e-06,1.3389435066260967e-05,1.0042076299695725e-05,1.673679383282621e-05,1.0042076299695725e-05,1.0042076299695725e-05,2.008415259939145e-05,1.673679383282621e-05,2.3431511365956693e-05,1.673679383282621e-05,3.347358766565242e-05,3.0126228899087174e-05,3.682094643221766e-05,2.3431511365956693e-05,2.6778870132521933e-05,1.0042076299695725e-05,2.008415259939145e-05,1.0042076299695725e-05,2.008415259939145e-05,2.008415259939145e-05,3.0126228899087174e-05,4.01683051987829e-05,3.0126228899087174e-05,1.673679383282621e-05,2.6778870132521933e-05,4.6863022731913386e-05,3.682094643221766e-05,2.3431511365956693e-05,2.6778870132521933e-05,1.673679383282621e-05,2.008415259939145e-05,1.3389435066260967e-05,2.008415259939145e-05
1.673679383282621e-05,1.673679383282621e-05,3.682094643221766e-05,2.3431511365956693e-05,3.3473587665652417e-06,1.0042076299695725e-05,1.673679383282621e-05,3.3473587665652417e-06,1.3389435066260967e-05,6.694717533130483e-06,3.3473587665652417e-06,1.0042076299695725e-05,1.3389435066260967e-05,1.0042076299695725e-05,6.694717533130483e-06,6.694717533130483e-06,1.0042076299695725e-05,1.3389435066260967e-05,3.3473587665652417e-06,3.3473587665652417e-06,0.0,0.0,3.3473587665652417e-06,6.694717533130483e-06,3.3473587665652417e-06,3.3473587665652417e-06,1.0042076299695725e-05,0.0,3.3473587665652417e-06,0.0,0.0,0.0,0.0,3.3473587665652417e-06,0.0,0.0,0.0,0.0,0.0,0.0,0.0,0.0,0.0,0.0,0.0,6.694717533130483e-06,0.0,0.0,0.0,0.0,0.0,0.0,0.0,0.0,0.0,0.0,0.0,0.0,0.0,0.0,0.0,0.0,0.0,0.0,0.0,0.0,0.0,0.0,0.0,0.0,0.0,0.0,0.0,0.0,0.0,0.0,0.0,0.0,0.0,0.0,0.0,0.0,0.0,0.0,0.0,0.0,0.0,0.0,0.0,0.0,0.0,0.0,0.0,0.0,0.0,0.0,0.0,0.0,0.0,0.0,0.0,0.0,0.0,0.0,0.0,0.0,0.0,0.0,0.0,3.3473587665652417e-06,0.0,0.0,0.0,0.0,0.0,0.0,0.0,0.0,0.0,0.0,0.0,6.694717533130483e-06,0.0,6.694717533130483e-06,0.0,0.0,0.0,0.0,0.0,0.0,0.0,3.3473587665652417e-06,0.0,0.0,0.0,0.0,6.694717533130483e-06,0.0,0.0,0.0,0.0,0.0,0.0,0.0,0.0,3.3473587665652417e-06,0.0,3.3473587665652417e-06,0.0,0.0,0.0,0.0,3.3473587665652417e-06,0.0,0.0,0.0,0.0,0.0,0.0,0.0,0.0,0.0,0.0,0.0,0.0,0.0,0.0,0.0,0.0,0.0,0.0,0.0,3.3473587665652417e-06,0.0,0.0,0.0,3.3473587665652417e-06,3.3473587665652417e-06,0.0,0.0,0.0,0.0,0.0,3.3473587665652417e-06,0.0,0.0,6.694717533130483e-06,0.0,0.0,0.0,6.694717533130483e-06,6.694717533130483e-06,3.3473587665652417e-06,0.0,0.0,0.0,0.0,0.0,0.0,0.0,0.0,0.0,0.0,3.3473587665652417e-06,0.0,3.3473587665652417e-06,0.0,3.3473587665652417e-06,0.0,0.0,0.0,6.694717533130483e-06,0.0,6.694717533130483e-06,6.694717533130483e-06,6.694717533130483e-06,6.694717533130483e-06,3.3473587665652417e-06,6.694717533130483e-06,0.0,0.0,3.3473587665652417e-06,3.3473587665652417e-06,0.0,0.0,6.694717533130483e-06,3.3473587665652417e-06,0.0,0.0,6.694717533130483e-06,6.694717533130483e-06,0.0,6.694717533130483e-06,0.0,0.0,6.694717533130483e-06,0.0,0.0,3.3473587665652417e-06,0.0,0.0,6.694717533130483e-06,3.3473587665652417e-06,6.694717533130483e-06,1.3389435066260967e-05,3.3473587665652417e-06,3.3473587665652417e-06,3.3473587665652417e-06,6.694717533130483e-06,1.0042076299695725e-05,1.0042076299695725e-05,1.0042076299695725e-05,3.3473587665652417e-06,3.3473587665652417e-06,1.673679383282621e-05,6.694717533130483e-06,1.0042076299695725e-05,1.0042076299695725e-05,0.0,6.694717533130483e-06,3.3473587665652417e-06,1.0042076299695725e-05,1.0042076299695725e-05,1.0042076299695725e-05,1.0042076299695725e-05,6.694717533130483e-06,3.0126228899087174e-05,1.3389435066260967e-05,1.0042076299695725e-05,1.3389435066260967e-05,3.3473587665652417e-06,2.6778870132521933e-05,1.0042076299695725e-05,1.3389435066260967e-05,2.008415259939145e-05,0.0,6.694717533130483e-06,1.0042076299695725e-05,1.0042076299695725e-05,6.694717533130483e-06,1.0042076299695725e-05,6.694717533130483e-06,1.0042076299695725e-05,1.0042076299695725e-05,3.3473587665652417e-06,1.0042076299695725e-05,1.0042076299695725e-05,3.3473587665652417e-06,1.0042076299695725e-05,1.3389435066260967e-05,1.673679383282621e-05,1.0042076299695725e-05,0.0,1.3389435066260967e-05,3.3473587665652417e-06,1.3389435066260967e-05,0.0,2.008415259939145e-05,3.3473587665652417e-06,6.694717533130483e-06,1.0042076299695725e-05,0.0,0.0,3.3473587665652417e-06,6.694717533130483e-06,6.694717533130483e-06,0.0,6.694717533130483e-06,6.694717533130483e-06,3.3473587665652417e-06,1.673679383282621e-05,3.3473587665652417e-06,1.3389435066260967e-05,3.3473587665652417e-06,1.3389435066260967e-05,1.673679383282621e-05,6.694717533130483e-06,1.673679383282621e-05,3.3473587665652417e-06,1.0042076299695725e-05,1.673679383282621e-05,6.694717533130483e-06,1.0042076299695725e-05,1.0042076299695725e-05,1.0042076299695725e-05,1.3389435066260967e-05,1.673679383282621e-05,6.694717533130483e-05,3.3473587665652417e-06,1.0042076299695725e-05,2.3431511365956693e-05,3.0126228899087174e-05,1.673679383282621e-05,1.673679383282621e-05,0.0,1.3389435066260967e-05,2.3431511365956693e-05,3.347358766565242e-05,3.0126228899087174e-05,1.673679383282621e-05,2.008415259939145e-05,2.6778870132521933e-05,6.694717533130483e-06,2.008415259939145e-05,3.682094643221766e-05,1.3389435066260967e-05,1.3389435066260967e-05,1.0042076299695725e-05,1.0042076299695725e-05,2.008415259939145e-05,3.347358766565242e-05,4.351566396534814e-05,4.01683051987829e-05,2.3431511365956693e-05,2.6778870132521933e-05,3.682094643221766e-05,1.673679383282621e-05,3.682094643221766e-05,1.673679383282621e-05,2.008415259939145e-05
2.3431511365956693e-05,6.694717533130483e-06,3.0126228899087174e-05,3.3473587665652417e-06,1.3389435066260967e-05,2.008415259939145e-05,2.6778870132521933e-05,2.008415259939145e-05,2.6778870132521933e-05,0.0,3.3473587665652417e-06,1.3389435066260967e-05,1.673679383282621e-05,3.3473587665652417e-06,3.3473587665652417e-06,6.694717533130483e-06,1.0042076299695725e-05,6.694717533130483e-06,6.694717533130483e-06,3.3473587665652417e-06,0.0,6.694717533130483e-06,0.0,0.0,0.0,0.0,0.0,0.0,3.3473587665652417e-06,0.0,0.0,0.0,0.0,0.0,0.0,3.3473587665652417e-06,0.0,0.0,0.0,6.694717533130483e-06,0.0,0.0,0.0,0.0,0.0,0.0,0.0,0.0,0.0,0.0,0.0,0.0,0.0,0.0,0.0,0.0,0.0,0.0,0.0,0.0,0.0,0.0,0.0,0.0,0.0,0.0,0.0,0.0,0.0,0.0,0.0,0.0,0.0,0.0,0.0,0.0,0.0,0.0,0.0,0.0,0.0,0.0,0.0,0.0,0.0,0.0,0.0,0.0,0.0,0.0,0.0,0.0,0.0,0.0,0.0,0.0,0.0,0.0,0.0,0.0,0.0,3.3473587665652417e-06,0.0,0.0,0.0,0.0,0.0,0.0,3.3473587665652417e-06,0.0,0.0,0.0,0.0,0.0,0.0,0.0,0.0,0.0,0.0,0.0,0.0,0.0,0.0,0.0,3.3473587665652417e-06,0.0,0.0,0.0,0.0,0.0,0.0,0.0,0.0,0.0,3.3473587665652417e-06,0.0,0.0,0.0,3.3473587665652417e-06,3.3473587665652417e-06,0.0,3.3473587665652417e-06,3.3473587665652417e-06,0.0,0.0,3.3473587665652417e-06,3.3473587665652417e-06,0.0,3.3473587665652417e-06,0.0,0.0,0.0,0.0,0.0,0.0,6.694717533130483e-06,0.0,0.0,0.0,0.0,3.3473587665652417e-06,0.0,0.0,0.0,0.0,0.0,6.694717533130483e-06,0.0,6.694717533130483e-06,0.0,0.0,0.0,0.0,0.0,3.3473587665652417e-06,0.0,0.0,0.0,0.0,0.0,0.0,3.3473587665652417e-06,3.3473587665652417e-06,6.694717533130483e-06,3.3473587665652417e-06,6.694717533130483e-06,6.694717533130483e-06,0.0,0.0,3.3473587665652417e-06,3.3473587665652417e-06,0.0,3.3473587665652417e-06,3.3473587665652417e-06,0.0,0.0,0.0,0.0,0.0,0.0,0.0,6.694717533130483e-06,0.0,3.3473587665652417e-06,3.3473587665652417e-06,0.0,0.0,0.0,6.694717533130483e-06,3.3473587665652417e-06,0.0,0.0,0.0,6.694717533130483e-06,0.0,0.0,0.0,0.0,3.3473587665652417e-06,0.0,0.0,0.0,0.0,0.0,0.0,0.0,3.3473587665652417e-06,1.0042076299695725e-05,0.0,6.694717533130483e-06,0.0,6.694717533130483e-06,0.0,0.0,3.3473587665652417e-06,0.0,0.0,0.0,1.0042076299695725e-05,6.694717533130483e-06,3.3473587665652417e-06,6.694717533130483e-06,3.3473587665652417e-06,3.3473587665652417e-06,6.694717533130483e-06,6.694717533130483e-06,6.694717533130483e-06,1.0042076299695725e-05,0.0,1.3389435066260967e-05,6.694717533130483e-06,1.0042076299695725e-05,6.694717533130483e-06,6.694717533130483e-06,1.673679383282621e-05,6.694717533130483e-06,3.3473587665652417e-06,3.3473587665652417e-06,3.3473587665652417e-06,6.694717533130483e-06,1.0042076299695725e-05,1.3389435066260967e-05,1.0042076299695725e-05,3.3473587665652417e-06,3.3473587665652417e-06,1.0042076299695725e-05,6.694717533130483e-06,1.0042076299695725e-05,1.0042076299695725e-05,3.3473587665652417e-06,1.3389435066260967e-05,1.3389435066260967e-05,4.6863022731913386e-05,2.3431511365956693e-05,1.673679383282621e-05,1.3389435066260967e-05,1.0042076299695725e-05,2.008415259939145e-05,1.673679383282621e-05,1.3389435066260967e-05,6.694717533130483e-06,3.3473587665652417e-06,6.694717533130483e-06,6.694717533130483e-06,1.3389435066260967e-05,1.3389435066260967e-05,1.673679383282621e-05,1.0042076299695725e-05,6.694717533130483e-06,1.3389435066260967e-05,1.0042076299695725e-05,6.694717533130483e-06,3.3473587665652417e-06,3.3473587665652417e-06,6.694717533130483e-06,0.0,1.0042076299695725e-05,2.008415259939145e-05,1.0042076299695725e-05,6.694717533130483e-06,6.694717533130483e-06,0.0,0.0,3.3473587665652417e-06,0.0,6.694717533130483e-06,1.0042076299695725e-05,1.3389435066260967e-05,6.694717533130483e-06,6.694717533130483e-06,1.673679383282621e-05,6.694717533130483e-06,1.0042076299695725e-05,3.0126228899087174e-05,1.3389435066260967e-05,6.694717533130483e-06,1.673679383282621e-05,3.3473587665652417e-06,3.3473587665652417e-06,1.0042076299695725e-05,6.694717533130483e-06,6.694717533130483e-06,3.3473587665652417e-06,1.673679383282621e-05,2.6778870132521933e-05,1.0042076299695725e-05,1.0042076299695725e-05,6.025245779817435e-05,1.0042076299695725e-05,1.673679383282621e-05,1.0042076299695725e-05,1.3389435066260967e-05,1.3389435066260967e-05,2.008415259939145e-05,3.3473587665652417e-06,2.3431511365956693e-05,1.673679383282621e-05,2.3431511365956693e-05,1.3389435066260967e-05,6.694717533130483e-06,1.673679383282621e-05,2.3431511365956693e-05,2.3431511365956693e-05,1.3389435066260967e-05,1.0042076299695725e-05,3.347358766565242e-05,2.6778870132521933e-05,2.008415259939145e-05,2.6778870132521933e-05,2.3431511365956693e-05,1.673679383282621e-05,2.6778870132521933e-05,3.347358766565242e-05,3.0126228899087174e-05,2.008415259939145e-05,2.3431511365956693e-05,3.682094643221766e-05,2.6778870132521933e-05,2.008415259939145e-05,2.008415259939145e-05
1.673679383282621e-05,3.682094643221766e-05,4.351566396534814e-05,1.673679383282621e-05,6.694717533130483e-06,1.3389435066260967e-05,3.0126228899087174e-05,3.682094643221766e-05,2.008415259939145e-05,6.694717533130483e-06,6.694717533130483e-06,1.3389435066260967e-05,6.694717533130483e-06,1.0042076299695725e-05,3.3473587665652417e-06,1.3389435066260967e-05,0.0,6.694717533130483e-06,3.3473587665652417e-06,1.3389435066260967e-05,0.0,0.0,0.0,0.0,3.3473587665652417e-06,3.3473587665652417e-06,3.3473587665652417e-06,0.0,0.0,0.0,3.3473587665652417e-06,3.3473587665652417e-06,0.0,3.3473587665652417e-06,0.0,0.0,6.694717533130483e-06,0.0,3.3473587665652417e-06,3.3473587665652417e-06,0.0,0.0,0.0,0.0,0.0,0.0,3.3473587665652417e-06,0.0,0.0,0.0,0.0,0.0,0.0,0.0,0.0,0.0,0.0,0.0,0.0,0.0,0.0,0.0,0.0,0.0,0.0,0.0,0.0,0.0,0.0,0.0,0.0,0.0,0.0,0.0,0.0,0.0,3.3473587665652417e-06,0.0,0.0,0.0,0.0,0.0,0.0,0.0,0.0,0.0,0.0,0.0,3.3473587665652417e-06,0.0,0.0,3.3473587665652417e-06,0.0,0.0,0.0,0.0,0.0,0.0,0.0,0.0,0.0,0.0,0.0,0.0,0.0,0.0,3.3473587665652417e-06,0.0,0.0,0.0,0.0,3.3473587665652417e-06,0.0,0.0,0.0,0.0,0.0,0.0,0.0,0.0,0.0,0.0,0.0,0.0,0.0,0.0,3.3473587665652417e-06,0.0,0.0,0.0,0.0,0.0,0.0,3.3473587665652417e-06,0.0,0.0,0.0,0.0,0.0,0.0,0.0,3.3473587665652417e-06,3.0126228899087174e-05,0.0,0.0,3.3473587665652417e-06,0.0,0.0,0.0,0.0,0.0,0.0,0.0,0.0,0.0,0.0,3.3473587665652417e-06,0.0,0.0,0.0,0.0,0.0,0.0,3.3473587665652417e-06,0.0,0.0,0.0,3.3473587665652417e-06,0.0,0.0,3.3473587665652417e-06,0.0,0.0,0.0,0.0,6.694717533130483e-06,0.0,3.3473587665652417e-06,3.3473587665652417e-06,3.3473587665652417e-06,6.694717533130483e-06,0.0,0.0,3.3473587665652417e-06,3.3473587665652417e-06,6.694717533130483e-06,6.694717533130483e-06,0.0,6.694717533130483e-06,0.0,0.0,3.3473587665652417e-06,3.3473587665652417e-06,6.694717533130483e-06,0.0,6.694717533130483e-06,0.0,3.3473587665652417e-06,6.694717533130483e-06,3.3473587665652417e-06,0.0,0.0,0.0,0.0,0.0,6.694717533130483e-06,1.0042076299695725e-05,0.0,6.694717533130483e-06,6.694717533130483e-06,0.0,3.3473587665652417e-06,0.0,3.3473587665652417e-06,3.3473587665652417e-06,3.3473587665652417e-06,0.0,0.0,3.3473587665652417e-06,0.0,0.0,0.0,3.3473587665652417e-06,1.0042076299695725e-05,0.0,6.694717533130483e-06,0.0,0.0,0.0,0.0,0.0,0.0,6.694717533130483e-06,6.694717533130483e-06,3.3473587665652417e-06,3.3473587665652417e-06,0.0,1.0042076299695725e-05,6.694717533130483e-06,0.0,0.0,6.694717533130483e-06,3.3473587665652417e-06,6.694717533130483e-06,0.0,1.3389435066260967e-05,6.694717533130483e-06,1.0042076299695725e-05,6.694717533130483e-06,6.694717533130483e-06,1.673679383282621e-05,1.3389435066260967e-05,3.3473587665652417e-06,3.3473587665652417e-06,1.0042076299695725e-05,0.0,6.694717533130483e-06,3.3473587665652417e-06,3.3473587665652417e-06,3.3473587665652417e-06,3.3473587665652417e-06,1.673679383282621e-05,1.0042076299695725e-05,6.694717533130483e-06,6.694717533130483e-06,6.694717533130483e-06,3.3473587665652417e-06,3.3473587665652417e-06,2.6778870132521933e-05,1.3389435066260967e-05,1.673679383282621e-05,6.694717533130483e-06,1.673679383282621e-05,1.3389435066260967e-05,1.0042076299695725e-05,6.694717533130483e-06,1.673679383282621e-05,1.673679383282621e-05,1.0042076299695725e-05,0.0,1.673679383282621e-05,6.694717533130483e-06,6.694717533130483e-06,3.3473587665652417e-06,6.694717533130483e-06,2.3431511365956693e-05,3.3473587665652417e-06,1.0042076299695725e-05,0.0,6.694717533130483e-06,2.6778870132521933e-05,3.3473587665652417e-06,6.694717533130483e-06,2.008415259939145e-05,1.3389435066260967e-05,1.3389435066260967e-05,1.673679383282621e-05,1.673679383282621e-05,6.694717533130483e-06,6.694717533130483e-06,3.3473587665652417e-06,1.0042076299695725e-05,6.694717533130483e-06,6.694717533130483e-06,6.694717533130483e-06,1.0042076299695725e-05,2.008415259939145e-05,1.0042076299695725e-05,3.3473587665652417e-06,6.694717533130483e-06,1.673679383282621e-05,1.673679383282621e-05,1.673679383282621e-05,3.3473587665652417e-06,3.3473587665652417e-06,1.3389435066260967e-05,3.3473587665652417e-06,1.3389435066260967e-05,1.3389435066260967e-05,1.3389435066260967e-05,3.3473587665652417e-06,6.694717533130483e-06,6.694717533130483e-06,3.3473587665652417e-06,6.694717533130483e-06,6.694717533130483e-06,5.3557740265043867e-05,3.682094643221766e-05,6.694717533130483e-06,6.694717533130483e-06,9.372604546382677e-05,1.673679383282621e-05,6.694717533130483e-06,6.694717533130483e-06,1.673679383282621e-05,1.0042076299695725e-05,1.673679383282621e-05,6.694717533130483e-06,4.01683051987829e-05,4.01683051987829e-05,1.673679383282621e-05,1.673679383282621e-05,1.673679383282621e-05,2.6778870132521933e-05,1.673679383282621e-05,2.008415259939145e-05,1.3389435066260967e-05,3.0126228899087174e-05,2.008415259939145e-05,2.6778870132521933e-05,4.01683051987829e-05,2.3431511365956693e-05,3.347358766565242e-05,2.6778870132521933e-05,2.6778870132521933e-05,2.008415259939145e-05,2.6778870132521933e-05,2.6778870132521933e-05,2.008415259939145e-05,2.3431511365956693e-05
1.3389435066260967e-05,2.3431511365956693e-05,1.673679383282621e-05,2.008415259939145e-05,1.0042076299695725e-05,1.673679383282621e-05,6.694717533130483e-06,1.3389435066260967e-05,3.3473587665652417e-06,1.673679383282621e-05,3.3473587665652417e-06,1.673679383282621e-05,1.3389435066260967e-05,1.673679383282621e-05,3.3473587665652417e-06,3.3473587665652417e-06,3.3473587665652417e-06,6.694717533130483e-06,6.694717533130483e-06,6.694717533130483e-06,3.3473587665652417e-06,0.0,3.3473587665652417e-06,2.3431511365956693e-05,0.0,3.3473587665652417e-06,3.3473587665652417e-06,0.0,0.0,0.0,0.0,0.0,0.0,3.3473587665652417e-06,0.0,0.0,0.0,0.0,0.0,0.0,0.0,0.0,0.0,0.0,0.0,0.0,0.0,0.0,0.0,0.0,0.0,0.0,0.0,0.0,0.0,0.0,0.0,0.0,0.0,0.0,0.0,0.0,0.0,0.0,0.0,0.0,0.0,0.0,0.0,0.0,0.0,0.0,0.0,0.0,0.0,0.0,0.0,0.0,0.0,0.0,0.0,0.0,0.0,0.0,0.0,0.0,0.0,0.0,0.0,0.0,0.0,0.0,0.0,0.0,0.0,0.0,0.0,0.0,0.0,0.0,0.0,3.3473587665652417e-06,3.3473587665652417e-06,0.0,0.0,0.0,0.0,6.694717533130483e-06,0.0,0.0,3.3473587665652417e-06,0.0,0.0,0.0,0.0,0.0,0.0,0.0,0.0,0.0,0.0,0.0,0.0,3.3473587665652417e-06,0.0,0.0,0.0,0.0,0.0,0.0,0.0,0.0,3.3473587665652417e-06,3.3473587665652417e-06,0.0,0.0,0.0,0.0,0.0,0.0,0.0,0.0,0.0,0.0,6.694717533130483e-06,0.0,3.3473587665652417e-06,0.0,3.3473587665652417e-06,0.0,0.0,0.0,0.0,0.0,0.0,0.0,3.3473587665652417e-06,0.0,3.3473587665652417e-06,0.0,0.0,0.0,0.0,3.3473587665652417e-06,6.694717533130483e-06,0.0,0.0,0.0,0.0,0.0,0.0,3.3473587665652417e-06,3.3473587665652417e-06,0.0,0.0,0.0,0.0,0.0,3.3473587665652417e-06,6.694717533130483e-06,0.0,3.3473587665652417e-06,0.0,3.3473587665652417e-06,3.3473587665652417e-06,1.3389435066260967e-05,3.3473587665652417e-06,3.3473587665652417e-06,0.0,6.694717533130483e-06,0.0,0.0,0.0,3.3473587665652417e-06,0.0,6.694717533130483e-06,3.3473587665652417e-06,3.3473587665652417e-06,0.0,1.0042076299695725e-05,0.0,6.694717533130483e-06,0.0,0.0,3.3473587665652417e-06,1.0042076299695725e-05,6.694717533130483e-06,0.0,1.0042076299695725e-05,3.3473587665652417e-06,6.694717533130483e-06,3.3473587665652417e-06,0.0,3.3473587665652417e-06,3.3473587665652417e-06,0.0,3.3473587665652417e-06,3.3473587665652417e-06,0.0,6.694717533130483e-06,0.0,1.0042076299695725e-05,0.0,3.3473587665652417e-06,6.694717533130483e-06,3.3473587665652417e-06,6.694717533130483e-06,3.3473587665652417e-06,0.0,3.3473587665652417e-06,1.0042076299695725e-05,0.0,3.3473587665652417e-06,0.0,3.3473587665652417e-06,3.3473587665652417e-06,3.3473587665652417e-06,6.694717533130483e-06,0.0,6.694717533130483e-06,3.3473587665652417e-06,0.0,1.0042076299695725e-05,2.3431511365956693e-05,3.3473587665652417e-06,3.3473587665652417e-06,1.0042076299695725e-05,6.694717533130483e-06,6.694717533130483e-06,1.673679383282621e-05,6.694717533130483e-06,6.694717533130483e-06,2.3431511365956693e-05,6.694717533130483e-06,1.0042076299695725e-05,3.3473587665652417e-06,0.0,3.3473587665652417e-06,3.3473587665652417e-06,1.0042076299695725e-05,6.694717533130483e-06,6.694717533130483e-06,6.694717533130483e-06,2.008415259939145e-05,0.0,2.008415259939145e-05,2.6778870132521933e-05,3.3473587665652417e-06,1.3389435066260967e-05,1.673679383282621e-05,0.0,6.694717533130483e-06,3.0126228899087174e-05,2.3431511365956693e-05,6.694717533130483e-06,1.3389435066260967e-05,1.0042076299695725e-05,1.3389435066260967e-05,1.0042076299695725e-05,2.3431511365956693e-05,2.008415259939145e-05,1.3389435066260967e-05,0.0,0.0,1.673679383282621e-05,1.673679383282621e-05,1.673679383282621e-05,1.0042076299695725e-05,2.008415259939145e-05,6.694717533130483e-06,1.3389435066260967e-05,2.3431511365956693e-05,1.3389435066260967e-05,1.673679383282621e-05,2.008415259939145e-05,6.694717533130483e-06,1.3389435066260967e-05,1.3389435066260967e-05,3.3473587665652417e-06,1.673679383282621e-05,1.0042076299695725e-05,3.3473587665652417e-06,1.3389435066260967e-05,1.673679383282621e-05,0.0,1.0042076299695725e-05,1.0042076299695725e-05,6.694717533130483e-06,1.3389435066260967e-05,1.3389435066260967e-05,1.0042076299695725e-05,6.694717533130483e-06,2.008415259939145e-05,5.021038149847862e-05,3.3473587665652417e-06,5.021038149847862e-05,1.3389435066260967e-05,0.0,1.0042076299695725e-05,3.3473587665652417e-06,1.3389435066260967e-05,1.3389435066260967e-05,1.673679383282621e-05,2.008415259939145e-05,2.008415259939145e-05,1.3389435066260967e-05,1.673679383282621e-05,2.6778870132521933e-05,2.3431511365956693e-05,2.6778870132521933e-05,1.673679383282621e-05,1.673679383282621e-05,1.3389435066260967e-05,3.3473587665652417e-06,3.682094643221766e-05,4.351566396534814e-05,6.694717533130483e-06,2.008415259939145e-05,2.008415259939145e-05,3.347358766565242e-05,4.01683051987829e-05,3.682094643221766e-05,1.0042076299695725e-05,2.6778870132521933e-05,2.3431511365956693e-05,2.3431511365956693e-05,4.01683051987829e-05,3.0126228899087174e-05,3.682094643221766e-05,5.021038149847862e-05,2.3431511365956693e-05,2.008415259939145e-05,2.6778870132521933e-05,3.682094643221766e-05,2.008415259939145e-05,1.673679383282621e-05,2.6778870132521933e-05,1.3389435066260967e-05,1.673679383282621e-05,1.0042076299695725e-05
2.008415259939145e-05,2.3431511365956693e-05,1.3389435066260967e-05,3.347358766565242e-05,4.01683051987829e-05,2.3431511365956693e-05,1.673679383282621e-05,6.694717533130483e-06,6.694717533130483e-06,1.0042076299695725e-05,2.3431511365956693e-05,6.694717533130483e-06,3.3473587665652417e-06,3.3473587665652417e-06,6.694717533130483e-06,3.3473587665652417e-06,6.694717533130483e-06,3.3473587665652417e-06,6.694717533130483e-06,1.0042076299695725e-05,6.694717533130483e-06,0.0,0.0,3.3473587665652417e-06,6.694717533130483e-06,0.0,0.0,0.0,3.3473587665652417e-06,0.0,3.3473587665652417e-06,0.0,0.0,0.0,0.0,3.3473587665652417e-06,3.3473587665652417e-06,0.0,3.3473587665652417e-06,0.0,0.0,3.3473587665652417e-06,3.3473587665652417e-06,3.3473587665652417e-06,0.0,0.0,0.0,0.0,0.0,0.0,0.0,0.0,0.0,0.0,3.3473587665652417e-06,0.0,0.0,0.0,0.0,0.0,0.0,0.0,0.0,3.3473587665652417e-06,0.0,0.0,0.0,0.0,0.0,0.0,0.0,0.0,0.0,0.0,0.0,0.0,0.0,0.0,0.0,0.0,0.0,0.0,0.0,0.0,0.0,3.3473587665652417e-06,0.0,0.0,0.0,0.0,3.3473587665652417e-06,0.0,0.0,3.3473587665652417e-06,0.0,6.694717533130483e-06,3.3473587665652417e-06,0.0,0.0,0.0,0.0,3.3473587665652417e-06,0.0,0.0,0.0,0.0,0.0,0.0,0.0,0.0,0.0,0.0,0.0,0.0,0.0,0.0,0.0,0.0,0.0,0.0,0.0,0.0,0.0,3.3473587665652417e-06,0.0,0.0,3.3473587665652417e-06,0.0,0.0,0.0,0.0,0.0,3.3473587665652417e-06,0.0,0.0,0.0,0.0,6.694717533130483e-06,0.0,0.0,0.0,0.0,3.3473587665652417e-06,0.0,0.0,0.0,0.0,0.0,0.0,0.0,0.0,0.0,0.0,0.0,0.0,0.0,0.0,0.0,0.0,0.0,0.0,0.0,6.694717533130483e-06,0.0,0.0,0.0,0.0,0.0,0.0,0.0,3.3473587665652417e-06,3.3473587665652417e-06,3.3473587665652417e-06,6.694717533130483e-06,0.0,0.0,3.3473587665652417e-06,0.0,3.3473587665652417e-06,3.3473587665652417e-06,3.3473587665652417e-06,0.0,6.694717533130483e-06,0.0,3.3473587665652417e-06,0.0,6.694717533130483e-06,6.694717533130483e-06,0.0,0.0,0.0,3.3473587665652417e-06,6.694717533130483e-06,3.3473587665652417e-06,1.0042076299695725e-05,3.3473587665652417e-06,3.3473587665652417e-06,0.0,1.3389435066260967e-05,6.694717533130483e-06,3.3473587665652417e-06,0.0,3.3473587665652417e-06,0.0,6.694717533130483e-06,6.694717533130483e-06,3.3473587665652417e-06,0.0,0.0,0.0,3.3473587665652417e-06,6.694717533130483e-06,0.0,0.0,6.694717533130483e-06,3.3473587665652417e-06,3.3473587665652417e-06,0.0,3.3473587665652417e-06,0.0,3.3473587665652417e-06,0.0,3.3473587665652417e-06,0.0,6.694717533130483e-06,0.0,1.0042076299695725e-05,6.694717533130483e-06,0.0,0.0,3.3473587665652417e-06,0.0,0.0,0.0,3.3473587665652417e-06,0.0,0.0,3.3473587665652417e-06,0.0,3.3473587665652417e-06,3.3473587665652417e-06,3.3473587665652417e-06,1.673679383282621e-05,6.694717533130483e-06,6.694717533130483e-06,0.0,3.3473587665652417e-06,3.3473587665652417e-06,3.3473587665652417e-06,1.0042076299695725e-05,1.673679383282621e-05,1.3389435066260967e-05,2.3431511365956693e-05,2.3431511365956693e-05,1.0042076299695725e-05,6.694717533130483e-06,6.694717533130483e-06,6.694717533130483e-06,1.3389435066260967e-05,1.3389435066260967e-05,0.0,0.0,0.0,2.6778870132521933e-05,3.3473587665652417e-06,3.0126228899087174e-05,6.694717533130483e-06,6.694717533130483e-06,3.3473587665652417e-06,1.3389435066260967e-05,2.3431511365956693e-05,2.6778870132521933e-05,3.3473587665652417e-06,2.6778870132521933e-05,3.0126228899087174e-05,6.694717533130483e-06,2.3431511365956693e-05,6.694717533130483e-06,1.3389435066260967e-05,2.6778870132521933e-05,1.0042076299695725e-05,1.0042076299695725e-05,1.3389435066260967e-05,1.0042076299695725e-05,1.0042076299695725e-05,6.694717533130483e-06,1.3389435066260967e-05,1.3389435066260967e-05,1.673679383282621e-05,1.3389435066260967e-05,1.0042076299695725e-05,3.3473587665652417e-06,6.694717533130483e-06,6.694717533130483e-06,1.0042076299695725e-05,1.673679383282621e-05,3.3473587665652417e-06,1.0042076299695725e-05,1.3389435066260967e-05,1.673679383282621e-05,1.673679383282621e-05,6.694717533130483e-06,0.0,1.3389435066260967e-05,1.673679383282621e-05,0.0,1.3389435066260967e-05,1.3389435066260967e-05,6.694717533130483e-06,6.694717533130483e-06,3.3473587665652417e-06,1.673679383282621e-05,1.3389435066260967e-05,4.6863022731913386e-05,6.694717533130483e-06,2.008415259939145e-05,6.694717533130483e-06,1.0042076299695725e-05,2.3431511365956693e-05,1.0042076299695725e-05,1.3389435066260967e-05,6.694717533130483e-06,1.673679383282621e-05,3.3473587665652417e-06,3.3473587665652417e-06,6.694717533130483e-06,1.3389435066260967e-05,6.694717533130483e-06,1.0042076299695725e-05,3.0126228899087174e-05,0.0,1.0042076299695725e-05,1.3389435066260967e-05,6.694717533130483e-06,3.347358766565242e-05,3.682094643221766e-05,1.0042076299695725e-05,2.3431511365956693e-05,1.3389435066260967e-05,1.3389435066260967e-05,2.3431511365956693e-05,1.3389435066260967e-05,1.673679383282621e-05,1.673679383282621e-05,3.0126228899087174e-05,2.008415259939145e-05,2.3431511365956693e-05,3.0126228899087174e-05,2.008415259939145e-05,1.0042076299695725e-05,2.008415259939145e-05,3.0126228899087174e-05,3.347358766565242e-05,3.347358766565242e-05,3.0126228899087174e-05,1.673679383282621e-05,1.0042076299695725e-05,4.01683051987829e-05,1.0042076299695725e-05,3.0126228899087174e-05
1.673679383282621e-05,2.008415259939145e-05,6.694717533130483e-06,3.0126228899087174e-05,3.347358766565242e-05,2.008415259939145e-05,6.694717533130483e-06,1.3389435066260967e-05,1.3389435066260967e-05,1.673679383282621e-05,6.694717533130483e-06,1.673679383282621e-05,1.673679383282621e-05,0.0,3.3473587665652417e-06,1.673679383282621e-05,3.3473587665652417e-06,3.3473587665652417e-06,6.694717533130483e-06,1.0042076299695725e-05,3.3473587665652417e-06,0.0,6.694717533130483e-06,0.0,0.0,3.3473587665652417e-06,0.0,0.0,0.0,0.0,0.0,0.0,0.0,0.0,0.0,3.3473587665652417e-06,0.0,0.0,0.0,0.0,3.3473587665652417e-06,3.3473587665652417e-06,3.3473587665652417e-06,0.0,0.0,3.3473587665652417e-06,0.0,0.0,0.0,0.0,0.0,0.0,0.0,0.0,0.0,0.0,0.0,0.0,0.0,0.0,0.0,0.0,0.0,3.3473587665652417e-06,0.0,0.0,0.0,0.0,0.0,0.0,0.0,0.0,0.0,0.0,0.0,0.0,0.0,0.0,0.0,0.0,0.0,0.0,0.0,0.0,0.0,0.0,0.0,0.0,0.0,0.0,0.0,0.0,0.0,0.0,0.0,0.0,0.0,0.0,0.0,3.3473587665652417e-06,0.0,0.0,0.0,3.3473587665652417e-06,0.0,0.0,0.0,0.0,0.0,0.0,0.0,0.0,0.0,0.0,0.0,0.0,0.0,0.0,0.0,3.3473587665652417e-06,0.0,0.0,0.0,0.0,0.0,3.3473587665652417e-06,3.3473587665652417e-06,0.0,3.3473587665652417e-06,3.3473587665652417e-06,0.0,3.3473587665652417e-06,0.0,0.0,0.0,0.0,0.0,0.0,0.0,0.0,0.0,0.0,0.0,0.0,3.3473587665652417e-06,6.694717533130483e-06,0.0,0.0,0.0,0.0,0.0,0.0,0.0,0.0,6.694717533130483e-06,0.0,0.0,0.0,0.0,0.0,0.0,3.3473587665652417e-06,3.3473587665652417e-06,0.0,0.0,0.0,0.0,3.3473587665652417e-06,0.0,0.0,3.3473587665652417e-06,0.0,0.0,0.0,0.0,0.0,3.3473587665652417e-06,6.694717533130483e-06,0.0,6.694717533130483e-06,0.0,6.694717533130483e-06,1.0042076299695725e-05,1.0042076299695725e-05,1.0042076299695725e-05,3.3473587665652417e-06,0.0,6.694717533130483e-06,3.3473587665652417e-06,1.3389435066260967e-05,3.3473587665652417e-06,1.0042076299695725e-05,0.0,0.0,0.0,1.3389435066260967e-05,1.0042076299695725e-05,1.0042076299695725e-05,3.3473587665652417e-06,6.694717533130483e-06,1.0042076299695725e-05,1.0042076299695725e-05,1.3389435066260967e-05,0.0,6.694717533130483e-06,6.694717533130483e-06,0.0,5.3557740265043867e-05,1.0042076299695725e-05,6.694717533130483e-06,0.0,3.3473587665652417e-06,3.3473587665652417e-06,6.694717533130483e-06,0.0,3.3473587665652417e-06,0.0,6.694717533130483e-06,0.0,0.0,1.0042076299695725e-05,3.3473587665652417e-06,0.0,0.0,3.3473587665652417e-06,6.694717533130483e-06,3.3473587665652417e-06,6.694717533130483e-06,0.0,3.3473587665652417e-06,0.0,0.0,0.0,6.694717533130483e-06,3.3473587665652417e-06,3.3473587665652417e-06,0.0,6.694717533130483e-06,6.694717533130483e-06,0.0,3.3473587665652417e-06,0.0,1.0042076299695725e-05,3.3473587665652417e-06,0.0,1.0042076299695725e-05,1.3389435066260967e-05,0.0,3.3473587665652417e-06,1.673679383282621e-05,1.3389435066260967e-05,1.3389435066260967e-05,6.694717533130483e-06,2.008415259939145e-05,6.694717533130483e-06,1.673679383282621e-05,1.673679383282621e-05,0.0,3.3473587665652417e-06,1.673679383282621e-05,6.694717533130483e-06,0.0,1.0042076299695725e-05,2.3431511365956693e-05,1.673679383282621e-05,6.694717533130483e-06,2.6778870132521933e-05,1.3389435066260967e-05,1.0042076299695725e-05,1.0042076299695725e-05,6.694717533130483e-06,1.0042076299695725e-05,2.6778870132521933e-05,1.673679383282621e-05,2.6778870132521933e-05,1.673679383282621e-05,6.694717533130483e-06,1.673679383282621e-05,1.0042076299695725e-05,2.008415259939145e-05,1.3389435066260967e-05,2.008415259939145e-05,1.3389435066260967e-05,1.673679383282621e-05,3.682094643221766e-05,1.3389435066260967e-05,1.673679383282621e-05,1.0042076299695725e-05,3.3473587665652417e-06,6.694717533130483e-06,1.0042076299695725e-05,1.673679383282621e-05,3.3473587665652417e-06,1.3389435066260967e-05,2.3431511365956693e-05,2.3431511365956693e-05,1.3389435066260967e-05,1.673679383282621e-05,1.0042076299695725e-05,3.3473587665652417e-06,1.0042076299695725e-05,6.694717533130483e-06,1.3389435066260967e-05,1.0042076299695725e-05,1.0042076299695725e-05,3.3473587665652417e-06,1.3389435066260967e-05,1.673679383282621e-05,1.3389435066260967e-05,3.3473587665652417e-06,3.3473587665652417e-06,0.0,1.3389435066260967e-05,1.0042076299695725e-05,3.3473587665652417e-06,2.3431511365956693e-05,0.0,1.0042076299695725e-05,3.0126228899087174e-05,6.694717533130483e-06,6.694717533130483e-06,1.0042076299695725e-05,6.694717533130483e-06,2.008415259939145e-05,0.0,1.3389435066260967e-05,6.694717533130483e-06,3.3473587665652417e-06,1.3389435066260967e-05,1.673679383282621e-05,1.3389435066260967e-05,3.347358766565242e-05,1.673679383282621e-05,2.3431511365956693e-05,1.0042076299695725e-05,2.3431511365956693e-05,2.6778870132521933e-05,1.0042076299695725e-05,1.3389435066260967e-05,2.6778870132521933e-05,4.01683051987829e-05,2.3431511365956693e-05,2.008415259939145e-05,2.008415259939145e-05,2.008415259939145e-05,2.6778870132521933e-05,2.3431511365956693e-05,3.347358766565242e-05,1.673679383282621e-05,3.0126228899087174e-05,3.0126228899087174e-05,3.0126228899087174e-05,3.0126228899087174e-05,2.6778870132521933e-05,1.673679383282621e-05,1.3389435066260967e-05,2.3431511365956693e-05,2.3431511365956693e-05,1.3389435066260967e-05,2.008415259939145e-05
2.3431511365956693e-05,2.008415259939145e-05,2.6778870132521933e-05,1.673679383282621e-05,6.694717533130483e-06,2.008415259939145e-05,1.0042076299695725e-05,1.0042076299695725e-05,2.008415259939145e-05,3.3473587665652417e-06,1.3389435066260967e-05,6.694717533130483e-06,3.3473587665652417e-06,0.0,2.008415259939145e-05,1.3389435066260967e-05,1.3389435066260967e-05,6.694717533130483e-06,3.3473587665652417e-06,6.694717533130483e-06,0.0,3.3473587665652417e-06,0.0,0.0,3.3473587665652417e-06,3.3473587665652417e-06,0.0,0.0,0.0,0.0,0.0,3.3473587665652417e-06,0.0,3.3473587665652417e-06,0.0,0.0,0.0,0.0,0.0,0.0,0.0,0.0,3.3473587665652417e-06,0.0,0.0,0.0,0.0,0.0,0.0,0.0,0.0,0.0,0.0,0.0,0.0,0.0,0.0,0.0,0.0,0.0,0.0,0.0,0.0,0.0,0.0,0.0,0.0,0.0,0.0,0.0,0.0,0.0,0.0,0.0,0.0,0.0,0.0,0.0,0.0,0.0,0.0,0.0,0.0,0.0,0.0,6.694717533130483e-06,0.0,0.0,3.3473587665652417e-06,0.0,3.3473587665652417e-06,0.0,0.0,0.0,3.3473587665652417e-06,0.0,0.0,0.0,0.0,0.0,0.0,0.0,0.0,0.0,0.0,0.0,0.0,0.0,0.0,0.0,0.0,3.3473587665652417e-06,0.0,0.0,0.0,0.0,3.3473587665652417e-06,0.0,0.0,0.0,0.0,0.0,0.0,0.0,0.0,6.694717533130483e-06,0.0,0.0,0.0,0.0,0.0,0.0,0.0,0.0,0.0,0.0,0.0,0.0,0.0,0.0,0.0,3.3473587665652417e-06,0.0,0.0,0.0,3.3473587665652417e-06,0.0,0.0,0.0,0.0,0.0,0.0,0.0,0.0,0.0,3.3473587665652417e-06,0.0,0.0,0.0,3.3473587665652417e-06,3.3473587665652417e-06,0.0,1.0042076299695725e-05,0.0,0.0,0.0,0.0,0.0,0.0,0.0,3.3473587665652417e-06,0.0,0.0,0.0,3.3473587665652417e-06,0.0,0.0,0.0,3.3473587665652417e-06,0.0,0.0,3.3473587665652417e-06,0.0,0.0,6.694717533130483e-06,0.0,0.0,3.3473587665652417e-06,0.0,0.0,3.3473587665652417e-06,3.3473587665652417e-06,3.3473587665652417e-06,0.0,0.0,3.3473587665652417e-06,3.3473587665652417e-06,1.0042076299695725e-05,0.0,6.694717533130483e-06,1.0042076299695725e-05,0.0,6.694717533130483e-06,0.0,1.0042076299695725e-05,1.0042076299695725e-05,1.0042076299695725e-05,0.0,0.0,1.0042076299695725e-05,6.694717533130483e-06,6.694717533130483e-06,0.0,0.0,1.3389435066260967e-05,6.694717533130483e-06,0.0,0.0,3.3473587665652417e-06,0.0,0.0,6.694717533130483e-06,6.694717533130483e-06,1.0042076299695725e-05,0.0,3.3473587665652417e-06,0.0,6.694717533130483e-06,0.0,0.0,1.0042076299695725e-05,0.0,3.3473587665652417e-06,6.694717533130483e-06,3.3473587665652417e-06,0.0,6.694717533130483e-06,0.0,3.3473587665652417e-06,6.694717533130483e-06,6.694717533130483e-06,1.3389435066260967e-05,6.694717533130483e-06,3.3473587665652417e-06,3.3473587665652417e-06,0.0,6.694717533130483e-06,3.3473587665652417e-06,1.0042076299695725e-05,6.694717533130483e-06,1.3389435066260967e-05,2.3431511365956693e-05,1.3389435066260967e-05,0.0,1.0042076299695725e-05,1.0042076299695725e-05,3.3473587665652417e-06,1.3389435066260967e-05,3.3473587665652417e-06,6.694717533130483e-06,0.0,0.0,3.3473587665652417e-06,3.3473587665652417e-06,1.0042076299695725e-05,0.0,1.3389435066260967e-05,1.3389435066260967e-05,1.673679383282621e-05,1.0042076299695725e-05,1.0042076299695725e-05,1.3389435066260967e-05,1.3389435066260967e-05,0.0,1.0042076299695725e-05,1.3389435066260967e-05,6.694717533130483e-06,1.0042076299695725e-05,1.3389435066260967e-05,1.3389435066260967e-05,6.694717533130483e-06,2.3431511365956693e-05,1.0042076299695725e-05,1.673679383282621e-05,6.694717533130483e-06,1.3389435066260967e-05,1.0042076299695725e-05,6.694717533130483e-06,1.3389435066260967e-05,2.3431511365956693e-05,1.3389435066260967e-05,1.0042076299695725e-05,3.347358766565242e-05,2.3431511365956693e-05,2.3431511365956693e-05,2.6778870132521933e-05,1.3389435066260967e-05,0.0,3.3473587665652417e-06,1.0042076299695725e-05,6.694717533130483e-06,3.3473587665652417e-06,2.008415259939145e-05,6.694717533130483e-06,1.0042076299695725e-05,0.0,6.694717533130483e-06,3.3473587665652417e-06,6.694717533130483e-06,2.008415259939145e-05,1.0042076299695725e-05,1.673679383282621e-05,2.3431511365956693e-05,1.3389435066260967e-05,1.3389435066260967e-05,1.3389435066260967e-05,3.3473587665652417e-06,6.694717533130483e-06,3.3473587665652417e-06,3.3473587665652417e-06,1.3389435066260967e-05,1.673679383282621e-05,6.694717533130483e-06,3.3473587665652417e-06,3.3473587665652417e-06,6.694717533130483e-06,0.0,1.673679383282621e-05,2.008415259939145e-05,1.673679383282621e-05,1.0042076299695725e-05,1.3389435066260967e-05,3.3473587665652417e-06,1.3389435066260967e-05,2.3431511365956693e-05,8.368396916413105e-05,3.0126228899087174e-05,3.3473587665652417e-06,2.3431511365956693e-05,4.6863022731913386e-05,3.0126228899087174e-05,1.0042076299695725e-05,1.673679383282621e-05,1.0042076299695725e-05,3.347358766565242e-05,2.3431511365956693e-05,3.682094643221766e-05,6.694717533130483e-06,2.3431511365956693e-05,1.673679383282621e-05,3.682094643221766e-05,1.3389435066260967e-05,4.01683051987829e-05,6.694717533130483e-06,2.6778870132521933e-05,2.3431511365956693e-05,2.3431511365956693e-05,1.3389435066260967e-05,1.3389435066260967e-05,1.0042076299695725e-05
2.6778870132521933e-05,2.008415259939145e-05,3.3473587665652417e-06,1.0042076299695725e-05,1.3389435066260967e-05,2.3431511365956693e-05,6.694717533130483e-06,1.3389435066260967e-05,2.008415259939145e-05,1.3389435066260967e-05,1.3389435066260967e-05,1.673679383282621e-05,3.3473587665652417e-06,1.0042076299695725e-05,3.3473587665652417e-06,6.694717533130483e-06,1.3389435066260967e-05,3.3473587665652417e-06,0.0,0.0,6.694717533130483e-06,0.0,6.694717533130483e-06,3.3473587665652417e-06,1.3389435066260967e-05,3.3473587665652417e-06,3.3473587665652417e-06,0.0,3.3473587665652417e-06,0.0,0.0,0.0,0.0,0.0,0.0,0.0,0.0,0.0,0.0,0.0,0.0,0.0,0.0,0.0,0.0,0.0,0.0,0.0,0.0,0.0,0.0,0.0,0.0,0.0,0.0,0.0,0.0,0.0,0.0,0.0,0.0,0.0,0.0,0.0,0.0,0.0,0.0,0.0,0.0,0.0,0.0,0.0,0.0,0.0,0.0,0.0,0.0,3.3473587665652417e-06,0.0,0.0,0.0,0.0,0.0,3.3473587665652417e-06,0.0,0.0,0.0,3.3473587665652417e-06,0.0,0.0,0.0,0.0,0.0,0.0,0.0,0.0,0.0,0.0,3.3473587665652417e-06,0.0,0.0,0.0,0.0,0.0,0.0,0.0,0.0,3.3473587665652417e-06,3.3473587665652417e-06,3.3473587665652417e-06,0.0,0.0,0.0,0.0,0.0,3.3473587665652417e-06,0.0,3.3473587665652417e-06,0.0,0.0,0.0,3.3473587665652417e-06,3.3473587665652417e-06,0.0,0.0,0.0,3.3473587665652417e-06,0.0,3.3473587665652417e-06,0.0,0.0,0.0,3.3473587665652417e-06,3.3473587665652417e-06,0.0,0.0,0.0,2.008415259939145e-05,0.0,3.3473587665652417e-06,3.3473587665652417e-06,0.0,0.0,0.0,0.0,0.0,0.0,0.0,0.0,0.0,0.0,0.0,0.0,0.0,0.0,3.3473587665652417e-06,0.0,0.0,0.0,0.0,0.0,0.0,0.0,0.0,3.3473587665652417e-06,0.0,3.3473587665652417e-06,0.0,0.0,0.0,0.0,3.3473587665652417e-06,0.0,0.0,3.3473587665652417e-06,0.0,3.3473587665652417e-06,0.0,6.694717533130483e-06,0.0,6.694717533130483e-06,0.0,0.0,1.0042076299695725e-05,3.3473587665652417e-06,0.0,1.673679383282621e-05,3.3473587665652417e-06,6.694717533130483e-06,3.3473587665652417e-06,6.694717533130483e-06,3.3473587665652417e-06,3.3473587665652417e-06,1.0042076299695725e-05,0.0,3.3473587665652417e-06,3.3473587665652417e-06,3.3473587665652417e-06,0.0,3.3473587665652417e-06,1.0042076299695725e-05,1.3389435066260967e-05,5.690509903160911e-05,3.3473587665652417e-06,6.694717533130483e-06,6.694717533130483e-06,3.3473587665652417e-06,6.694717533130483e-06,0.0,0.0,3.3473587665652417e-06,6.694717533130483e-06,0.0,3.3473587665652417e-06,0.0,3.3473587665652417e-06,3.3473587665652417e-06,3.0126228899087174e-05,3.3473587665652417e-06,3.3473587665652417e-06,0.0,3.3473587665652417e-06,3.3473587665652417e-06,3.3473587665652417e-06,2.008415259939145e-05,1.0042076299695725e-05,3.3473587665652417e-06,0.0,0.0,0.0,3.3473587665652417e-06,6.694717533130483e-06,3.3473587665652417e-06,3.3473587665652417e-06,0.0,6.694717533130483e-06,3.3473587665652417e-06,3.3473587665652417e-06,0.0,3.3473587665652417e-06,6.694717533130483e-06,6.694717533130483e-06,1.0042076299695725e-05,3.3473587665652417e-06,1.3389435066260967e-05,3.3473587665652417e-06,3.3473587665652417e-06,6.694717533130483e-06,1.0042076299695725e-05,3.3473587665652417e-06,1.673679383282621e-05,2.6778870132521933e-05,1.3389435066260967e-05,1.0042076299695725e-05,0.0,6.694717533130483e-06,6.694717533130483e-06,1.0042076299695725e-05,3.3473587665652417e-06,6.694717533130483e-06,1.673679383282621e-05,1.0042076299695725e-05,6.694717533130483e-06,3.3473587665652417e-06,1.0042076299695725e-05,6.694717533130483e-06,6.694717533130483e-06,1.673679383282621e-05,1.3389435066260967e-05,6.694717533130483e-06,2.008415259939145e-05,6.694717533130483e-06,3.3473587665652417e-06,3.682094643221766e-05,1.3389435066260967e-05,1.3389435066260967e-05,1.0042076299695725e-05,6.694717533130483e-06,1.3389435066260967e-05,1.3389435066260967e-05,1.3389435066260967e-05,1.3389435066260967e-05,6.694717533130483e-06,2.3431511365956693e-05,2.6778870132521933e-05,3.682094643221766e-05,1.0042076299695725e-05,1.0042076299695725e-05,2.008415259939145e-05,3.347358766565242e-05,1.673679383282621e-05,6.694717533130483e-06,0.0,2.008415259939145e-05,1.0042076299695725e-05,1.3389435066260967e-05,2.3431511365956693e-05,1.0042076299695725e-05,1.673679383282621e-05,2.008415259939145e-05,1.673679383282621e-05,1.3389435066260967e-05,1.0042076299695725e-05,0.0,3.3473587665652417e-06,1.3389435066260967e-05,6.694717533130483e-06,1.673679383282621e-05,6.694717533130483e-06,2.008415259939145e-05,2.008415259939145e-05,2.008415259939145e-05,1.673679383282621e-05,2.008415259939145e-05,1.673679383282621e-05,1.0042076299695725e-05,6.694717533130483e-06,1.673679383282621e-05,1.3389435066260967e-05,2.008415259939145e-05,1.0042076299695725e-05,6.694717533130483e-06,1.3389435066260967e-05,1.0042076299695725e-05,1.3389435066260967e-05,1.0042076299695725e-05,6.694717533130483e-06,1.0042076299695725e-05,1.3389435066260967e-05,2.6778870132521933e-05,2.008415259939145e-05,6.694717533130483e-06,2.008415259939145e-05,1.3389435066260967e-05,2.008415259939145e-05,1.0042076299695725e-05,6.694717533130483e-06,2.3431511365956693e-05,3.3473587665652417e-06,3.682094643221766e-05,1.673679383282621e-05,2.008415259939145e-05,6.694717533130483e-06,1.673679383282621e-05,2.3431511365956693e-05,1.0042076299695725e-05,3.0126228899087174e-05,3.0126228899087174e-05,2.6778870132521933e-05,2.6778870132521933e-05,2.008415259939145e-05,2.6778870132521933e-05,3.347358766565242e-05,2.008415259939145e-05,3.0126228899087174e-05,2.3431511365956693e-05,4.351566396534814e-05,3.0126228899087174e-05,1.3389435066260967e-05,1.673679383282621e-05
2.3431511365956693e-05,2.6778870132521933e-05,2.008415259939145e-05,2.6778870132521933e-05,1.673679383282621e-05,1.673679383282621e-05,3.3473587665652417e-06,1.0042076299695725e-05,1.3389435066260967e-05,1.673679383282621e-05,6.694717533130483e-06,6.694717533130483e-06,6.694717533130483e-06,6.694717533130483e-06,3.3473587665652417e-06,1.673679383282621e-05,6.694717533130483e-06,3.3473587665652417e-06,0.0,6.694717533130483e-06,6.694717533130483e-06,0.0,0.0,0.0,3.3473587665652417e-06,3.3473587665652417e-06,0.0,0.0,0.0,0.0,3.3473587665652417e-06,0.0,0.0,3.3473587665652417e-06,0.0,0.0,0.0,0.0,0.0,0.0,0.0,0.0,0.0,0.0,0.0,0.0,0.0,0.0,0.0,0.0,0.0,0.0,3.3473587665652417e-06,0.0,0.0,0.0,0.0,0.0,0.0,0.0,0.0,0.0,0.0,0.0,3.3473587665652417e-06,0.0,0.0,0.0,0.0,0.0,0.0,0.0,0.0,0.0,0.0,0.0,0.0,0.0,0.0,0.0,0.0,0.0,0.0,0.0,3.3473587665652417e-06,0.0,0.0,0.0,0.0,0.0,0.0,0.0,0.0,0.0,0.0,0.0,0.0,0.0,0.0,0.0,0.0,0.0,0.0,0.0,0.0,3.3473587665652417e-06,0.0,0.0,0.0,0.0,0.0,0.0,0.0,0.0,0.0,0.0,3.3473587665652417e-06,3.3473587665652417e-06,0.0,0.0,0.0,0.0,0.0,0.0,0.0,0.0,0.0,0.0,0.0,0.0,0.0,0.0,0.0,0.0,0.0,3.3473587665652417e-06,0.0,0.0,3.3473587665652417e-06,0.0,0.0,0.0,0.0,0.0,0.0,0.0,0.0,3.3473587665652417e-06,0.0,0.0,3.3473587665652417e-06,0.0,0.0,0.0,0.0,0.0,6.694717533130483e-06,0.0,0.0,0.0,0.0,0.0,0.0,0.0,3.3473587665652417e-06,3.3473587665652417e-06,0.0,0.0,0.0,0.0,0.0,0.0,1.0042076299695725e-05,3.3473587665652417e-06,3.3473587665652417e-06,3.3473587665652417e-06,0.0,0.0,0.0,0.0,3.3473587665652417e-06,6.694717533130483e-06,1.0042076299695725e-05,0.0,1.0042076299695725e-05,0.0,3.3473587665652417e-06,0.0,1.673679383282621e-05,1.0042076299695725e-05,0.0,3.3473587665652417e-06,1.0042076299695725e-05,3.3473587665652417e-06,1.0042076299695725e-05,1.3389435066260967e-05,3.3473587665652417e-06,6.694717533130483e-06,6.694717533130483e-06,6.694717533130483e-06,3.3473587665652417e-06,3.3473587665652417e-06,0.0,1.3389435066260967e-05,3.3473587665652417e-06,1.0042076299695725e-05,3.3473587665652417e-06,0.0,3.3473587665652417e-06,3.3473587665652417e-06,6.694717533130483e-06,0.0,3.3473587665652417e-06,3.3473587665652417e-06,0.0,0.0,6.694717533130483e-06,1.0042076299695725e-05,0.0,0.0,3.3473587665652417e-06,6.694717533130483e-06,0.0,0.0,3.3473587665652417e-06,1.0042076299695725e-05,0.0,6.694717533130483e-06,1.0042076299695725e-05,6.694717533130483e-06,3.3473587665652417e-06,0.0,0.0,3.3473587665652417e-06,3.3473587665652417e-06,1.0042076299695725e-05,3.3473587665652417e-06,6.694717533130483e-06,0.0,1.0042076299695725e-05,3.3473587665652417e-06,3.3473587665652417e-06,6.694717533130483e-06,1.673679383282621e-05,3.3473587665652417e-06,3.3473587665652417e-06,3.3473587665652417e-06,2.008415259939145e-05,1.3389435066260967e-05,6.694717533130483e-06,3.3473587665652417e-06,3.3473587665652417e-06,3.3473587665652417e-06,1.673679383282621e-05,1.0042076299695725e-05,1.3389435066260967e-05,1.673679383282621e-05,1.0042076299695725e-05,1.3389435066260967e-05,1.3389435066260967e-05,0.0,1.0042076299695725e-05,3.3473587665652417e-06,6.694717533130483e-06,1.673679383282621e-05,1.0042076299695725e-05,3.3473587665652417e-06,1.0042076299695725e-05,1.3389435066260967e-05,1.3389435066260967e-05,1.673679383282621e-05,6.694717533130483e-06,1.3389435066260967e-05,1.0042076299695725e-05,2.008415259939145e-05,1.3389435066260967e-05,1.3389435066260967e-05,1.0042076299695725e-05,6.694717533130483e-06,1.0042076299695725e-05,1.0042076299695725e-05,6.694717533130483e-06,2.008415259939145e-05,6.694717533130483e-06,3.3473587665652417e-06,2.008415259939145e-05,1.0042076299695725e-05,2.008415259939145e-05,1.3389435066260967e-05,1.3389435066260967e-05,2.6778870132521933e-05,1.3389435066260967e-05,2.3431511365956693e-05,0.0,3.0126228899087174e-05,2.6778870132521933e-05,6.694717533130483e-06,1.3389435066260967e-05,1.673679383282621e-05,1.673679383282621e-05,1.0042076299695725e-05,6.694717533130483e-06,1.0042076299695725e-05,6.694717533130483e-06,1.3389435066260967e-05,1.673679383282621e-05,3.3473587665652417e-06,1.0042076299695725e-05,3.347358766565242e-05,6.694717533130483e-06,3.3473587665652417e-06,2.3431511365956693e-05,2.008415259939145e-05,1.0042076299695725e-05,1.3389435066260967e-05,6.694717533130483e-06,1.673679383282621e-05,0.0,1.0042076299695725e-05,2.008415259939145e-05,1.3389435066260967e-05,3.3473587665652417e-06,3.3473587665652417e-06,1.0042076299695725e-05,1.673679383282621e-05,1.3389435066260967e-05,1.673679383282621e-05,1.3389435066260967e-05,1.3389435066260967e-05,1.0042076299695725e-05,2.008415259939145e-05,1.0042076299695725e-05,1.673679383282621e-05,1.0042076299695725e-05,3.347358766565242e-05,1.0042076299695725e-05,1.673679383282621e-05,1.673679383282621e-05,1.673679383282621e-05,6.694717533130483e-06,1.3389435066260967e-05,2.3431511365956693e-05,6.694717533130483e-06,6.694717533130483e-06,1.3389435066260967e-05,6.694717533130483e-06,3.682094643221766e-05,2.3431511365956693e-05,1.673679383282621e-05,1.0042076299695725e-05,2.3431511365956693e-05,2.6778870132521933e-05,1.0042076299695725e-05,2.6778870132521933e-05,2.3431511365956693e-05,2.6778870132521933e-05,1.3389435066260967e-05,1.3389435066260967e-05,2.6778870132521933e-05,2.3431511365956693e-05
6.694717533130483e-06,3.347358766565242e-05,6.694717533130483e-06,1.673679383282621e-05,1.0042076299695725e-05,1.673679383282621e-05,1.0042076299695725e-05,1.3389435066260967e-05,1.673679383282621e-05,3.3473587665652417e-06,6.694717533130483e-06,3.3473587665652417e-06,6.694717533130483e-06,2.3431511365956693e-05,3.3473587665652417e-06,0.0,3.3473587665652417e-06,6.694717533130483e-06,1.0042076299695725e-05,3.3473587665652417e-06,3.3473587665652417e-06,3.3473587665652417e-06,0.0,3.3473587665652417e-06,0.0,0.0,0.0,0.0,0.0,0.0,0.0,0.0,0.0,3.3473587665652417e-06,0.0,0.0,0.0,0.0,0.0,0.0,3.3473587665652417e-06,0.0,0.0,0.0,0.0,0.0,0.0,0.0,0.0,0.0,0.0,0.0,0.0,0.0,6.694717533130483e-06,0.0,0.0,3.3473587665652417e-06,0.0,0.0,0.0,0.0,0.0,3.3473587665652417e-06,0.0,0.0,0.0,0.0,3.3473587665652417e-06,0.0,0.0,0.0,0.0,0.0,0.0,0.0,0.0,0.0,0.0,0.0,0.0,0.0,0.0,0.0,0.0,0.0,0.0,0.0,0.0,0.0,0.0,0.0,0.0,0.0,0.0,0.0,0.0,0.0,3.3473587665652417e-06,0.0,0.0,0.0,0.0,0.0,3.3473587665652417e-06,0.0,3.3473587665652417e-06,0.0,0.0,0.0,0.0,0.0,0.0,0.0,0.0,0.0,0.0,0.0,0.0,0.0,0.0,0.0,0.0,0.0,3.3473587665652417e-06,3.3473587665652417e-06,3.3473587665652417e-06,0.0,0.0,3.3473587665652417e-06,0.0,0.0,0.0,3.3473587665652417e-06,0.0,3.3473587665652417e-06,0.0,0.0,3.3473587665652417e-06,0.0,0.0,0.0,3.3473587665652417e-06,0.0,0.0,0.0,0.0,0.0,0.0,0.0,0.0,0.0,1.0042076299695725e-05,0.0,0.0,0.0,0.0,0.0,0.0,0.0,0.0,0.0,0.0,6.694717533130483e-06,0.0,0.0,0.0,0.0,3.3473587665652417e-06,3.3473587665652417e-06,3.3473587665652417e-06,0.0,6.694717533130483e-06,0.0,0.0,0.0,0.0,0.0,3.3473587665652417e-06,0.0,3.3473587665652417e-06,3.3473587665652417e-06,3.3473587665652417e-06,1.0042076299695725e-05,0.0,3.3473587665652417e-06,0.0,0.0,6.694717533130483e-06,3.3473587665652417e-06,0.0,0.0,6.694717533130483e-06,6.694717533130483e-06,1.0042076299695725e-05,3.3473587665652417e-06,0.0,1.0042076299695725e-05,6.694717533130483e-06,1.0042076299695725e-05,3.3473587665652417e-06,0.0,0.0,0.0,1.673679383282621e-05,0.0,6.694717533130483e-06,6.694717533130483e-06,3.3473587665652417e-06,1.0042076299695725e-05,0.0,1.0042076299695725e-05,0.0,1.0042076299695725e-05,3.3473587665652417e-06,1.0042076299695725e-05,3.3473587665652417e-06,0.0,3.3473587665652417e-06,0.0,1.0042076299695725e-05,1.3389435066260967e-05,6.694717533130483e-06,3.3473587665652417e-06,3.3473587665652417e-06,3.3473587665652417e-06,3.3473587665652417e-06,3.3473587665652417e-06,6.694717533130483e-06,6.694717533130483e-06,3.3473587665652417e-06,6.694717533130483e-06,3.3473587665652417e-06,0.0,6.694717533130483e-06,1.3389435066260967e-05,3.3473587665652417e-06,0.0,6.694717533130483e-06,0.0,0.0,3.3473587665652417e-06,6.694717533130483e-06,6.694717533130483e-06,6.694717533130483e-06,3.3473587665652417e-06,2.6778870132521933e-05,1.673679383282621e-05,1.3389435066260967e-05,6.694717533130483e-06,3.3473587665652417e-06,1.0042076299695725e-05,0.0,3.3473587665652417e-06,6.694717533130483e-06,6.694717533130483e-06,6.694717533130483e-06,1.3389435066260967e-05,2.008415259939145e-05,3.3473587665652417e-06,1.0042076299695725e-05,3.3473587665652417e-06,6.694717533130483e-06,6.694717533130483e-06,1.3389435066260967e-05,3.3473587665652417e-06,1.673679383282621e-05,6.694717533130483e-06,0.0,1.3389435066260967e-05,6.694717533130483e-06,2.008415259939145e-05,1.673679383282621e-05,2.008415259939145e-05,1.673679383282621e-05,6.694717533130483e-06,1.673679383282621e-05,1.673679383282621e-05,1.673679383282621e-05,1.3389435066260967e-05,0.0,6.694717533130483e-06,1.0042076299695725e-05,2.008415259939145e-05,3.3473587665652417e-06,3.0126228899087174e-05,3.0126228899087174e-05,1.0042076299695725e-05,1.0042076299695725e-05,6.694717533130483e-06,1.673679383282621e-05,2.008415259939145e-05,2.3431511365956693e-05,3.3473587665652417e-06,2.008415259939145e-05,3.0126228899087174e-05,3.682094643221766e-05,6.694717533130483e-06,1.673679383282621e-05,6.694717533130483e-06,3.3473587665652417e-06,1.673679383282621e-05,6.694717533130483e-06,0.0,1.3389435066260967e-05,1.3389435066260967e-05,6.694717533130483e-06,6.694717533130483e-06,1.0042076299695725e-05,3.3473587665652417e-06,1.0042076299695725e-05,1.0042076299695725e-05,2.6778870132521933e-05,3.3473587665652417e-06,1.3389435066260967e-05,6.694717533130483e-06,6.694717533130483e-06,1.0042076299695725e-05,1.0042076299695725e-05,1.0042076299695725e-05,6.694717533130483e-06,6.694717533130483e-06,1.0042076299695725e-05,1.0042076299695725e-05,0.0,6.694717533130483e-06,1.0042076299695725e-05,1.0042076299695725e-05,1.673679383282621e-05,2.3431511365956693e-05,2.008415259939145e-05,1.673679383282621e-05,2.3431511365956693e-05,1.673679383282621e-05,1.673679383282621e-05,1.0042076299695725e-05,1.0042076299695725e-05,1.673679383282621e-05,3.3473587665652417e-06,1.673679383282621e-05,6.694717533130483e-06,1.0042076299695725e-05,1.0042076299695725e-05,2.008415259939145e-05,2.3431511365956693e-05,1.0042076299695725e-05,1.3389435066260967e-05,1.673679383282621e-05,3.347358766565242e-05,1.3389435066260967e-05,1.673679383282621e-05,1.673679383282621e-05,2.3431511365956693e-05,2.6778870132521933e-05,1.0042076299695725e-05,1.0042076299695725e-05,2.3431511365956693e-05,1.3389435066260967e-05,3.682094643221766e-05,1.3389435066260967e-05
3.0126228899087174e-05,3.3473587665652417e-06,6.694717533130483e-06,1.0042076299695725e-05,6.694717533130483e-06,6.694717533130483e-06,1.0042076299695725e-05,3.0126228899087174e-05,1.673679383282621e-05,6.694717533130483e-06,1.0042076299695725e-05,3.3473587665652417e-06,6.694717533130483e-06,6.694717533130483e-06,1.673679383282621e-05,1.0042076299695725e-05,0.0,0.0,0.0,3.3473587665652417e-06,3.3473587665652417e-06,3.3473587665652417e-06,3.3473587665652417e-06,0.0,3.3473587665652417e-06,0.0,0.0,0.0,0.0,0.0,3.3473587665652417e-06,0.0,0.0,0.0,0.0,0.0,0.0,0.0,3.3473587665652417e-06,0.0,0.0,0.0,0.0,0.0,0.0,0.0,0.0,0.0,3.3473587665652417e-06,0.0,0.0,0.0,0.0,0.0,0.0,0.0,0.0,0.0,0.0,0.0,0.0,0.0,0.0,3.3473587665652417e-06,0.0,0.0,0.0,0.0,0.0,6.694717533130483e-06,0.0,0.0,0.0,0.0,3.3473587665652417e-06,0.0,0.0,0.0,0.0,0.0,0.0,0.0,0.0,0.0,0.0,3.3473587665652417e-06,0.0,0.0,0.0,0.0,3.3473587665652417e-06,0.0,0.0,0.0,6.694717533130483e-06,0.0,0.0,0.0,0.0,0.0,0.0,0.0,0.0,0.0,3.3473587665652417e-06,0.0,0.0,0.0,0.0,1.0042076299695725e-05,3.3473587665652417e-06,0.0,0.0,0.0,0.0,0.0,0.0,0.0,0.0,0.0,0.0,0.0,0.0,0.0,0.0,0.0,0.0,0.0,0.0,0.0,0.0,0.0,3.3473587665652417e-06,3.3473587665652417e-06,0.0,0.0,0.0,0.0,0.0,0.0,0.0,0.0,0.0,0.0,0.0,0.0,3.3473587665652417e-06,0.0,0.0,0.0,3.3473587665652417e-06,3.3473587665652417e-06,0.0,0.0,0.0,0.0,3.3473587665652417e-06,0.0,0.0,3.3473587665652417e-06,0.0,0.0,3.3473587665652417e-06,0.0,0.0,0.0,3.3473587665652417e-06,0.0,6.694717533130483e-06,0.0,0.0,0.0,3.3473587665652417e-06,0.0,1.0042076299695725e-05,0.0,0.0,6.694717533130483e-06,6.694717533130483e-06,3.3473587665652417e-06,1.673679383282621e-05,3.3473587665652417e-06,3.3473587665652417e-06,0.0,3.3473587665652417e-06,1.0042076299695725e-05,1.0042076299695725e-05,0.0,0.0,0.0,1.3389435066260967e-05,3.3473587665652417e-06,0.0,6.694717533130483e-06,3.3473587665652417e-06,6.694717533130483e-06,1.0042076299695725e-05,1.0042076299695725e-05,0.0,0.0,3.3473587665652417e-06,0.0,1.3389435066260967e-05,1.0042076299695725e-05,1.3389435066260967e-05,6.694717533130483e-06,3.3473587665652417e-06,6.694717533130483e-06,0.0,1.0042076299695725e-05,3.3473587665652417e-06,3.3473587665652417e-06,1.0042076299695725e-05,0.0,3.3473587665652417e-06,0.0,0.0,0.0,3.3473587665652417e-06,0.0,6.694717533130483e-06,0.0,6.694717533130483e-06,6.694717533130483e-06,0.0,3.3473587665652417e-06,3.3473587665652417e-06,0.0,0.0,3.3473587665652417e-06,6.694717533130483e-06,0.0,3.3473587665652417e-06,3.3473587665652417e-06,0.0,0.0,0.0,0.0,0.0,6.694717533130483e-06,0.0,1.3389435066260967e-05,6.694717533130483e-06,2.3431511365956693e-05,1.0042076299695725e-05,1.673679383282621e-05,3.3473587665652417e-06,1.3389435066260967e-05,3.3473587665652417e-06,1.0042076299695725e-05,0.0,3.3473587665652417e-06,3.3473587665652417e-06,6.694717533130483e-06,1.673679383282621e-05,1.673679383282621e-05,1.0042076299695725e-05,3.3473587665652417e-06,1.3389435066260967e-05,1.0042076299695725e-05,2.6778870132521933e-05,3.3473587665652417e-06,2.008415259939145e-05,6.694717533130483e-06,0.0,2.6778870132521933e-05,1.3389435066260967e-05,2.008415259939145e-05,6.694717533130483e-06,1.3389435066260967e-05,6.694717533130483e-06,1.0042076299695725e-05,1.0042076299695725e-05,1.3389435066260967e-05,2.3431511365956693e-05,6.694717533130483e-06,1.0042076299695725e-05,1.0042076299695725e-05,6.694717533130483e-06,1.673679383282621e-05,1.673679383282621e-05,3.3473587665652417e-06,3.3473587665652417e-06,6.694717533130483e-06,2.3431511365956693e-05,3.3473587665652417e-06,1.3389435066260967e-05,1.0042076299695725e-05,6.694717533130483e-06,1.673679383282621e-05,2.3431511365956693e-05,2.3431511365956693e-05,1.3389435066260967e-05,3.682094643221766e-05,1.0042076299695725e-05,1.0042076299695725e-05,2.008415259939145e-05,2.3431511365956693e-05,3.0126228899087174e-05,3.3473587665652417e-06,3.3473587665652417e-06,0.0,6.694717533130483e-06,1.3389435066260967e-05,1.3389435066260967e-05,1.673679383282621e-05,1.3389435066260967e-05,3.3473587665652417e-06,6.694717533130483e-06,3.3473587665652417e-06,3.347358766565242e-05,1.3389435066260967e-05,1.0042076299695725e-05,6.694717533130483e-06,4.351566396534814e-05,2.008415259939145e-05,2.008415259939145e-05,1.0042076299695725e-05,1.3389435066260967e-05,6.694717533130483e-06,3.3473587665652417e-06,2.008415259939145e-05,6.694717533130483e-06,1.3389435066260967e-05,2.008415259939145e-05,6.694717533130483e-06,6.694717533130483e-06,1.3389435066260967e-05,3.3473587665652417e-06,1.3389435066260967e-05,1.673679383282621e-05,1.673679383282621e-05,1.3389435066260967e-05,1.0042076299695725e-05,2.008415259939145e-05,1.0042076299695725e-05,1.3389435066260967e-05,1.3389435066260967e-05,1.3389435066260967e-05,2.008415259939145e-05,8.368396916413105e-05,3.3473587665652417e-06,2.3431511365956693e-05,1.3389435066260967e-05,1.0042076299695725e-05,3.682094643221766e-05,2.3431511365956693e-05,3.347358766565242e-05,1.673679383282621e-05,1.3389435066260967e-05,2.008415259939145e-05,2.008415259939145e-05,3.3473587665652417e-06,2.6778870132521933e-05,1.673679383282621e-05,2.3431511365956693e-05,2.008415259939145e-05,2.008415259939145e-05,2.008415259939145e-05,1.673679383282621e-05
1.673679383282621e-05,2.3431511365956693e-05,6.694717533130483e-06,1.673679383282621e-05,6.694717533130483e-06,2.008415259939145e-05,3.347358766565242e-05,0.0,1.0042076299695725e-05,1.3389435066260967e-05,1.673679383282621e-05,2.008415259939145e-05,6.694717533130483e-06,0.0,3.3473587665652417e-06,3.3473587665652417e-06,3.3473587665652417e-06,3.3473587665652417e-06,0.0,0.0,6.694717533130483e-06,3.3473587665652417e-06,0.0,0.0,0.0,0.0,3.3473587665652417e-06,0.0,0.0,0.0,0.0,0.0,0.0,3.3473587665652417e-06,0.0,3.3473587665652417e-06,0.0,0.0,0.0,0.0,0.0,3.3473587665652417e-06,0.0,0.0,0.0,0.0,0.0,0.0,0.0,0.0,0.0,3.3473587665652417e-06,0.0,0.0,0.0,3.3473587665652417e-06,0.0,0.0,0.0,0.0,0.0,0.0,0.0,0.0,0.0,0.0,0.0,0.0,0.0,0.0,0.0,0.0,0.0,0.0,0.0,0.0,0.0,0.0,0.0,0.0,0.0,0.0,0.0,0.0,0.0,0.0,0.0,0.0,0.0,0.0,0.0,0.0,0.0,0.0,0.0,0.0,1.0042076299695725e-05,0.0,0.0,0.0,0.0,0.0,0.0,3.3473587665652417e-06,0.0,3.3473587665652417e-06,1.0042076299695725e-05,0.0,0.0,0.0,0.0,0.0,0.0,0.0,6.694717533130483e-06,0.0,0.0,0.0,0.0,3.3473587665652417e-06,0.0,0.0,0.0,3.3473587665652417e-06,0.0,0.0,1.0042076299695725e-05,0.0,0.0,0.0,0.0,0.0,0.0,0.0,0.0,3.3473587665652417e-06,3.3473587665652417e-06,0.0,0.0,0.0,0.0,1.3389435066260967e-05,0.0,0.0,0.0,0.0,0.0,3.3473587665652417e-06,0.0,3.3473587665652417e-06,0.0,0.0,0.0,3.3473587665652417e-06,0.0,3.3473587665652417e-06,0.0,1.0042076299695725e-05,0.0,0.0,0.0,0.0,0.0,0.0,0.0,0.0,3.3473587665652417e-06,0.0,6.694717533130483e-06,3.3473587665652417e-06,0.0,0.0,3.3473587665652417e-06,1.0042076299695725e-05,3.3473587665652417e-06,0.0,1.673679383282621e-05,0.0,0.0,0.0,3.3473587665652417e-06,3.3473587665652417e-06,3.3473587665652417e-06,0.0,0.0,3.3473587665652417e-06,3.3473587665652417e-06,1.0042076299695725e-05,1.3389435066260967e-05,3.3473587665652417e-06,3.3473587665652417e-06,0.0,3.3473587665652417e-06,6.694717533130483e-06,1.0042076299695725e-05,3.3473587665652417e-06,3.3473587665652417e-06,0.0,1.0042076299695725e-05,1.0042076299695725e-05,3.3473587665652417e-06,1.0042076299695725e-05,1.0042076299695725e-05,6.694717533130483e-06,3.3473587665652417e-06,1.0042076299695725e-05,0.0,0.0,6.694717533130483e-06,3.3473587665652417e-06,6.694717533130483e-06,3.3473587665652417e-06,0.0,6.694717533130483e-06,6.694717533130483e-06,6.694717533130483e-06,6.694717533130483e-06,0.0,6.694717533130483e-06,3.3473587665652417e-06,1.0042076299695725e-05,3.3473587665652417e-06,3.3473587665652417e-06,6.694717533130483e-06,3.3473587665652417e-06,6.694717533130483e-06,6.694717533130483e-06,1.3389435066260967e-05,3.3473587665652417e-06,3.3473587665652417e-06,1.0042076299695725e-05,0.0,3.3473587665652417e-06,3.3473587665652417e-06,6.694717533130483e-06,0.0,1.0042076299695725e-05,6.694717533130483e-06,1.3389435066260967e-05,6.694717533130483e-06,1.0042076299695725e-05,3.3473587665652417e-06,0.0,3.3473587665652417e-06,1.673679383282621e-05,3.347358766565242e-05,6.694717533130483e-06,1.3389435066260967e-05,1.673679383282621e-05,1.0042076299695725e-05,6.694717533130483e-06,1.0042076299695725e-05,4.01683051987829e-05,0.0,0.0,2.008415259939145e-05,0.0,0.0,3.347358766565242e-05,1.3389435066260967e-05,6.694717533130483e-06,3.3473587665652417e-06,6.694717533130483e-06,6.694717533130483e-06,1.0042076299695725e-05,6.694717533130483e-06,1.673679383282621e-05,1.3389435066260967e-05,6.694717533130483e-06,1.0042076299695725e-05,2.6778870132521933e-05,2.008415259939145e-05,3.0126228899087174e-05,2.6778870132521933e-05,1.3389435066260967e-05,2.008415259939145e-05,3.3473587665652417e-06,1.673679383282621e-05,3.3473587665652417e-06,6.694717533130483e-06,0.0,1.0042076299695725e-05,1.3389435066260967e-05,1.673679383282621e-05,2.6778870132521933e-05,2.3431511365956693e-05,3.0126228899087174e-05,1.673679383282621e-05,2.3431511365956693e-05,1.0042076299695725e-05,1.3389435066260967e-05,1.673679383282621e-05,2.008415259939145e-05,2.6778870132521933e-05,6.694717533130483e-06,6.694717533130483e-06,2.008415259939145e-05,1.3389435066260967e-05,1.673679383282621e-05,6.694717533130483e-06,1.673679383282621e-05,3.0126228899087174e-05,6.694717533130483e-06,1.3389435066260967e-05,1.3389435066260967e-05,6.694717533130483e-06,0.0,3.3473587665652417e-06,6.694717533130483e-06,2.3431511365956693e-05,1.0042076299695725e-05,2.008415259939145e-05,2.3431511365956693e-05,3.0126228899087174e-05,1.3389435066260967e-05,1.3389435066260967e-05,6.694717533130483e-06,1.673679383282621e-05,1.3389435066260967e-05,1.673679383282621e-05,1.673679383282621e-05,1.673679383282621e-05,3.347358766565242e-05,1.673679383282621e-05,1.3389435066260967e-05,1.3389435066260967e-05,1.673679383282621e-05,6.694717533130483e-06,3.3473587665652417e-06,2.3431511365956693e-05,1.673679383282621e-05,1.0042076299695725e-05,1.673679383282621e-05,2.3431511365956693e-05,2.008415259939145e-05,2.3431511365956693e-05,1.0042076299695725e-05,6.025245779817435e-05,2.008415259939145e-05,1.0042076299695725e-05,1.3389435066260967e-05,1.0042076299695725e-05,1.673679383282621e-05,2.008415259939145e-05,3.0126228899087174e-05,9.037868669726152e-05,3.3473587665652417e-06,5.021038149847862e-05,5.690509903160911e-05,1.3389435066260967e-05,1.0042076299695725e-05,1.673679383282621e-05,2.3431511365956693e-05,1.3389435066260967e-05,1.3389435066260967e-05,1.0042076299695725e-05,2.3431511365956693e-05,2.3431511365956693e-05,1.3389435066260967e-05,1.673679383282621e-05
1.0042076299695725e-05,2.008415259939145e-05,6.694717533130483e-06,2.6778870132521933e-05,6.694717533130483e-06,1.3389435066260967e-05,1.3389435066260967e-05,0.0,8.703132793069628e-05,1.673679383282621e-05,3.3473587665652417e-06,1.3389435066260967e-05,6.694717533130483e-06,0.0,1.0042076299695725e-05,0.0,6.694717533130483e-06,6.694717533130483e-06,6.694717533130483e-06,3.3473587665652417e-06,0.0,6.694717533130483e-06,6.694717533130483e-06,3.3473587665652417e-06,0.0,0.0,6.694717533130483e-06,0.0,0.0,0.0,0.0,0.0,3.3473587665652417e-06,0.0,0.0,0.0,0.0,0.0,0.0,0.0,0.0,0.0,0.0,0.0,0.0,0.0,0.0,0.0,0.0,0.0,0.0,0.0,0.0,0.0,0.0,0.0,0.0,0.0,0.0,0.0,0.0,0.0,3.3473587665652417e-06,0.0,0.0,0.0,0.0,0.0,0.0,0.0,0.0,0.0,0.0,0.0,0.0,0.0,0.0,0.0,0.0,0.0,0.0,0.0,0.0,0.0,3.3473587665652417e-06,0.0,3.3473587665652417e-06,0.0,0.0,0.0,0.0,0.0,0.0,0.0,0.0,0.0,0.0,0.0,0.0,3.3473587665652417e-06,0.0,3.3473587665652417e-06,3.3473587665652417e-06,6.694717533130483e-06,0.0,6.694717533130483e-06,6.694717533130483e-06,0.0,0.0,0.0,0.0,0.0,0.0,0.0,0.0,0.0,0.0,0.0,0.0,3.3473587665652417e-06,0.0,0.0,0.0,0.0,0.0,3.3473587665652417e-06,1.0042076299695725e-05,3.3473587665652417e-06,0.0,0.0,3.3473587665652417e-06,0.0,3.3473587665652417e-06,0.0,0.0,0.0,0.0,0.0,0.0,0.0,0.0,3.3473587665652417e-06,3.3473587665652417e-06,0.0,0.0,0.0,0.0,0.0,0.0,0.0,0.0,3.3473587665652417e-06,0.0,0.0,0.0,0.0,0.0,3.3473587665652417e-06,0.0,0.0,0.0,0.0,3.3473587665652417e-06,0.0,0.0,0.0,0.0,3.3473587665652417e-06,3.3473587665652417e-06,0.0,3.3473587665652417e-06,0.0,3.3473587665652417e-06,6.694717533130483e-06,0.0,0.0,0.0,0.0,0.0,0.0,1.3389435066260967e-05,6.694717533130483e-06,6.694717533130483e-06,3.3473587665652417e-06,6.694717533130483e-06,6.694717533130483e-06,0.0,3.3473587665652417e-06,0.0,3.3473587665652417e-06,3.3473587665652417e-06,1.3389435066260967e-05,6.694717533130483e-06,6.694717533130483e-06,6.694717533130483e-06,1.3389435066260967e-05,3.3473587665652417e-06,3.3473587665652417e-06,0.0,6.694717533130483e-06,3.3473587665652417e-06,6.694717533130483e-06,3.3473587665652417e-06,1.3389435066260967e-05,6.694717533130483e-06,1.0042076299695725e-05,6.694717533130483e-06,1.0042076299695725e-05,3.3473587665652417e-06,6.694717533130483e-06,6.694717533130483e-06,3.3473587665652417e-06,0.0,6.694717533130483e-06,0.0,6.694717533130483e-06,3.3473587665652417e-06,0.0,3.3473587665652417e-06,6.694717533130483e-06,1.0042076299695725e-05,1.0042076299695725e-05,1.0042076299695725e-05,3.3473587665652417e-06,6.694717533130483e-06,3.3473587665652417e-06,0.0,0.0,0.0,3.3473587665652417e-06,3.3473587665652417e-06,3.3473587665652417e-06,0.0,0.0,3.3473587665652417e-06,3.3473587665652417e-06,6.694717533130483e-06,3.3473587665652417e-06,0.0,0.0,1.0042076299695725e-05,6.694717533130483e-06,6.694717533130483e-06,6.694717533130483e-06,6.694717533130483e-06,0.0,6.694717533130483e-06,1.0042076299695725e-05,6.694717533130483e-06,1.0042076299695725e-05,3.3473587665652417e-06,1.0042076299695725e-05,1.0042076299695725e-05,1.0042076299695725e-05,6.694717533130483e-06,1.673679383282621e-05,6.694717533130483e-06,2.3431511365956693e-05,3.3473587665652417e-06,6.694717533130483e-06,0.0,1.0042076299695725e-05,0.0,1.0042076299695725e-05,1.0042076299695725e-05,2.008415259939145e-05,3.3473587665652417e-06,3.3473587665652417e-06,1.0042076299695725e-05,1.0042076299695725e-05,6.694717533130483e-06,6.694717533130483e-06,2.008415259939145e-05,3.3473587665652417e-06,1.3389435066260967e-05,1.0042076299695725e-05,2.6778870132521933e-05,1.3389435066260967e-05,1.3389435066260967e-05,1.0042076299695725e-05,1.673679383282621e-05,1.0042076299695725e-05,3.3473587665652417e-06,1.0042076299695725e-05,3.682094643221766e-05,6.694717533130483e-06,3.0126228899087174e-05,1.3389435066260967e-05,3.3473587665652417e-06,2.3431511365956693e-05,1.0042076299695725e-05,3.682094643221766e-05,2.008415259939145e-05,2.3431511365956693e-05,1.3389435066260967e-05,6.694717533130483e-06,2.008415259939145e-05,2.008415259939145e-05,2.008415259939145e-05,1.3389435066260967e-05,6.694717533130483e-06,3.3473587665652417e-06,1.0042076299695725e-05,3.3473587665652417e-06,0.0,1.3389435066260967e-05,1.673679383282621e-05,1.0042076299695725e-05,1.0042076299695725e-05,1.0042076299695725e-05,1.0042076299695725e-05,1.0042076299695725e-05,3.682094643221766e-05,2.3431511365956693e-05,6.694717533130483e-06,6.694717533130483e-06,1.3389435066260967e-05,1.3389435066260967e-05,1.673679383282621e-05,1.673679383282621e-05,6.694717533130483e-06,6.694717533130483e-06,1.0042076299695725e-05,2.3431511365956693e-05,1.3389435066260967e-05,1.0042076299695725e-05,1.0042076299695725e-05,6.694717533130483e-06,6.694717533130483e-06,6.694717533130483e-06,3.3473587665652417e-06,6.694717533130483e-06,1.3389435066260967e-05,6.694717533130483e-06,1.3389435066260967e-05,1.3389435066260967e-05,1.673679383282621e-05,1.673679383282621e-05,1.3389435066260967e-05,3.3473587665652417e-06,3.3473587665652417e-06,6.694717533130483e-06,6.694717533130483e-06,2.008415259939145e-05,1.0042076299695725e-05,2.6778870132521933e-05,4.351566396534814e-05,1.3389435066260967e-05,1.0042076299695725e-05,1.0042076299695725e-05,3.0126228899087174e-05,4.6863022731913386e-05,2.6778870132521933e-05,2.6778870132521933e-05,2.3431511365956693e-05,1.673679383282621e-05,1.0042076299695725e-05,1.0042076299695725e-05,6.694717533130483e-06,1.3389435066260967e-05
6.694717533130483e-06,2.3431511365956693e-05,1.0042076299695725e-05,2.3431511365956693e-05,1.0042076299695725e-05,1.0042076299695725e-05,3.3473587665652417e-06,1.0042076299695725e-05,1.3389435066260967e-05,1.3389435066260967e-05,1.3389435066260967e-05,1.673679383282621e-05,1.673679383282621e-05,1.3389435066260967e-05,3.3473587665652417e-06,1.3389435066260967e-05,1.673679383282621e-05,0.0,3.3473587665652417e-06,0.0,0.0,3.3473587665652417e-06,0.0,0.0,0.0,0.0,3.3473587665652417e-06,3.3473587665652417e-06,0.0,0.0,0.0,0.0,0.0,0.0,0.0,0.0,0.0,0.0,0.0,0.0,0.0,0.0,0.0,0.0,0.0,0.0,3.3473587665652417e-06,0.0,0.0,0.0,0.0,0.0,0.0,0.0,0.0,0.0,0.0,0.0,0.0,0.0,0.0,0.0,0.0,0.0,0.0,0.0,0.0,0.0,0.0,0.0,0.0,0.0,0.0,0.0,6.694717533130483e-06,0.0,0.0,0.0,0.0,0.0,0.0,0.0,0.0,3.3473587665652417e-06,0.0,0.0,0.0,0.0,0.0,0.0,0.0,0.0,0.0,0.0,0.0,0.0,0.0,0.0,0.0,0.0,0.0,0.0,0.0,0.0,0.0,0.0,0.0,0.0,0.0,0.0,0.0,3.3473587665652417e-06,0.0,3.3473587665652417e-06,0.0,0.0,0.0,0.0,0.0,0.0,0.0,3.3473587665652417e-06,0.0,0.0,0.0,0.0,0.0,0.0,3.3473587665652417e-06,3.3473587665652417e-06,3.3473587665652417e-06,3.3473587665652417e-06,3.3473587665652417e-06,0.0,0.0,0.0,3.3473587665652417e-06,0.0,0.0,0.0,3.3473587665652417e-06,0.0,0.0,0.0,3.3473587665652417e-06,0.0,0.0,0.0,0.0,6.694717533130483e-06,0.0,0.0,0.0,3.3473587665652417e-06,0.0,3.3473587665652417e-06,0.0,0.0,0.0,6.694717533130483e-06,0.0,0.0,6.694717533130483e-06,6.694717533130483e-06,0.0,3.3473587665652417e-06,0.0,0.0,3.3473587665652417e-06,3.3473587665652417e-06,0.0,3.3473587665652417e-06,6.694717533130483e-06,6.694717533130483e-06,3.3473587665652417e-06,3.3473587665652417e-06,0.0,3.3473587665652417e-06,3.3473587665652417e-06,0.0,3.3473587665652417e-06,0.0,0.0,0.0,3.3473587665652417e-06,1.673679383282621e-05,3.3473587665652417e-06,6.694717533130483e-06,6.694717533130483e-06,6.694717533130483e-06,0.0,1.673679383282621e-05,6.694717533130483e-06,0.0,0.0,1.673679383282621e-05,3.3473587665652417e-06,1.3389435066260967e-05,1.3389435066260967e-05,6.694717533130483e-06,6.694717533130483e-06,1.673679383282621e-05,3.3473587665652417e-06,3.3473587665652417e-06,6.694717533130483e-06,6.694717533130483e-06,2.008415259939145e-05,3.3473587665652417e-06,6.694717533130483e-06,3.3473587665652417e-06,3.3473587665652417e-06,1.0042076299695725e-05,6.694717533130483e-06,3.3473587665652417e-06,1.0042076299695725e-05,1.673679383282621e-05,0.0,0.0,0.0,1.0042076299695725e-05,6.694717533130483e-06,0.0,3.3473587665652417e-06,3.3473587665652417e-06,3.3473587665652417e-06,0.0,6.694717533130483e-06,3.3473587665652417e-06,6.694717533130483e-06,6.694717533130483e-06,6.694717533130483e-06,0.0,0.0,0.0,0.0,0.0,0.0,0.0,0.0,0.0,3.3473587665652417e-06,6.694717533130483e-06,1.673679383282621e-05,1.0042076299695725e-05,6.694717533130483e-06,3.3473587665652417e-06,3.3473587665652417e-06,3.3473587665652417e-06,3.3473587665652417e-06,6.694717533130483e-06,1.0042076299695725e-05,2.3431511365956693e-05,3.3473587665652417e-06,1.0042076299695725e-05,6.694717533130483e-06,1.3389435066260967e-05,1.0042076299695725e-05,1.673679383282621e-05,6.694717533130483e-06,3.3473587665652417e-06,0.0,6.694717533130483e-06,6.694717533130483e-06,3.3473587665652417e-06,1.0042076299695725e-05,3.3473587665652417e-06,6.694717533130483e-06,2.008415259939145e-05,1.0042076299695725e-05,2.3431511365956693e-05,1.3389435066260967e-05,1.673679383282621e-05,1.673679383282621e-05,1.3389435066260967e-05,1.673679383282621e-05,2.008415259939145e-05,2.008415259939145e-05,6.694717533130483e-06,8.703132793069628e-05,1.3389435066260967e-05,1.0042076299695725e-05,1.0042076299695725e-05,1.3389435066260967e-05,2.008415259939145e-05,3.3473587665652417e-06,2.3431511365956693e-05,6.694717533130483e-06,2.008415259939145e-05,1.673679383282621e-05,1.673679383282621e-05,1.3389435066260967e-05,3.0126228899087174e-05,1.3389435066260967e-05,2.6778870132521933e-05,2.3431511365956693e-05,1.673679383282621e-05,1.3389435066260967e-05,3.0126228899087174e-05,1.3389435066260967e-05,1.673679383282621e-05,1.3389435066260967e-05,1.3389435066260967e-05,1.0042076299695725e-05,2.3431511365956693e-05,1.0042076299695725e-05,1.0042076299695725e-05,2.6778870132521933e-05,3.0126228899087174e-05,1.0042076299695725e-05,6.694717533130483e-06,6.694717533130483e-06,1.673679383282621e-05,2.008415259939145e-05,3.3473587665652417e-06,2.3431511365956693e-05,1.3389435066260967e-05,1.673679383282621e-05,6.694717533130483e-06,1.0042076299695725e-05,3.0126228899087174e-05,2.3431511365956693e-05,1.0042076299695725e-05,1.0042076299695725e-05,1.673679383282621e-05,6.694717533130483e-06,1.0042076299695725e-05,6.694717533130483e-06,2.3431511365956693e-05,1.0042076299695725e-05,1.3389435066260967e-05,1.0042076299695725e-05,6.694717533130483e-06,2.008415259939145e-05,1.0042076299695725e-05,6.694717533130483e-06,1.673679383282621e-05,6.694717533130483e-06,1.3389435066260967e-05,1.673679383282621e-05,1.0042076299695725e-05,6.694717533130483e-06,6.694717533130483e-06,1.3389435066260967e-05,1.0042076299695725e-05,2.008415259939145e-05,2.3431511365956693e-05,1.0042076299695725e-05,1.3389435066260967e-05,1.3389435066260967e-05,3.347358766565242e-05,6.694717533130483e-06,1.673679383282621e-05,1.0042076299695725e-05,6.694717533130483e-06,6.694717533130483e-06,3.0126228899087174e-05,1.3389435066260967e-05,1.0042076299695725e-05,2.008415259939145e-05,1.0042076299695725e-05
6.694717533130483e-06,0.0,6.694717533130483e-06,1.0042076299695725e-05,2.6778870132521933e-05,1.0042076299695725e-05,1.0042076299695725e-05,6.694717533130483e-06,1.3389435066260967e-05,1.673679383282621e-05,1.673679383282621e-05,6.694717533130483e-06,1.3389435066260967e-05,3.3473587665652417e-06,6.694717533130483e-06,6.694717533130483e-06,6.694717533130483e-06,3.3473587665652417e-06,0.0,0.0,6.694717533130483e-06,3.3473587665652417e-06,0.0,0.0,0.0,0.0,0.0,0.0,0.0,0.0,0.0,0.0,0.0,0.0,3.3473587665652417e-06,0.0,0.0,0.0,0.0,0.0,0.0,0.0,0.0,0.0,0.0,0.0,0.0,0.0,0.0,0.0,0.0,0.0,0.0,0.0,0.0,0.0,0.0,0.0,0.0,0.0,0.0,0.0,0.0,0.0,0.0,0.0,0.0,0.0,0.0,0.0,0.0,0.0,0.0,0.0,0.0,0.0,0.0,0.0,0.0,0.0,0.0,0.0,0.0,0.0,0.0,0.0,0.0,0.0,6.694717533130483e-06,6.694717533130483e-06,0.0,0.0,0.0,0.0,0.0,0.0,0.0,0.0,0.0,0.0,6.694717533130483e-06,0.0,3.3473587665652417e-06,3.3473587665652417e-06,3.3473587665652417e-06,0.0,0.0,3.3473587665652417e-06,0.0,0.0,0.0,0.0,0.0,0.0,0.0,0.0,0.0,0.0,0.0,0.0,3.3473587665652417e-06,0.0,0.0,0.0,0.0,0.0,0.0,3.3473587665652417e-06,0.0,0.0,0.0,0.0,3.3473587665652417e-06,0.0,0.0,0.0,0.0,0.0,0.0,0.0,0.0,0.0,3.3473587665652417e-06,0.0,0.0,3.3473587665652417e-06,0.0,0.0,3.3473587665652417e-06,6.694717533130483e-06,0.0,3.3473587665652417e-06,0.0,3.3473587665652417e-06,0.0,0.0,6.694717533130483e-06,0.0,0.0,0.0,0.0,0.0,0.0,0.0,1.0042076299695725e-05,0.0,3.3473587665652417e-06,0.0,0.0,3.3473587665652417e-06,0.0,3.3473587665652417e-06,3.3473587665652417e-06,3.3473587665652417e-06,1.3389435066260967e-05,3.3473587665652417e-06,6.694717533130483e-06,3.3473587665652417e-06,0.0,0.0,6.694717533130483e-06,6.694717533130483e-06,3.3473587665652417e-06,6.694717533130483e-06,3.3473587665652417e-06,0.0,6.694717533130483e-06,4.351566396534814e-05,3.3473587665652417e-06,6.694717533130483e-06,3.3473587665652417e-06,6.694717533130483e-06,6.694717533130483e-06,1.0042076299695725e-05,2.3431511365956693e-05,6.694717533130483e-06,6.694717533130483e-06,1.673679383282621e-05,1.0042076299695725e-05,1.3389435066260967e-05,1.0042076299695725e-05,3.3473587665652417e-06,3.3473587665652417e-06,1.673679383282621e-05,1.0042076299695725e-05,1.673679383282621e-05,6.694717533130483e-06,0.0,3.3473587665652417e-06,0.0,6.694717533130483e-06,0.0,1.0042076299695725e-05,0.0,1.0042076299695725e-05,1.0042076299695725e-05,3.3473587665652417e-06,0.0,0.0,6.694717533130483e-06,3.3473587665652417e-06,3.3473587665652417e-06,1.0042076299695725e-05,0.0,3.3473587665652417e-06,1.0042076299695725e-05,0.0,6.694717533130483e-06,1.3389435066260967e-05,3.3473587665652417e-06,0.0,6.694717533130483e-06,3.3473587665652417e-06,0.0,0.0,1.0042076299695725e-05,6.694717533130483e-06,0.0,3.3473587665652417e-06,3.3473587665652417e-06,3.3473587665652417e-06,1.0042076299695725e-05,6.694717533130483e-06,6.694717533130483e-06,3.3473587665652417e-06,3.3473587665652417e-06,1.673679383282621e-05,6.694717533130483e-06,3.3473587665652417e-06,6.694717533130483e-06,0.0,6.694717533130483e-06,0.0,0.0,2.008415259939145e-05,1.673679383282621e-05,1.673679383282621e-05,6.694717533130483e-06,1.3389435066260967e-05,3.3473587665652417e-06,6.694717533130483e-06,1.673679383282621e-05,1.3389435066260967e-05,3.3473587665652417e-06,1.673679383282621e-05,0.0,1.0042076299695725e-05,6.694717533130483e-06,2.3431511365956693e-05,2.3431511365956693e-05,1.3389435066260967e-05,3.0126228899087174e-05,1.3389435066260967e-05,1.3389435066260967e-05,6.694717533130483e-06,6.694717533130483e-06,2.008415259939145e-05,1.0042076299695725e-05,3.0126228899087174e-05,1.3389435066260967e-05,4.01683051987829e-05,2.008415259939145e-05,2.008415259939145e-05,2.008415259939145e-05,2.3431511365956693e-05,2.008415259939145e-05,3.0126228899087174e-05,1.3389435066260967e-05,1.673679383282621e-05,1.0042076299695725e-05,3.3473587665652417e-06,2.008415259939145e-05,2.008415259939145e-05,2.008415259939145e-05,1.3389435066260967e-05,1.3389435066260967e-05,1.673679383282621e-05,1.3389435066260967e-05,1.0042076299695725e-05,6.694717533130483e-06,1.0042076299695725e-05,1.3389435066260967e-05,1.3389435066260967e-05,1.673679383282621e-05,3.3473587665652417e-06,6.694717533130483e-06,3.3473587665652417e-06,3.3473587665652417e-06,0.0,3.3473587665652417e-06,1.673679383282621e-05,1.673679383282621e-05,1.0042076299695725e-05,2.6778870132521933e-05,1.3389435066260967e-05,6.694717533130483e-06,1.673679383282621e-05,2.3431511365956693e-05,1.0042076299695725e-05,6.694717533130483e-06,1.673679383282621e-05,1.673679383282621e-05,6.694717533130483e-06,1.3389435066260967e-05,2.3431511365956693e-05,2.008415259939145e-05,2.008415259939145e-05,1.3389435066260967e-05,1.0042076299695725e-05,8.03366103975658e-05,3.0126228899087174e-05,1.0042076299695725e-05,3.347358766565242e-05,2.6778870132521933e-05,1.0042076299695725e-05,2.008415259939145e-05,1.0042076299695725e-05,2.008415259939145e-05,6.694717533130483e-06,2.3431511365956693e-05,6.694717533130483e-06,1.0042076299695725e-05,1.673679383282621e-05,1.0042076299695725e-05,1.3389435066260967e-05,1.0042076299695725e-05,1.673679383282621e-05,3.347358766565242e-05,1.673679383282621e-05,2.008415259939145e-05,2.008415259939145e-05,4.01683051987829e-05,1.3389435066260967e-05,6.694717533130483e-06,1.673679383282621e-05,2.008415259939145e-05,2.3431511365956693e-05,1.673679383282621e-05,2.3431511365956693e-05,3.0126228899087174e-05
1.673679383282621e-05,0.0,1.673679383282621e-05,1.0042076299695725e-05,1.3389435066260967e-05,1.3389435066260967e-05,3.3473587665652417e-06,1.0042076299695725e-05,1.3389435066260967e-05,1.673679383282621e-05,1.0042076299695725e-05,0.0,3.3473587665652417e-06,1.0042076299695725e-05,1.0042076299695725e-05,6.694717533130483e-06,0.0,3.3473587665652417e-06,3.3473587665652417e-06,0.0,3.3473587665652417e-06,0.0,6.694717533130483e-06,0.0,0.0,0.0,3.3473587665652417e-06,0.0,0.0,3.3473587665652417e-06,0.0,0.0,0.0,0.0,0.0,0.0,0.0,0.0,0.0,0.0,3.3473587665652417e-06,0.0,0.0,0.0,0.0,0.0,0.0,0.0,0.0,0.0,3.3473587665652417e-06,0.0,0.0,0.0,0.0,0.0,0.0,0.0,0.0,0.0,0.0,0.0,0.0,6.694717533130483e-06,0.0,0.0,0.0,0.0,0.0,0.0,0.0,0.0,0.0,0.0,0.0,0.0,0.0,0.0,0.0,0.0,0.0,0.0,6.694717533130483e-06,0.0,6.694717533130483e-06,1.3389435066260967e-05,0.0,0.0,2.008415259939145e-05,6.694717533130483e-06,0.0,2.008415259939145e-05,3.3473587665652417e-06,0.0,0.0,0.0,0.0,0.0,0.0,6.694717533130483e-06,0.0,0.0,0.0,0.0,6.694717533130483e-06,1.0042076299695725e-05,0.0,0.0,0.0,0.0,6.694717533130483e-06,0.0,0.0,0.0,0.0,0.0,0.0,0.0,0.0,3.3473587665652417e-06,3.3473587665652417e-06,0.0,0.0,0.0,3.3473587665652417e-06,0.0,0.0,0.0,3.3473587665652417e-06,0.0,0.0,3.3473587665652417e-06,0.0,0.0,0.0,0.0,0.0,0.0,0.0,3.3473587665652417e-06,3.3473587665652417e-06,0.0,3.3473587665652417e-06,0.0,0.0,0.0,0.0,3.3473587665652417e-06,0.0,0.0,0.0,0.0,3.3473587665652417e-06,0.0,0.0,0.0,0.0,0.0,0.0,0.0,0.0,0.0,0.0,0.0,0.0,3.3473587665652417e-06,0.0,6.694717533130483e-06,0.0,3.3473587665652417e-06,1.3389435066260967e-05,3.3473587665652417e-06,6.694717533130483e-06,0.0,0.0,0.0,0.0,3.3473587665652417e-06,3.3473587665652417e-06,3.3473587665652417e-06,0.0,3.3473587665652417e-06,0.0,6.694717533130483e-06,6.694717533130483e-06,3.3473587665652417e-06,0.0,1.0042076299695725e-05,1.0042076299695725e-05,3.3473587665652417e-06,3.3473587665652417e-06,1.0042076299695725e-05,1.3389435066260967e-05,6.694717533130483e-06,1.3389435066260967e-05,1.0042076299695725e-05,1.0042076299695725e-05,2.3431511365956693e-05,3.3473587665652417e-06,6.694717533130483e-06,2.3431511365956693e-05,2.6778870132521933e-05,1.3389435066260967e-05,3.3473587665652417e-06,0.0,6.694717533130483e-06,1.3389435066260967e-05,6.694717533130483e-06,3.3473587665652417e-06,6.694717533130483e-06,1.3389435066260967e-05,0.0,3.3473587665652417e-06,3.3473587665652417e-06,1.3389435066260967e-05,0.0,3.3473587665652417e-06,0.0,6.694717533130483e-06,0.0,3.3473587665652417e-06,6.694717533130483e-06,6.694717533130483e-06,6.694717533130483e-06,6.694717533130483e-06,3.3473587665652417e-06,6.694717533130483e-06,6.694717533130483e-06,3.3473587665652417e-06,6.694717533130483e-06,3.3473587665652417e-06,0.0,0.0,1.3389435066260967e-05,0.0,6.694717533130483e-06,3.3473587665652417e-06,1.0042076299695725e-05,0.0,3.3473587665652417e-06,6.694717533130483e-06,0.0,0.0,1.0042076299695725e-05,3.3473587665652417e-06,0.0,3.3473587665652417e-06,1.3389435066260967e-05,1.673679383282621e-05,3.3473587665652417e-06,1.3389435066260967e-05,2.008415259939145e-05,1.673679383282621e-05,1.673679383282621e-05,0.0,1.0042076299695725e-05,0.0,3.3473587665652417e-06,2.3431511365956693e-05,1.673679383282621e-05,6.694717533130483e-06,1.0042076299695725e-05,6.694717533130483e-06,1.3389435066260967e-05,1.0042076299695725e-05,1.0042076299695725e-05,3.3473587665652417e-06,6.694717533130483e-06,3.3473587665652417e-06,1.0042076299695725e-05,1.0042076299695725e-05,2.008415259939145e-05,1.673679383282621e-05,2.3431511365956693e-05,2.3431511365956693e-05,2.008415259939145e-05,1.673679383282621e-05,1.673679383282621e-05,1.0042076299695725e-05,1.3389435066260967e-05,3.682094643221766e-05,2.008415259939145e-05,2.6778870132521933e-05,1.3389435066260967e-05,1.3389435066260967e-05,6.694717533130483e-06,3.3473587665652417e-06,6.694717533130483e-06,6.694717533130483e-06,2.6778870132521933e-05,1.673679383282621e-05,1.3389435066260967e-05,1.673679383282621e-05,1.3389435066260967e-05,2.3431511365956693e-05,6.694717533130483e-06,2.008415259939145e-05,1.3389435066260967e-05,2.6778870132521933e-05,1.673679383282621e-05,2.008415259939145e-05,6.694717533130483e-06,2.3431511365956693e-05,2.3431511365956693e-05,6.694717533130483e-06,1.0042076299695725e-05,1.3389435066260967e-05,1.0042076299695725e-05,6.694717533130483e-06,3.347358766565242e-05,2.6778870132521933e-05,3.347358766565242e-05,3.3473587665652417e-06,1.3389435066260967e-05,1.0042076299695725e-05,1.673679383282621e-05,1.673679383282621e-05,1.0042076299695725e-05,2.3431511365956693e-05,2.008415259939145e-05,2.6778870132521933e-05,1.0042076299695725e-05,1.673679383282621e-05,3.3473587665652417e-06,2.008415259939145e-05,1.0042076299695725e-05,6.694717533130483e-06,6.694717533130483e-06,2.008415259939145e-05,3.682094643221766e-05,1.0042076299695725e-05,1.3389435066260967e-05,3.0126228899087174e-05,1.3389435066260967e-05,2.008415259939145e-05,2.008415259939145e-05,1.673679383282621e-05,1.3389435066260967e-05,1.3389435066260967e-05,2.008415259939145e-05,2.008415259939145e-05,1.3389435066260967e-05,1.673679383282621e-05,2.3431511365956693e-05,4.01683051987829e-05,1.673679383282621e-05,2.6778870132521933e-05,6.025245779817435e-05,1.0042076299695725e-05,6.694717533130483e-06,2.3431511365956693e-05,1.673679383282621e-05,1.3389435066260967e-05,1.673679383282621e-05,1.3389435066260967e-05,2.008415259939145e-05,6.694717533130483e-06,1.673679383282621e-05,1.673679383282621e-05,2.008415259939145e-05
1.3389435066260967e-05,3.682094643221766e-05,3.3473587665652417e-06,2.6778870132521933e-05,2.3431511365956693e-05,1.673679383282621e-05,6.694717533130483e-06,1.0042076299695725e-05,1.3389435066260967e-05,6.694717533130483e-06,1.0042076299695725e-05,6.694717533130483e-06,6.694717533130483e-06,3.3473587665652417e-06,0.0,0.0,6.694717533130483e-06,1.0042076299695725e-05,3.3473587665652417e-06,6.694717533130483e-06,6.694717533130483e-06,0.0,6.694717533130483e-06,0.0,3.3473587665652417e-06,6.694717533130483e-06,6.694717533130483e-06,0.0,1.3389435066260967e-05,0.0,0.0,0.0,0.0,0.0,0.0,0.0,3.3473587665652417e-06,0.0,0.0,0.0,0.0,0.0,0.0,0.0,3.3473587665652417e-06,0.0,0.0,0.0,0.0,0.0,0.0,3.3473587665652417e-06,0.0,0.0,0.0,0.0,0.0,0.0,0.0,0.0,0.0,0.0,3.3473587665652417e-06,0.0,0.0,0.0,0.0,0.0,0.0,0.0,0.0,0.0,0.0,0.0,0.0,0.0,0.0,0.0,0.0,0.0,0.0,0.0,0.0,0.0,0.0,0.0,0.0,3.347358766565242e-05,2.6778870132521933e-05,1.3389435066260967e-05,0.0,1.3389435066260967e-05,0.0,3.3473587665652417e-06,0.0,0.0,0.0,0.0,0.0,0.0,0.0,0.0,0.0,0.0,0.0,0.0,0.0,0.0,3.3473587665652417e-06,0.0,6.694717533130483e-06,0.0,0.0,0.0,3.3473587665652417e-06,0.0,0.0,3.3473587665652417e-06,0.0,0.0,0.0,0.0,0.0,0.0,0.0,0.0,0.0,0.0,0.0,0.0,3.3473587665652417e-06,0.0,0.0,0.0,0.0,3.3473587665652417e-06,3.3473587665652417e-06,0.0,0.0,0.0,0.0,3.3473587665652417e-06,0.0,0.0,3.3473587665652417e-06,0.0,3.3473587665652417e-06,0.0,0.0,0.0,0.0,3.3473587665652417e-06,3.3473587665652417e-06,3.3473587665652417e-06,0.0,6.694717533130483e-06,3.3473587665652417e-06,0.0,3.3473587665652417e-06,0.0,6.694717533130483e-06,0.0,0.0,0.0,0.0,3.3473587665652417e-06,6.694717533130483e-06,0.0,0.0,0.0,3.3473587665652417e-06,0.0,3.3473587665652417e-06,3.3473587665652417e-06,3.3473587665652417e-06,3.3473587665652417e-06,3.3473587665652417e-06,0.0,6.694717533130483e-06,0.0,3.3473587665652417e-06,6.694717533130483e-06,6.694717533130483e-06,6.694717533130483e-06,3.3473587665652417e-06,0.0,0.0,0.0,1.673679383282621e-05,3.3473587665652417e-06,6.694717533130483e-06,1.3389435066260967e-05,3.3473587665652417e-06,1.0042076299695725e-05,1.0042076299695725e-05,6.694717533130483e-06,1.0042076299695725e-05,1.673679383282621e-05,1.0042076299695725e-05,0.0,2.3431511365956693e-05,2.008415259939145e-05,6.694717533130483e-06,6.694717533130483e-06,6.694717533130483e-06,3.3473587665652417e-06,1.0042076299695725e-05,1.0042076299695725e-05,6.694717533130483e-06,1.673679383282621e-05,6.694717533130483e-06,1.3389435066260967e-05,3.3473587665652417e-06,1.3389435066260967e-05,3.3473587665652417e-06,1.3389435066260967e-05,1.0042076299695725e-05,0.0,2.008415259939145e-05,3.3473587665652417e-06,6.694717533130483e-06,1.0042076299695725e-05,1.0042076299695725e-05,3.3473587665652417e-06,3.3473587665652417e-06,1.0042076299695725e-05,0.0,0.0,3.3473587665652417e-06,3.3473587665652417e-06,3.3473587665652417e-06,3.3473587665652417e-06,6.694717533130483e-06,3.3473587665652417e-06,3.3473587665652417e-06,3.3473587665652417e-06,0.0,1.3389435066260967e-05,0.0,1.0042076299695725e-05,6.694717533130483e-06,1.3389435066260967e-05,1.3389435066260967e-05,0.0,0.0,1.0042076299695725e-05,3.3473587665652417e-06,3.3473587665652417e-06,3.3473587665652417e-06,3.3473587665652417e-06,0.0,3.3473587665652417e-06,1.673679383282621e-05,3.3473587665652417e-06,6.694717533130483e-06,6.694717533130483e-06,3.3473587665652417e-06,1.673679383282621e-05,6.694717533130483e-06,6.694717533130483e-06,6.694717533130483e-06,1.0042076299695725e-05,1.3389435066260967e-05,1.3389435066260967e-05,6.694717533130483e-06,3.3473587665652417e-06,2.3431511365956693e-05,6.694717533130483e-06,3.3473587665652417e-06,4.351566396534814e-05,1.673679383282621e-05,1.673679383282621e-05,1.673679383282621e-05,4.01683051987829e-05,2.6778870132521933e-05,2.008415259939145e-05,2.3431511365956693e-05,1.3389435066260967e-05,1.0042076299695725e-05,2.008415259939145e-05,3.347358766565242e-05,1.3389435066260967e-05,2.008415259939145e-05,1.0042076299695725e-05,1.3389435066260967e-05,1.3389435066260967e-05,1.0042076299695725e-05,1.3389435066260967e-05,2.008415259939145e-05,1.3389435066260967e-05,1.3389435066260967e-05,3.347358766565242e-05,1.673679383282621e-05,1.0042076299695725e-05,5.021038149847862e-05,2.008415259939145e-05,1.673679383282621e-05,2.6778870132521933e-05,1.3389435066260967e-05,2.008415259939145e-05,1.673679383282621e-05,1.673679383282621e-05,1.673679383282621e-05,6.694717533130483e-06,1.673679383282621e-05,6.694717533130483e-06,2.3431511365956693e-05,1.0042076299695725e-05,1.673679383282621e-05,6.694717533130483e-06,3.3473587665652417e-06,2.008415259939145e-05,2.008415259939145e-05,6.694717533130483e-06,6.694717533130483e-06,3.3473587665652417e-06,1.0042076299695725e-05,6.694717533130483e-06,1.673679383282621e-05,3.0126228899087174e-05,1.0042076299695725e-05,6.694717533130483e-06,3.3473587665652417e-06,1.673679383282621e-05,2.6778870132521933e-05,1.0042076299695725e-05,1.3389435066260967e-05,1.673679383282621e-05,1.3389435066260967e-05,2.3431511365956693e-05,3.347358766565242e-05,2.008415259939145e-05,3.3473587665652417e-06,2.3431511365956693e-05,1.673679383282621e-05,3.0126228899087174e-05,6.694717533130483e-06,2.008415259939145e-05,3.0126228899087174e-05,2.3431511365956693e-05,1.673679383282621e-05,6.694717533130483e-06,0.0,2.008415259939145e-05,2.3431511365956693e-05,1.3389435066260967e-05,3.347358766565242e-05,6.694717533130483e-06,1.673679383282621e-05,1.0042076299695725e-05,4.351566396534814e-05,2.3431511365956693e-05,2.3431511365956693e-05,3.3473587665652417e-06,1.673679383282621e-05,1.3389435066260967e-05,4.351566396534814e-05,1.3389435066260967e-05,1.673679383282621e-05,2.3431511365956693e-05
0.0,3.347358766565242e-05,3.3473587665652417e-06,1.0042076299695725e-05,6.694717533130483e-06,2.008415259939145e-05,6.694717533130483e-06,6.694717533130483e-06,3.3473587665652417e-06,1.0042076299695725e-05,1.0042076299695725e-05,1.3389435066260967e-05,1.0042076299695725e-05,1.0042076299695725e-05,3.3473587665652417e-06,3.3473587665652417e-06,1.0042076299695725e-05,0.0,3.3473587665652417e-06,0.0,6.694717533130483e-06,1.0042076299695725e-05,0.0,0.0,6.694717533130483e-06,0.0,0.0,3.3473587665652417e-06,0.0,3.3473587665652417e-06,0.0,0.0,3.3473587665652417e-06,0.0,0.0,3.3473587665652417e-06,0.0,0.0,0.0,0.0,0.0,0.0,0.0,0.0,0.0,0.0,3.3473587665652417e-06,0.0,0.0,0.0,0.0,0.0,0.0,0.0,0.0,0.0,0.0,0.0,0.0,0.0,0.0,0.0,0.0,0.0,0.0,0.0,0.0,0.0,0.0,0.0,0.0,0.0,0.0,0.0,0.0,0.0,0.0,0.0,0.0,0.0,0.0,0.0,0.0,3.3473587665652417e-06,3.3473587665652417e-06,0.0,0.0,1.3389435066260967e-05,6.694717533130483e-06,0.0,0.0,0.0,0.0,0.0,3.3473587665652417e-06,1.0042076299695725e-05,0.0,0.0,0.0,0.0,0.0,0.0,0.0,3.3473587665652417e-06,3.3473587665652417e-06,6.694717533130483e-06,0.0,0.0,0.0,6.694717533130483e-06,0.0,0.0,0.0,0.0,0.0,0.0,1.0042076299695725e-05,0.0,0.0,3.3473587665652417e-06,0.0,0.0,3.3473587665652417e-06,0.0,0.0,0.0,0.0,0.0,0.0,3.3473587665652417e-06,0.0,0.0,0.0,0.0,0.0,3.3473587665652417e-06,0.0,0.0,0.0,0.0,0.0,0.0,0.0,0.0,0.0,0.0,0.0,0.0,0.0,0.0,0.0,0.0,0.0,0.0,0.0,0.0,0.0,0.0,0.0,0.0,0.0,0.0,0.0,0.0,6.694717533130483e-06,0.0,3.3473587665652417e-06,0.0,0.0,3.3473587665652417e-06,3.3473587665652417e-06,3.3473587665652417e-06,0.0,3.3473587665652417e-06,6.694717533130483e-06,3.3473587665652417e-06,0.0,0.0,3.3473587665652417e-06,3.3473587665652417e-06,6.694717533130483e-06,1.3389435066260967e-05,1.0042076299695725e-05,6.694717533130483e-06,3.3473587665652417e-06,1.0042076299695725e-05,0.0,3.3473587665652417e-06,1.0042076299695725e-05,1.3389435066260967e-05,6.694717533130483e-06,6.694717533130483e-06,3.3473587665652417e-06,6.694717533130483e-06,6.694717533130483e-06,6.694717533130483e-06,3.3473587665652417e-06,6.694717533130483e-06,3.3473587665652417e-06,2.008415259939145e-05,1.3389435066260967e-05,1.0042076299695725e-05,1.673679383282621e-05,1.0042076299695725e-05,0.0,6.694717533130483e-06,6.694717533130483e-06,6.694717533130483e-06,1.0042076299695725e-05,6.694717533130483e-06,3.3473587665652417e-06,1.0042076299695725e-05,0.0,1.0042076299695725e-05,6.694717533130483e-06,3.3473587665652417e-06,6.694717533130483e-06,0.0,3.3473587665652417e-06,6.694717533130483e-06,6.694717533130483e-06,1.3389435066260967e-05,6.694717533130483e-06,3.3473587665652417e-06,3.3473587665652417e-06,0.0,6.694717533130483e-06,0.0,3.3473587665652417e-06,3.3473587665652417e-06,0.0,1.0042076299695725e-05,3.3473587665652417e-06,0.0,0.0,3.3473587665652417e-06,1.3389435066260967e-05,3.3473587665652417e-06,3.3473587665652417e-06,6.694717533130483e-06,3.3473587665652417e-06,6.694717533130483e-06,3.3473587665652417e-06,3.3473587665652417e-06,6.694717533130483e-06,6.694717533130483e-06,3.3473587665652417e-06,3.3473587665652417e-06,0.0,1.3389435066260967e-05,6.694717533130483e-06,3.3473587665652417e-06,6.694717533130483e-06,0.0,1.0042076299695725e-05,6.694717533130483e-06,1.0042076299695725e-05,1.0042076299695725e-05,1.0042076299695725e-05,6.694717533130483e-06,1.0042076299695725e-05,1.673679383282621e-05,1.0042076299695725e-05,3.3473587665652417e-06,1.0042076299695725e-05,6.694717533130483e-06,3.3473587665652417e-06,6.694717533130483e-06,1.3389435066260967e-05,1.0042076299695725e-05,1.3389435066260967e-05,1.0042076299695725e-05,6.694717533130483e-06,2.3431511365956693e-05,2.3431511365956693e-05,1.673679383282621e-05,1.3389435066260967e-05,3.0126228899087174e-05,2.3431511365956693e-05,0.0,1.3389435066260967e-05,2.3431511365956693e-05,2.3431511365956693e-05,2.008415259939145e-05,2.3431511365956693e-05,2.6778870132521933e-05,3.3473587665652417e-06,3.0126228899087174e-05,3.0126228899087174e-05,1.673679383282621e-05,1.3389435066260967e-05,1.0042076299695725e-05,3.3473587665652417e-06,2.6778870132521933e-05,1.3389435066260967e-05,2.008415259939145e-05,1.0042076299695725e-05,0.0,1.3389435066260967e-05,1.0042076299695725e-05,1.3389435066260967e-05,2.3431511365956693e-05,2.6778870132521933e-05,1.673679383282621e-05,3.0126228899087174e-05,1.3389435066260967e-05,3.3473587665652417e-06,2.008415259939145e-05,1.673679383282621e-05,1.673679383282621e-05,1.0042076299695725e-05,6.694717533130483e-06,2.008415259939145e-05,1.0042076299695725e-05,3.682094643221766e-05,2.008415259939145e-05,1.3389435066260967e-05,1.0042076299695725e-05,1.3389435066260967e-05,2.6778870132521933e-05,2.6778870132521933e-05,6.694717533130483e-06,1.3389435066260967e-05,1.673679383282621e-05,3.3473587665652417e-06,6.694717533130483e-06,1.0042076299695725e-05,1.0042076299695725e-05,1.0042076299695725e-05,1.3389435066260967e-05,1.673679383282621e-05,1.0042076299695725e-05,1.673679383282621e-05,2.6778870132521933e-05,2.008415259939145e-05,6.025245779817435e-05,2.008415259939145e-05,2.008415259939145e-05,1.0042076299695725e-05,1.3389435066260967e-05,2.3431511365956693e-05,1.3389435066260967e-05,1.0042076299695725e-05,1.0042076299695725e-05,1.3389435066260967e-05,2.3431511365956693e-05,6.694717533130483e-06,1.673679383282621e-05,2.3431511365956693e-05,1.0042076299695725e-05,1.3389435066260967e-05,1.673679383282621e-05,1.3389435066260967e-05,2.3431511365956693e-05,1.0042076299695725e-05,6.694717533130483e-06,6.694717533130483e-06,1.673679383282621e-05,1.0042076299695725e-05,1.0042076299695725e-05
6.694717533130483e-06,2.008415259939145e-05,6.694717533130483e-06,6.694717533130483e-06,3.3473587665652417e-06,6.694717533130483e-06,6.694717533130483e-06,1.673679383282621e-05,1.0042076299695725e-05,1.673679383282621e-05,6.694717533130483e-06,8.03366103975658e-05,6.694717533130483e-06,6.694717533130483e-06,3.3473587665652417e-06,1.0042076299695725e-05,0.0,0.0,0.0,6.694717533130483e-06,0.0,3.3473587665652417e-06,6.694717533130483e-06,3.3473587665652417e-06,0.0,0.0,0.0,0.0,0.0,0.0,0.0,0.0,0.0,0.0,0.0,0.0,0.0,0.0,0.0,0.0,0.0,0.0,0.0,0.0,0.0,0.0,0.0,0.0,0.0,0.0,3.3473587665652417e-06,0.0,0.0,0.0,0.0,0.0,0.0,0.0,0.0,0.0,0.0,0.0,0.0,0.0,0.0,0.0,0.0,0.0,0.0,0.0,0.0,0.0,0.0,0.0,0.0,0.0,0.0,0.0,0.0,0.0,0.0,0.0,0.0,0.0,0.0,0.0,0.0,0.0,0.0,0.0,0.0,0.0,3.3473587665652417e-06,3.3473587665652417e-06,0.0,0.0,0.0,0.0,0.0,1.0042076299695725e-05,1.673679383282621e-05,6.694717533130483e-06,6.694717533130483e-06,0.0,0.0,0.0,0.0,3.3473587665652417e-06,0.0,0.0,0.0,0.0,0.0,3.3473587665652417e-06,3.3473587665652417e-06,0.0,0.0,0.0,0.0,0.0,0.0,0.0,3.3473587665652417e-06,3.3473587665652417e-06,0.0,0.0,0.0,0.0,0.0,0.0,0.0,3.3473587665652417e-06,3.3473587665652417e-06,0.0,0.0,6.694717533130483e-06,3.3473587665652417e-06,0.0,0.0,0.0,0.0,0.0,6.694717533130483e-06,0.0,0.0,0.0,3.3473587665652417e-06,0.0,0.0,0.0,0.0,0.0,0.0,0.0,0.0,6.694717533130483e-06,0.0,0.0,3.3473587665652417e-06,3.3473587665652417e-06,0.0,0.0,0.0,0.0,0.0,0.0,3.3473587665652417e-06,3.3473587665652417e-06,3.3473587665652417e-06,3.3473587665652417e-06,3.3473587665652417e-06,0.0,0.0,3.3473587665652417e-06,3.3473587665652417e-06,0.0,0.0,1.0042076299695725e-05,3.3473587665652417e-06,0.0,1.0042076299695725e-05,6.694717533130483e-06,6.694717533130483e-06,3.3473587665652417e-06,1.0042076299695725e-05,6.694717533130483e-06,2.6778870132521933e-05,3.3473587665652417e-06,0.0,3.3473587665652417e-06,6.694717533130483e-06,6.694717533130483e-06,1.3389435066260967e-05,2.3431511365956693e-05,2.6778870132521933e-05,6.694717533130483e-06,6.694717533130483e-06,6.694717533130483e-06,6.694717533130483e-06,0.0,1.3389435066260967e-05,6.694717533130483e-06,1.0042076299695725e-05,3.3473587665652417e-06,3.3473587665652417e-06,3.3473587665652417e-06,3.3473587665652417e-06,3.3473587665652417e-06,6.694717533130483e-06,6.694717533130483e-06,3.3473587665652417e-06,1.673679383282621e-05,3.3473587665652417e-06,0.0,6.694717533130483e-06,6.694717533130483e-06,6.694717533130483e-06,6.694717533130483e-06,1.673679383282621e-05,3.3473587665652417e-06,1.3389435066260967e-05,6.694717533130483e-06,6.694717533130483e-06,1.3389435066260967e-05,3.3473587665652417e-06,3.3473587665652417e-06,6.694717533130483e-06,6.694717533130483e-06,3.3473587665652417e-06,6.694717533130483e-06,6.694717533130483e-06,0.0,0.0,0.0,3.3473587665652417e-06,3.3473587665652417e-06,0.0,1.0042076299695725e-05,6.694717533130483e-06,0.0,3.3473587665652417e-06,0.0,3.3473587665652417e-06,0.0,0.0,0.0,1.3389435066260967e-05,0.0,6.694717533130483e-06,1.3389435066260967e-05,0.0,3.3473587665652417e-06,3.3473587665652417e-06,0.0,6.694717533130483e-06,1.3389435066260967e-05,1.0042076299695725e-05,6.694717533130483e-06,1.0042076299695725e-05,3.3473587665652417e-06,1.0042076299695725e-05,1.0042076299695725e-05,1.3389435066260967e-05,1.3389435066260967e-05,2.008415259939145e-05,6.694717533130483e-06,1.3389435066260967e-05,1.0042076299695725e-05,1.3389435066260967e-05,1.0042076299695725e-05,1.3389435066260967e-05,1.0042076299695725e-05,6.694717533130483e-06,2.008415259939145e-05,2.3431511365956693e-05,2.3431511365956693e-05,0.0,3.3473587665652417e-06,1.0042076299695725e-05,3.347358766565242e-05,2.3431511365956693e-05,1.3389435066260967e-05,2.008415259939145e-05,2.3431511365956693e-05,1.673679383282621e-05,3.347358766565242e-05,3.682094643221766e-05,1.0042076299695725e-05,1.673679383282621e-05,2.3431511365956693e-05,1.3389435066260967e-05,2.6778870132521933e-05,2.008415259939145e-05,3.0126228899087174e-05,1.3389435066260967e-05,6.694717533130483e-06,3.0126228899087174e-05,1.673679383282621e-05,3.347358766565242e-05,1.3389435066260967e-05,1.0042076299695725e-05,6.694717533130483e-06,1.3389435066260967e-05,1.0042076299695725e-05,3.3473587665652417e-06,2.3431511365956693e-05,1.3389435066260967e-05,1.0042076299695725e-05,1.673679383282621e-05,3.3473587665652417e-06,1.0042076299695725e-05,1.0042076299695725e-05,6.694717533130483e-06,0.0,3.3473587665652417e-06,0.0,2.3431511365956693e-05,3.3473587665652417e-06,3.0126228899087174e-05,1.3389435066260967e-05,3.3473587665652417e-06,1.3389435066260967e-05,3.3473587665652417e-06,3.0126228899087174e-05,6.694717533130483e-06,1.673679383282621e-05,1.0042076299695725e-05,1.0042076299695725e-05,1.3389435066260967e-05,2.3431511365956693e-05,1.673679383282621e-05,2.008415259939145e-05,1.3389435066260967e-05,2.008415259939145e-05,1.0042076299695725e-05,1.673679383282621e-05,1.0042076299695725e-05,2.008415259939145e-05,1.673679383282621e-05,2.3431511365956693e-05,2.6778870132521933e-05,2.008415259939145e-05,3.3473587665652417e-06,3.3473587665652417e-06,2.008415259939145e-05,3.3473587665652417e-06,0.0,2.008415259939145e-05,1.3389435066260967e-05,1.3389435066260967e-05,2.6778870132521933e-05,1.0042076299695725e-05,6.694717533130483e-06,8.03366103975658e-05,2.008415259939145e-05,2.6778870132521933e-05,1.0042076299695725e-05,6.694717533130483e-06,2.3431511365956693e-05,1.3389435066260967e-05
6.694717533130483e-06,1.0042076299695725e-05,2.3431511365956693e-05,3.3473587665652417e-06,1.0042076299695725e-05,1.0042076299695725e-05,1.0042076299695725e-05,3.3473587665652417e-06,6.694717533130483e-06,0.0,6.694717533130483e-06,6.694717533130483e-06,3.3473587665652417e-06,1.0042076299695725e-05,6.694717533130483e-06,0.0,1.3389435066260967e-05,0.0,0.0,6.694717533130483e-06,0.0,6.694717533130483e-06,6.694717533130483e-06,0.0,0.0,0.0,0.0,0.0,0.0,3.3473587665652417e-06,3.3473587665652417e-06,0.0,0.0,0.0,0.0,6.694717533130483e-06,0.0,0.0,0.0,0.0,3.3473587665652417e-06,0.0,0.0,0.0,0.0,0.0,0.0,0.0,0.0,0.0,0.0,0.0,0.0,0.0,0.0,0.0,0.0,0.0,0.0,0.0,0.0,0.0,0.0,3.3473587665652417e-06,0.0,0.0,0.0,0.0,0.0,0.0,0.0,0.0,0.0,0.0,0.0,0.0,0.0,0.0,0.0,0.0,0.0,0.0,0.0,0.0,0.0,0.0,0.0,0.0,0.0,0.0,0.0,0.0,6.694717533130483e-06,0.0,3.3473587665652417e-06,0.0,0.0,0.0,0.0,0.0,3.3473587665652417e-06,1.0042076299695725e-05,3.3473587665652417e-06,0.0,0.0,6.694717533130483e-06,0.0,0.0,6.694717533130483e-06,0.0,0.0,3.3473587665652417e-06,0.0,0.0,0.0,0.0,0.0,0.0,0.0,0.0,3.3473587665652417e-06,0.0,1.0042076299695725e-05,3.3473587665652417e-06,0.0,0.0,0.0,0.0,0.0,0.0,0.0,3.3473587665652417e-06,3.3473587665652417e-06,0.0,0.0,3.3473587665652417e-06,0.0,3.3473587665652417e-06,3.3473587665652417e-06,0.0,0.0,0.0,0.0,0.0,0.0,3.3473587665652417e-06,0.0,0.0,0.0,0.0,0.0,0.0,3.3473587665652417e-06,0.0,0.0,3.3473587665652417e-06,3.3473587665652417e-06,0.0,0.0,0.0,0.0,0.0,3.3473587665652417e-06,0.0,0.0,3.3473587665652417e-06,0.0,0.0,0.0,0.0,0.0,3.347358766565242e-05,3.3473587665652417e-06,0.0,1.0042076299695725e-05,0.0,3.3473587665652417e-06,0.0,3.3473587665652417e-06,0.0,0.0,6.694717533130483e-06,3.3473587665652417e-06,6.694717533130483e-06,3.3473587665652417e-06,3.3473587665652417e-06,6.694717533130483e-06,3.3473587665652417e-06,6.694717533130483e-06,0.0,6.694717533130483e-06,6.694717533130483e-06,6.694717533130483e-06,2.008415259939145e-05,1.3389435066260967e-05,6.694717533130483e-06,0.0,6.694717533130483e-06,2.3431511365956693e-05,2.3431511365956693e-05,1.673679383282621e-05,1.0042076299695725e-05,1.3389435066260967e-05,6.694717533130483e-06,1.3389435066260967e-05,6.694717533130483e-06,1.673679383282621e-05,6.694717533130483e-06,6.694717533130483e-06,6.694717533130483e-06,3.3473587665652417e-06,3.3473587665652417e-06,6.694717533130483e-06,2.3431511365956693e-05,1.0042076299695725e-05,1.0042076299695725e-05,1.673679383282621e-05,0.0,3.3473587665652417e-06,3.3473587665652417e-06,1.0042076299695725e-05,1.673679383282621e-05,3.3473587665652417e-06,3.3473587665652417e-06,3.3473587665652417e-06,3.3473587665652417e-06,3.3473587665652417e-06,3.3473587665652417e-06,0.0,6.694717533130483e-06,3.3473587665652417e-06,6.694717533130483e-06,3.3473587665652417e-06,0.0,0.0,0.0,3.3473587665652417e-06,6.694717533130483e-06,0.0,3.3473587665652417e-06,6.694717533130483e-06,6.694717533130483e-06,3.3473587665652417e-06,1.0042076299695725e-05,3.3473587665652417e-06,3.3473587665652417e-06,6.694717533130483e-06,0.0,3.3473587665652417e-06,3.3473587665652417e-06,0.0,6.694717533130483e-06,6.694717533130483e-06,0.0,1.0042076299695725e-05,6.694717533130483e-06,1.0042076299695725e-05,6.694717533130483e-06,1.0042076299695725e-05,1.0042076299695725e-05,6.694717533130483e-06,6.694717533130483e-06,1.3389435066260967e-05,2.008415259939145e-05,1.0042076299695725e-05,6.694717533130483e-06,1.3389435066260967e-05,3.3473587665652417e-06,1.3389435066260967e-05,3.3473587665652417e-06,2.008415259939145e-05,0.0,1.3389435066260967e-05,2.3431511365956693e-05,1.3389435066260967e-05,3.3473587665652417e-06,1.673679383282621e-05,1.0042076299695725e-05,2.6778870132521933e-05,1.3389435066260967e-05,1.0042076299695725e-05,1.673679383282621e-05,2.6778870132521933e-05,1.3389435066260967e-05,2.008415259939145e-05,2.008415259939145e-05,3.347358766565242e-05,6.694717533130483e-06,2.3431511365956693e-05,1.673679383282621e-05,6.694717533130483e-06,1.673679383282621e-05,6.694717533130483e-06,3.347358766565242e-05,3.347358766565242e-05,1.3389435066260967e-05,6.694717533130483e-06,1.673679383282621e-05,3.0126228899087174e-05,1.3389435066260967e-05,6.694717533130483e-06,1.673679383282621e-05,3.682094643221766e-05,1.673679383282621e-05,1.673679383282621e-05,1.3389435066260967e-05,1.3389435066260967e-05,2.008415259939145e-05,1.3389435066260967e-05,6.35998165647396e-05,1.3389435066260967e-05,3.3473587665652417e-06,1.3389435066260967e-05,0.0,1.0042076299695725e-05,3.0126228899087174e-05,1.673679383282621e-05,2.008415259939145e-05,1.3389435066260967e-05,2.008415259939145e-05,2.008415259939145e-05,1.0042076299695725e-05,1.673679383282621e-05,2.3431511365956693e-05,1.3389435066260967e-05,3.3473587665652417e-06,2.008415259939145e-05,1.673679383282621e-05,1.673679383282621e-05,1.3389435066260967e-05,2.3431511365956693e-05,6.694717533130483e-06,6.694717533130483e-06,0.0,1.0042076299695725e-05,2.3431511365956693e-05,0.0,1.673679383282621e-05,3.3473587665652417e-06,6.694717533130483e-06,3.0126228899087174e-05,2.008415259939145e-05,1.0042076299695725e-05,1.3389435066260967e-05,2.6778870132521933e-05,1.3389435066260967e-05,1.673679383282621e-05,1.673679383282621e-05,2.3431511365956693e-05,2.008415259939145e-05,1.0042076299695725e-05,1.3389435066260967e-05,1.0042076299695725e-05,1.0042076299695725e-05,1.673679383282621e-05,2.008415259939145e-05,2.3431511365956693e-05,6.694717533130483e-06,1.0042076299695725e-05,1.673679383282621e-05
6.694717533130483e-06,1.0042076299695725e-05,1.0042076299695725e-05,1.673679383282621e-05,1.3389435066260967e-05,1.0042076299695725e-05,1.0042076299695725e-05,6.694717533130483e-06,6.694717533130483e-06,1.0042076299695725e-05,3.3473587665652417e-06,0.0,0.0,3.3473587665652417e-06,3.3473587665652417e-06,6.694717533130483e-06,1.0042076299695725e-05,0.0,6.694717533130483e-06,0.0,0.0,3.3473587665652417e-06,3.3473587665652417e-06,0.0,0.0,0.0,0.0,0.0,0.0,0.0,0.0,0.0,0.0,0.0,0.0,0.0,0.0,0.0,0.0,3.3473587665652417e-06,0.0,0.0,0.0,0.0,0.0,0.0,0.0,0.0,0.0,0.0,0.0,0.0,0.0,0.0,0.0,0.0,0.0,0.0,0.0,0.0,0.0,0.0,0.0,0.0,0.0,0.0,0.0,0.0,0.0,0.0,0.0,0.0,0.0,0.0,0.0,0.0,0.0,0.0,0.0,0.0,0.0,6.694717533130483e-06,0.0,0.0,0.0,0.0,0.0,0.0,0.0,0.0,0.0,0.0,0.0,0.0,0.0,0.0,3.3473587665652417e-06,0.0,6.694717533130483e-06,0.0,1.3389435066260967e-05,1.3389435066260967e-05,0.0,0.0,0.0,0.0,0.0,0.0,0.0,3.3473587665652417e-06,0.0,0.0,0.0,0.0,0.0,0.0,0.0,3.3473587665652417e-06,3.3473587665652417e-06,3.3473587665652417e-06,0.0,0.0,3.3473587665652417e-06,0.0,0.0,0.0,0.0,0.0,0.0,0.0,0.0,0.0,0.0,0.0,3.3473587665652417e-06,0.0,0.0,0.0,0.0,0.0,0.0,0.0,0.0,3.3473587665652417e-06,0.0,0.0,6.694717533130483e-06,3.3473587665652417e-06,0.0,0.0,0.0,0.0,3.3473587665652417e-06,3.3473587665652417e-06,0.0,0.0,0.0,0.0,0.0,3.3473587665652417e-06,0.0,0.0,1.0042076299695725e-05,3.3473587665652417e-06,0.0,0.0,0.0,0.0,0.0,6.694717533130483e-06,3.3473587665652417e-06,1.0042076299695725e-05,6.694717533130483e-06,3.3473587665652417e-06,0.0,3.3473587665652417e-06,6.694717533130483e-06,3.3473587665652417e-06,0.0,6.694717533130483e-06,0.0,6.694717533130483e-06,3.3473587665652417e-06,3.3473587665652417e-06,1.0042076299695725e-05,6.694717533130483e-06,2.008415259939145e-05,1.3389435066260967e-05,3.3473587665652417e-06,0.0,6.694717533130483e-06,6.694717533130483e-06,3.3473587665652417e-06,6.694717533130483e-06,1.0042076299695725e-05,6.694717533130483e-06,1.3389435066260967e-05,1.673679383282621e-05,0.0,2.008415259939145e-05,3.3473587665652417e-06,2.3431511365956693e-05,6.694717533130483e-06,3.3473587665652417e-06,5.021038149847862e-05,6.694717533130483e-06,1.673679383282621e-05,1.673679383282621e-05,1.0042076299695725e-05,6.694717533130483e-06,1.0042076299695725e-05,3.3473587665652417e-06,0.0,1.0042076299695725e-05,6.694717533130483e-06,0.0,1.0042076299695725e-05,3.3473587665652417e-06,1.0042076299695725e-05,3.3473587665652417e-06,6.694717533130483e-06,1.0042076299695725e-05,0.0,3.3473587665652417e-06,0.0,3.3473587665652417e-06,0.0,6.694717533130483e-06,0.0,6.694717533130483e-06,6.694717533130483e-06,3.3473587665652417e-06,0.0,3.3473587665652417e-06,1.673679383282621e-05,0.0,0.0,0.0,6.694717533130483e-06,6.694717533130483e-06,0.0,1.0042076299695725e-05,3.3473587665652417e-06,1.3389435066260967e-05,3.3473587665652417e-06,0.0,0.0,0.0,3.3473587665652417e-06,3.3473587665652417e-06,0.0,6.694717533130483e-06,3.3473587665652417e-06,3.3473587665652417e-06,1.673679383282621e-05,3.3473587665652417e-06,1.0042076299695725e-05,6.694717533130483e-06,1.0042076299695725e-05,1.673679383282621e-05,1.0042076299695725e-05,3.3473587665652417e-06,1.0042076299695725e-05,1.3389435066260967e-05,1.0042076299695725e-05,6.694717533130483e-06,1.3389435066260967e-05,6.694717533130483e-06,2.3431511365956693e-05,1.3389435066260967e-05,2.3431511365956693e-05,2.3431511365956693e-05,6.694717533130483e-06,1.3389435066260967e-05,1.673679383282621e-05,2.6778870132521933e-05,2.3431511365956693e-05,2.3431511365956693e-05,3.682094643221766e-05,1.3389435066260967e-05,2.6778870132521933e-05,2.3431511365956693e-05,3.347358766565242e-05,4.01683051987829e-05,3.682094643221766e-05,3.347358766565242e-05,2.008415259939145e-05,1.673679383282621e-05,2.008415259939145e-05,2.008415259939145e-05,6.694717533130483e-06,1.0042076299695725e-05,3.347358766565242e-05,2.3431511365956693e-05,3.347358766565242e-05,1.3389435066260967e-05,2.6778870132521933e-05,1.0042076299695725e-05,2.008415259939145e-05,6.694717533130483e-06,1.673679383282621e-05,3.347358766565242e-05,1.3389435066260967e-05,6.694717533130483e-06,3.3473587665652417e-06,4.351566396534814e-05,4.01683051987829e-05,3.682094643221766e-05,2.3431511365956693e-05,3.0126228899087174e-05,1.0042076299695725e-05,2.008415259939145e-05,1.0042076299695725e-05,1.673679383282621e-05,1.0042076299695725e-05,2.3431511365956693e-05,6.694717533130483e-06,3.0126228899087174e-05,2.3431511365956693e-05,1.0042076299695725e-05,2.6778870132521933e-05,2.3431511365956693e-05,3.3473587665652417e-06,1.673679383282621e-05,1.0042076299695725e-05,1.0042076299695725e-05,2.008415259939145e-05,0.0,1.673679383282621e-05,2.6778870132521933e-05,1.0042076299695725e-05,2.3431511365956693e-05,6.694717533130483e-06,0.0,1.3389435066260967e-05,1.0042076299695725e-05,1.3389435066260967e-05,1.0042076299695725e-05,2.008415259939145e-05,1.673679383282621e-05,1.673679383282621e-05,2.6778870132521933e-05,1.0042076299695725e-05,1.673679383282621e-05,1.673679383282621e-05,3.3473587665652417e-06,1.3389435066260967e-05,1.0042076299695725e-05,1.3389435066260967e-05,1.3389435066260967e-05,2.3431511365956693e-05,1.0042076299695725e-05,6.694717533130483e-06,3.3473587665652417e-06,2.008415259939145e-05,1.0042076299695725e-05,1.0042076299695725e-05,2.008415259939145e-05,6.694717533130483e-06,3.3473587665652417e-06
3.3473587665652417e-06,1.3389435066260967e-05,1.673679383282621e-05,6.694717533130483e-06,2.6778870132521933e-05,0.0,6.694717533130483e-06,6.694717533130483e-06,1.3389435066260967e-05,0.0,2.008415259939145e-05,3.3473587665652417e-06,6.694717533130483e-06,0.0,3.3473587665652417e-06,0.0,6.694717533130483e-06,3.3473587665652417e-06,6.694717533130483e-06,1.3389435066260967e-05,0.0,0.0,3.3473587665652417e-06,0.0,3.3473587665652417e-06,3.3473587665652417e-06,0.0,6.694717533130483e-06,0.0,0.0,0.0,0.0,0.0,0.0,0.0,0.0,0.0,3.3473587665652417e-06,0.0,0.0,0.0,0.0,0.0,6.694717533130483e-06,0.0,0.0,0.0,0.0,0.0,0.0,0.0,0.0,0.0,0.0,0.0,0.0,0.0,0.0,0.0,0.0,0.0,0.0,0.0,0.0,0.0,0.0,0.0,0.0,0.0,0.0,0.0,0.0,0.0,0.0,0.0,0.0,0.0,0.0,0.0,0.0,0.0,0.0,0.0,0.0,0.0,0.0,0.0,0.0,0.0,3.3473587665652417e-06,0.0,0.0,0.0,0.0,3.3473587665652417e-06,0.0,0.0,0.0,0.0,0.0,0.0,3.3473587665652417e-06,0.0,1.673679383282621e-05,3.3473587665652417e-06,6.694717533130483e-06,0.0,0.0,0.0,0.0,6.694717533130483e-06,0.0,0.0,3.3473587665652417e-06,0.0,0.0,0.0,0.0,0.0,3.3473587665652417e-06,0.0,0.0,0.0,0.0,3.3473587665652417e-06,0.0,0.0,0.0,1.3389435066260967e-05,0.0,0.0,0.0,0.0,3.3473587665652417e-06,6.694717533130483e-06,0.0,0.0,3.3473587665652417e-06,0.0,3.3473587665652417e-06,0.0,0.0,0.0,0.0,0.0,0.0,0.0,3.3473587665652417e-06,0.0,0.0,0.0,0.0,0.0,3.3473587665652417e-06,0.0,3.3473587665652417e-06,3.3473587665652417e-06,3.3473587665652417e-06,0.0,0.0,0.0,0.0,3.3473587665652417e-06,0.0,1.0042076299695725e-05,0.0,1.0042076299695725e-05,3.3473587665652417e-06,0.0,6.694717533130483e-06,6.694717533130483e-06,1.3389435066260967e-05,6.694717533130483e-06,0.0,3.3473587665652417e-06,0.0,3.3473587665652417e-06,1.0042076299695725e-05,0.0,0.0,6.694717533130483e-06,6.694717533130483e-06,1.0042076299695725e-05,0.0,6.694717533130483e-06,3.3473587665652417e-06,6.694717533130483e-06,6.694717533130483e-06,0.0,1.3389435066260967e-05,3.3473587665652417e-06,1.3389435066260967e-05,1.673679383282621e-05,1.0042076299695725e-05,1.0042076299695725e-05,1.673679383282621e-05,1.0042076299695725e-05,3.3473587665652417e-06,1.3389435066260967e-05,6.694717533130483e-06,1.0042076299695725e-05,1.673679383282621e-05,6.694717533130483e-06,2.6778870132521933e-05,1.3389435066260967e-05,6.694717533130483e-06,1.673679383282621e-05,2.008415259939145e-05,3.3473587665652417e-06,3.347358766565242e-05,6.694717533130483e-06,6.694717533130483e-06,3.3473587665652417e-06,6.694717533130483e-06,6.694717533130483e-06,1.3389435066260967e-05,3.3473587665652417e-06,6.694717533130483e-06,0.0,1.3389435066260967e-05,3.3473587665652417e-06,1.3389435066260967e-05,1.0042076299695725e-05,6.694717533130483e-06,6.694717533130483e-06,1.0042076299695725e-05,0.0,1.0042076299695725e-05,1.3389435066260967e-05,3.3473587665652417e-06,6.694717533130483e-06,3.3473587665652417e-06,6.694717533130483e-06,6.694717533130483e-06,3.3473587665652417e-06,3.3473587665652417e-06,6.694717533130483e-06,3.3473587665652417e-06,6.694717533130483e-06,0.0,3.3473587665652417e-06,3.3473587665652417e-06,0.0,3.3473587665652417e-06,3.3473587665652417e-06,6.694717533130483e-06,6.694717533130483e-06,3.3473587665652417e-06,3.3473587665652417e-06,3.3473587665652417e-06,2.008415259939145e-05,1.3389435066260967e-05,6.694717533130483e-06,6.694717533130483e-06,2.008415259939145e-05,2.6778870132521933e-05,3.3473587665652417e-06,1.0042076299695725e-05,1.673679383282621e-05,0.0,1.673679383282621e-05,1.0042076299695725e-05,1.0042076299695725e-05,1.673679383282621e-05,3.3473587665652417e-06,1.3389435066260967e-05,1.673679383282621e-05,6.694717533130483e-06,3.3473587665652417e-06,6.694717533130483e-06,1.673679383282621e-05,2.3431511365956693e-05,1.0042076299695725e-05,1.673679383282621e-05,2.008415259939145e-05,2.008415259939145e-05,2.008415259939145e-05,3.3473587665652417e-06,3.0126228899087174e-05,1.0042076299695725e-05,3.347358766565242e-05,1.3389435066260967e-05,1.673679383282621e-05,1.0042076299695725e-05,2.3431511365956693e-05,2.6778870132521933e-05,1.673679383282621e-05,3.0126228899087174e-05,2.3431511365956693e-05,2.008415259939145e-05,3.682094643221766e-05,1.3389435066260967e-05,1.3389435066260967e-05,4.01683051987829e-05,2.008415259939145e-05,2.3431511365956693e-05,1.3389435066260967e-05,1.0042076299695725e-05,3.0126228899087174e-05,1.673679383282621e-05,2.3431511365956693e-05,1.0042076299695725e-05,2.008415259939145e-05,1.673679383282621e-05,1.0042076299695725e-05,1.3389435066260967e-05,2.008415259939145e-05,6.694717533130483e-06,1.673679383282621e-05,2.6778870132521933e-05,2.008415259939145e-05,2.008415259939145e-05,1.3389435066260967e-05,1.0042076299695725e-05,1.673679383282621e-05,3.3473587665652417e-06,2.008415259939145e-05,1.0042076299695725e-05,3.682094643221766e-05,6.694717533130483e-06,1.0042076299695725e-05,3.3473587665652417e-06,2.008415259939145e-05,6.694717533130483e-06,1.3389435066260967e-05,3.682094643221766e-05,1.3389435066260967e-05,1.673679383282621e-05,2.008415259939145e-05,2.008415259939145e-05,1.0042076299695725e-05,3.0126228899087174e-05,1.673679383282621e-05,3.3473587665652417e-06,1.3389435066260967e-05,2.008415259939145e-05,6.694717533130483e-06,3.3473587665652417e-06,3.347358766565242e-05,1.673679383282621e-05,1.3389435066260967e-05,1.673679383282621e-05,6.694717533130483e-06,1.673679383282621e-05,1.673679383282621e-05,1.673679383282621e-05,1.0042076299695725e-05,1.3389435066260967e-05,1.0042076299695725e-05,1.3389435066260967e-05,1.3389435066260967e-05,3.3473587665652417e-06,1.0042076299695725e-05,3.3473587665652417e-06,2.3431511365956693e-05,1.673679383282621e-05,6.694717533130483e-06,1.0042076299695725e-05,2.3431511365956693e-05,1.673679383282621e-05
1.0042076299695725e-05,3.0126228899087174e-05,6.694717533130483e-06,1.3389435066260967e-05,6.694717533130483e-06,1.673679383282621e-05,6.694717533130483e-06,1.3389435066260967e-05,3.3473587665652417e-06,6.694717533130483e-06,6.694717533130483e-06,3.3473587665652417e-06,3.3473587665652417e-06,3.3473587665652417e-06,3.3473587665652417e-06,3.3473587665652417e-06,0.0,1.0042076299695725e-05,0.0,0.0,0.0,6.694717533130483e-06,3.3473587665652417e-06,6.694717533130483e-06,0.0,3.3473587665652417e-06,6.694717533130483e-06,0.0,0.0,3.3473587665652417e-06,0.0,0.0,0.0,0.0,3.3473587665652417e-06,0.0,0.0,0.0,3.3473587665652417e-06,3.3473587665652417e-06,0.0,0.0,0.0,0.0,0.0,0.0,0.0,0.0,0.0,0.0,0.0,0.0,0.0,0.0,0.0,0.0,0.0,0.0,0.0,0.0,0.0,0.0,0.0,0.0,0.0,0.0,0.0,0.0,0.0,0.0,0.0,0.0,0.0,0.0,0.0,0.0,0.0,0.0,0.0,0.0,0.0,0.0,3.3473587665652417e-06,0.0,0.0,0.0,0.0,0.0,0.0,0.0,0.0,0.0,0.0,0.0,0.0,0.0,6.694717533130483e-06,0.0,0.0,0.0,6.694717533130483e-06,0.0,6.694717533130483e-06,0.0,3.3473587665652417e-06,0.0,0.0,0.0,0.0,0.0,0.0,3.3473587665652417e-06,0.0,0.0,0.0,0.0,3.3473587665652417e-06,0.0,0.0,0.0,3.3473587665652417e-06,0.0,3.3473587665652417e-06,0.0,0.0,0.0,3.3473587665652417e-06,0.0,0.0,3.3473587665652417e-06,0.0,0.0,0.0,0.0,3.3473587665652417e-06,0.0,6.694717533130483e-06,0.0,0.0,0.0,3.3473587665652417e-06,3.3473587665652417e-06,0.0,0.0,0.0,0.0,0.0,0.0,0.0,0.0,0.0,0.0,6.694717533130483e-06,0.0,0.0,3.3473587665652417e-06,0.0,0.0,0.0,0.0,6.694717533130483e-06,0.0,0.0,0.0,0.0,0.0,0.0,6.694717533130483e-06,1.673679383282621e-05,0.0,0.0,1.0042076299695725e-05,1.0042076299695725e-05,6.694717533130483e-06,0.0,2.008415259939145e-05,6.694717533130483e-06,0.0,3.3473587665652417e-06,0.0,3.3473587665652417e-06,1.0042076299695725e-05,3.3473587665652417e-06,6.694717533130483e-06,1.0042076299695725e-05,1.0042076299695725e-05,1.0042076299695725e-05,6.694717533130483e-06,6.694717533130483e-06,2.3431511365956693e-05,3.3473587665652417e-06,6.694717533130483e-06,1.3389435066260967e-05,6.694717533130483e-06,2.3431511365956693e-05,3.3473587665652417e-06,1.0042076299695725e-05,1.0042076299695725e-05,1.673679383282621e-05,5.3557740265043867e-05,2.3431511365956693e-05,1.0042076299695725e-05,3.0126228899087174e-05,3.3473587665652417e-06,1.673679383282621e-05,1.0042076299695725e-05,2.6778870132521933e-05,1.0042076299695725e-05,2.008415259939145e-05,1.3389435066260967e-05,1.0042076299695725e-05,1.3389435066260967e-05,1.0042076299695725e-05,1.673679383282621e-05,1.0042076299695725e-05,1.3389435066260967e-05,1.673679383282621e-05,1.673679383282621e-05,1.673679383282621e-05,3.3473587665652417e-06,1.3389435066260967e-05,6.694717533130483e-06,2.008415259939145e-05,2.008415259939145e-05,6.694717533130483e-06,1.0042076299695725e-05,6.694717533130483e-06,3.3473587665652417e-06,1.0042076299695725e-05,1.0042076299695725e-05,6.694717533130483e-06,1.0042076299695725e-05,6.694717533130483e-06,3.3473587665652417e-06,0.0,3.3473587665652417e-06,0.0,3.3473587665652417e-06,0.0,6.694717533130483e-06,3.3473587665652417e-06,0.0,0.0,3.3473587665652417e-06,1.673679383282621e-05,0.0,0.0,6.694717533130483e-06,1.0042076299695725e-05,1.3389435066260967e-05,3.3473587665652417e-06,1.0042076299695725e-05,1.0042076299695725e-05,6.694717533130483e-06,1.3389435066260967e-05,1.3389435066260967e-05,1.673679383282621e-05,1.673679383282621e-05,1.673679383282621e-05,3.3473587665652417e-06,2.008415259939145e-05,3.3473587665652417e-06,1.0042076299695725e-05,1.0042076299695725e-05,6.694717533130483e-06,6.694717533130483e-06,6.694717533130483e-06,3.3473587665652417e-06,1.0042076299695725e-05,1.673679383282621e-05,6.694717533130483e-06,1.0042076299695725e-05,1.673679383282621e-05,5.690509903160911e-05,2.6778870132521933e-05,2.3431511365956693e-05,6.694717533130483e-06,1.673679383282621e-05,3.0126228899087174e-05,3.0126228899087174e-05,1.3389435066260967e-05,1.3389435066260967e-05,3.347358766565242e-05,2.008415259939145e-05,3.0126228899087174e-05,3.347358766565242e-05,1.3389435066260967e-05,2.6778870132521933e-05,2.3431511365956693e-05,1.673679383282621e-05,2.008415259939145e-05,1.3389435066260967e-05,2.3431511365956693e-05,3.682094643221766e-05,2.008415259939145e-05,6.694717533130483e-06,1.673679383282621e-05,2.3431511365956693e-05,3.3473587665652417e-06,1.0042076299695725e-05,3.347358766565242e-05,1.0042076299695725e-05,6.694717533130483e-06,2.008415259939145e-05,2.008415259939145e-05,1.3389435066260967e-05,2.6778870132521933e-05,4.6863022731913386e-05,2.6778870132521933e-05,2.3431511365956693e-05,1.673679383282621e-05,1.673679383282621e-05,1.3389435066260967e-05,1.0042076299695725e-05,2.008415259939145e-05,1.3389435066260967e-05,2.008415259939145e-05,1.0042076299695725e-05,6.694717533130483e-06,1.0042076299695725e-05,6.694717533130483e-06,1.3389435066260967e-05,2.3431511365956693e-05,1.0042076299695725e-05,3.3473587665652417e-06,3.0126228899087174e-05,2.3431511365956693e-05,3.3473587665652417e-06,6.694717533130483e-06,2.008415259939145e-05,3.3473587665652417e-06,3.0126228899087174e-05,1.0042076299695725e-05,1.0042076299695725e-05,1.3389435066260967e-05,6.694717533130483e-06,1.3389435066260967e-05,1.0042076299695725e-05,2.6778870132521933e-05,3.3473587665652417e-06,1.3389435066260967e-05,1.0042076299695725e-05,3.3473587665652417e-06,2.008415259939145e-05,1.0042076299695725e-05,1.0042076299695725e-05,1.673679383282621e-05,1.0042076299695725e-05,1.0042076299695725e-05,1.3389435066260967e-05,6.694717533130483e-06,3.3473587665652417e-06,6.694717533130483e-06,1.3389435066260967e-05,1.0042076299695725e-05,1.3389435066260967e-05,1.0042076299695725e-05,3.3473587665652417e-06,0.0,2.008415259939145e-05
2.6778870132521933e-05,3.682094643221766e-05,4.01683051987829e-05,6.694717533130483e-06,1.673679383282621e-05,1.3389435066260967e-05,1.3389435066260967e-05,1.673679383282621e-05,0.0,0.0,6.694717533130483e-06,1.3389435066260967e-05,1.0042076299695725e-05,0.0,3.3473587665652417e-06,0.0,3.3473587665652417e-06,0.0,3.3473587665652417e-06,3.3473587665652417e-06,1.0042076299695725e-05,0.0,6.694717533130483e-06,0.0,0.0,0.0,6.694717533130483e-06,0.0,0.0,0.0,0.0,0.0,0.0,3.3473587665652417e-06,0.0,0.0,0.0,0.0,0.0,0.0,0.0,0.0,0.0,0.0,0.0,0.0,0.0,3.3473587665652417e-06,0.0,0.0,0.0,0.0,0.0,0.0,0.0,0.0,0.0,0.0,0.0,0.0,0.0,0.0,3.3473587665652417e-06,0.0,0.0,0.0,0.0,0.0,0.0,0.0,0.0,0.0,0.0,0.0,0.0,0.0,0.0,0.0,0.0,0.0,0.0,0.0,0.0,0.0,0.0,0.0,0.0,0.0,3.3473587665652417e-06,0.0,0.0,0.0,0.0,0.0,0.0,0.0,3.3473587665652417e-06,0.0,3.3473587665652417e-06,0.0,0.0,3.3473587665652417e-06,0.0,0.0,3.3473587665652417e-06,0.0,0.0,6.694717533130483e-06,3.3473587665652417e-06,0.0,0.0,0.0,0.0,3.3473587665652417e-06,0.0,0.0,0.0,0.0,3.3473587665652417e-06,3.3473587665652417e-06,0.0,3.3473587665652417e-06,3.3473587665652417e-06,0.0,0.0,0.0,0.0,0.0,0.0,0.0,0.0,0.0,0.0,0.0,0.0,3.3473587665652417e-06,0.0,0.0,0.0,3.3473587665652417e-06,0.0,0.0,0.0,6.694717533130483e-06,0.0,0.0,0.0,3.3473587665652417e-06,0.0,3.3473587665652417e-06,3.3473587665652417e-06,0.0,3.3473587665652417e-06,3.3473587665652417e-06,0.0,1.0042076299695725e-05,6.694717533130483e-06,0.0,0.0,0.0,0.0,3.3473587665652417e-06,0.0,3.3473587665652417e-06,1.0042076299695725e-05,3.3473587665652417e-06,0.0,3.3473587665652417e-06,6.694717533130483e-06,6.694717533130483e-06,0.0,3.3473587665652417e-06,1.0042076299695725e-05,0.0,3.3473587665652417e-06,1.0042076299695725e-05,2.008415259939145e-05,6.694717533130483e-06,3.3473587665652417e-06,3.3473587665652417e-06,6.694717533130483e-06,1.3389435066260967e-05,1.3389435066260967e-05,6.694717533130483e-06,2.3431511365956693e-05,3.3473587665652417e-06,1.673679383282621e-05,6.694717533130483e-06,1.0042076299695725e-05,1.0042076299695725e-05,6.694717533130483e-06,6.694717533130483e-06,1.3389435066260967e-05,3.3473587665652417e-06,3.3473587665652417e-06,3.0126228899087174e-05,1.3389435066260967e-05,1.0042076299695725e-05,0.0,2.6778870132521933e-05,1.673679383282621e-05,1.3389435066260967e-05,1.3389435066260967e-05,3.682094643221766e-05,1.0042076299695725e-05,6.694717533130483e-06,0.0,2.008415259939145e-05,6.694717533130483e-06,1.3389435066260967e-05,1.3389435066260967e-05,3.3473587665652417e-06,1.3389435066260967e-05,1.0042076299695725e-05,6.694717533130483e-06,1.673679383282621e-05,1.3389435066260967e-05,1.0042076299695725e-05,1.0042076299695725e-05,3.3473587665652417e-06,1.0042076299695725e-05,0.0,6.694717533130483e-06,6.694717533130483e-06,3.3473587665652417e-06,1.0042076299695725e-05,1.0042076299695725e-05,1.3389435066260967e-05,3.3473587665652417e-06,0.0,3.3473587665652417e-06,0.0,0.0,0.0,0.0,0.0,6.694717533130483e-06,1.3389435066260967e-05,0.0,3.3473587665652417e-06,3.3473587665652417e-06,0.0,6.694717533130483e-06,3.3473587665652417e-06,6.694717533130483e-06,6.694717533130483e-06,3.3473587665652417e-06,6.694717533130483e-06,6.694717533130483e-06,3.3473587665652417e-06,2.008415259939145e-05,1.3389435066260967e-05,3.3473587665652417e-06,1.0042076299695725e-05,1.0042076299695725e-05,1.0042076299695725e-05,1.0042076299695725e-05,1.3389435066260967e-05,1.3389435066260967e-05,2.008415259939145e-05,3.3473587665652417e-06,1.673679383282621e-05,3.3473587665652417e-06,0.0,1.3389435066260967e-05,6.694717533130483e-06,6.694717533130483e-06,3.3473587665652417e-06,6.694717533130483e-06,3.3473587665652417e-06,2.3431511365956693e-05,1.0042076299695725e-05,1.0042076299695725e-05,3.0126228899087174e-05,2.008415259939145e-05,3.347358766565242e-05,3.0126228899087174e-05,2.6778870132521933e-05,6.694717533130483e-06,2.6778870132521933e-05,3.3473587665652417e-06,4.01683051987829e-05,2.6778870132521933e-05,3.682094643221766e-05,2.6778870132521933e-05,5.021038149847862e-05,1.3389435066260967e-05,2.3431511365956693e-05,1.0042076299695725e-05,6.694717533130483e-06,1.0042076299695725e-05,2.3431511365956693e-05,3.347358766565242e-05,3.0126228899087174e-05,3.347358766565242e-05,2.6778870132521933e-05,3.0126228899087174e-05,2.008415259939145e-05,2.6778870132521933e-05,1.0042076299695725e-05,2.008415259939145e-05,1.3389435066260967e-05,6.694717533130483e-06,1.3389435066260967e-05,1.673679383282621e-05,2.008415259939145e-05,2.008415259939145e-05,1.3389435066260967e-05,1.673679383282621e-05,0.0,1.3389435066260967e-05,3.347358766565242e-05,3.3473587665652417e-06,1.3389435066260967e-05,1.673679383282621e-05,1.673679383282621e-05,2.008415259939145e-05,1.3389435066260967e-05,1.0042076299695725e-05,6.694717533130483e-06,3.3473587665652417e-06,1.3389435066260967e-05,1.3389435066260967e-05,1.3389435066260967e-05,1.3389435066260967e-05,3.347358766565242e-05,2.3431511365956693e-05,1.673679383282621e-05,1.0042076299695725e-05,2.6778870132521933e-05,4.01683051987829e-05,2.3431511365956693e-05,1.673679383282621e-05,6.694717533130483e-06,1.3389435066260967e-05,3.3473587665652417e-06,2.3431511365956693e-05,2.008415259939145e-05,1.3389435066260967e-05,3.0126228899087174e-05,6.694717533130483e-06,1.3389435066260967e-05,1.673679383282621e-05,1.0042076299695725e-05,2.3431511365956693e-05,1.0042076299695725e-05,6.694717533130483e-06,1.673679383282621e-05,3.3473587665652417e-06,1.0042076299695725e-05,3.3473587665652417e-06,0.0,3.347358766565242e-05,3.3473587665652417e-06,3.3473587665652417e-06,6.694717533130483e-06,1.3389435066260967e-05,8.368396916413105e-05,2.3431511365956693e-05,1.673679383282621e-05
1.3389435066260967e-05,6.694717533130483e-06,3.3473587665652417e-06,3.3473587665652417e-06,6.694717533130483e-06,1.0042076299695725e-05,3.3473587665652417e-06,6.694717533130483e-06,3.3473587665652417e-06,0.0,1.3389435066260967e-05,0.0,0.0,3.3473587665652417e-06,0.0,6.694717533130483e-06,6.694717533130483e-06,0.0,0.0,6.694717533130483e-06,6.694717533130483e-06,6.694717533130483e-06,6.694717533130483e-06,0.0,1.3389435066260967e-05,3.3473587665652417e-06,0.0,0.0,0.0,3.3473587665652417e-06,0.0,0.0,0.0,0.0,0.0,0.0,0.0,0.0,0.0,0.0,0.0,0.0,0.0,0.0,0.0,0.0,0.0,0.0,0.0,0.0,0.0,0.0,0.0,0.0,0.0,0.0,0.0,0.0,0.0,0.0,0.0,0.0,0.0,0.0,0.0,0.0,0.0,0.0,0.0,0.0,0.0,0.0,0.0,0.0,0.0,0.0,0.0,0.0,0.0,0.0,0.0,0.0,3.3473587665652417e-06,0.0,0.0,0.0,0.0,0.0,0.0,3.3473587665652417e-06,3.3473587665652417e-06,0.0,0.0,0.0,0.0,3.3473587665652417e-06,3.3473587665652417e-06,0.0,0.0,3.3473587665652417e-06,0.0,6.694717533130483e-06,0.0,1.0042076299695725e-05,0.0,0.0,3.3473587665652417e-06,0.0,0.0,0.0,1.0042076299695725e-05,3.3473587665652417e-06,0.0,0.0,3.3473587665652417e-06,0.0,0.0,0.0,0.0,3.3473587665652417e-06,0.0,3.3473587665652417e-06,0.0,3.3473587665652417e-06,0.0,0.0,0.0,0.0,3.3473587665652417e-06,0.0,0.0,3.3473587665652417e-06,0.0,0.0,3.3473587665652417e-06,0.0,0.0,0.0,0.0,6.694717533130483e-06,0.0,6.694717533130483e-06,0.0,0.0,0.0,0.0,3.3473587665652417e-06,0.0,3.3473587665652417e-06,3.3473587665652417e-06,0.0,0.0,0.0,3.3473587665652417e-06,0.0,0.0,0.0,0.0,6.694717533130483e-06,3.3473587665652417e-06,0.0,1.0042076299695725e-05,3.3473587665652417e-06,0.0,1.0042076299695725e-05,3.3473587665652417e-06,1.0042076299695725e-05,0.0,6.694717533130483e-06,1.3389435066260967e-05,3.3473587665652417e-06,3.3473587665652417e-06,3.3473587665652417e-06,1.0042076299695725e-05,3.3473587665652417e-06,6.694717533130483e-06,1.673679383282621e-05,0.0,6.694717533130483e-06,3.3473587665652417e-06,6.694717533130483e-06,6.694717533130483e-06,1.673679383282621e-05,1.673679383282621e-05,1.673679383282621e-05,1.673679383282621e-05,2.3431511365956693e-05,4.01683051987829e-05,1.673679383282621e-05,2.008415259939145e-05,4.351566396534814e-05,6.694717533130483e-06,6.694717533130483e-06,1.0042076299695725e-05,2.008415259939145e-05,1.3389435066260967e-05,1.0042076299695725e-05,1.0042076299695725e-05,2.3431511365956693e-05,1.3389435066260967e-05,6.694717533130483e-06,1.673679383282621e-05,6.694717533130483e-06,1.3389435066260967e-05,3.3473587665652417e-06,0.0,3.3473587665652417e-06,1.673679383282621e-05,3.3473587665652417e-06,3.3473587665652417e-06,1.0042076299695725e-05,0.0,1.673679383282621e-05,6.694717533130483e-06,3.3473587665652417e-06,1.673679383282621e-05,1.0042076299695725e-05,2.3431511365956693e-05,6.694717533130483e-06,6.694717533130483e-06,1.3389435066260967e-05,0.0,1.673679383282621e-05,6.694717533130483e-06,0.0,2.3431511365956693e-05,6.694717533130483e-06,6.694717533130483e-06,1.0042076299695725e-05,1.0042076299695725e-05,6.694717533130483e-06,3.3473587665652417e-06,3.3473587665652417e-06,6.694717533130483e-06,3.3473587665652417e-06,3.3473587665652417e-06,3.3473587665652417e-06,3.3473587665652417e-06,6.694717533130483e-06,6.694717533130483e-06,6.694717533130483e-06,6.694717533130483e-06,0.0,1.3389435066260967e-05,0.0,6.694717533130483e-06,3.3473587665652417e-06,3.3473587665652417e-06,6.694717533130483e-06,1.3389435066260967e-05,0.0,6.694717533130483e-06,1.0042076299695725e-05,1.0042076299695725e-05,1.0042076299695725e-05,1.3389435066260967e-05,6.694717533130483e-06,6.694717533130483e-06,6.694717533130483e-06,2.008415259939145e-05,2.3431511365956693e-05,1.0042076299695725e-05,6.694717533130483e-06,6.694717533130483e-06,1.0042076299695725e-05,6.694717533130483e-06,1.3389435066260967e-05,1.0042076299695725e-05,3.3473587665652417e-06,2.008415259939145e-05,1.673679383282621e-05,2.3431511365956693e-05,3.682094643221766e-05,3.347358766565242e-05,2.008415259939145e-05,3.347358766565242e-05,2.6778870132521933e-05,1.673679383282621e-05,2.008415259939145e-05,3.347358766565242e-05,2.008415259939145e-05,2.3431511365956693e-05,4.6863022731913386e-05,3.347358766565242e-05,4.01683051987829e-05,4.01683051987829e-05,2.3431511365956693e-05,1.3389435066260967e-05,1.673679383282621e-05,1.3389435066260967e-05,2.008415259939145e-05,2.3431511365956693e-05,2.6778870132521933e-05,2.008415259939145e-05,2.3431511365956693e-05,1.0042076299695725e-05,1.3389435066260967e-05,1.673679383282621e-05,1.673679383282621e-05,2.008415259939145e-05,3.3473587665652417e-06,2.6778870132521933e-05,2.008415259939145e-05,3.0126228899087174e-05,1.3389435066260967e-05,1.0042076299695725e-05,1.3389435066260967e-05,1.0042076299695725e-05,1.0042076299695725e-05,1.673679383282621e-05,1.0042076299695725e-05,1.0042076299695725e-05,3.3473587665652417e-06,1.3389435066260967e-05,6.694717533130483e-06,2.008415259939145e-05,2.008415259939145e-05,1.673679383282621e-05,2.6778870132521933e-05,6.694717533130483e-06,6.694717533130483e-06,2.008415259939145e-05,1.3389435066260967e-05,2.008415259939145e-05,1.673679383282621e-05,6.694717533130483e-06,1.3389435066260967e-05,2.008415259939145e-05,6.694717533130483e-06,2.3431511365956693e-05,2.008415259939145e-05,6.694717533130483e-06,3.0126228899087174e-05,2.008415259939145e-05,1.0042076299695725e-05,6.694717533130483e-06,1.0042076299695725e-05,2.3431511365956693e-05,1.673679383282621e-05,2.3431511365956693e-05,1.3389435066260967e-05,1.3389435066260967e-05,2.3431511365956693e-05,6.694717533130483e-06,6.694717533130483e-06,1.673679383282621e-05,6.694717533130483e-06,6.694717533130483e-06,1.3389435066260967e-05,0.0,1.0042076299695725e-05,1.3389435066260967e-05,1.0042076299695725e-05,1.3389435066260967e-05,1.0042076299695725e-05,0.0,3.3473587665652417e-06,1.3389435066260967e-05,6.694717533130483e-06,1.3389435066260967e-05
6.694717533130483e-06,3.3473587665652417e-06,6.694717533130483e-06,1.3389435066260967e-05,3.3473587665652417e-06,1.0042076299695725e-05,6.694717533130483e-06,3.3473587665652417e-06,6.694717533130483e-06,1.0042076299695725e-05,0.0,1.3389435066260967e-05,3.3473587665652417e-06,0.0,3.3473587665652417e-06,6.694717533130483e-06,0.0,3.3473587665652417e-06,6.694717533130483e-06,0.0,0.0,0.0,0.0,0.0,3.3473587665652417e-06,0.0,0.0,3.3473587665652417e-06,3.3473587665652417e-06,0.0,0.0,0.0,0.0,0.0,0.0,3.3473587665652417e-06,0.0,0.0,0.0,0.0,0.0,0.0,0.0,0.0,0.0,0.0,0.0,0.0,0.0,0.0,0.0,0.0,0.0,0.0,0.0,0.0,0.0,0.0,0.0,0.0,0.0,0.0,0.0,0.0,0.0,0.0,0.0,0.0,0.0,0.0,0.0,0.0,0.0,0.0,0.0,0.0,0.0,0.0,0.0,0.0,0.0,0.0,0.0,0.0,3.3473587665652417e-06,0.0,0.0,0.0,0.0,0.0,6.694717533130483e-06,0.0,0.0,3.3473587665652417e-06,0.0,0.0,0.0,3.3473587665652417e-06,0.0,0.0,0.0,3.3473587665652417e-06,0.0,0.0,1.0042076299695725e-05,0.0,0.0,0.0,0.0,0.0,0.0,0.0,0.0,0.0,0.0,0.0,0.0,0.0,6.694717533130483e-06,0.0,0.0,0.0,3.3473587665652417e-06,3.3473587665652417e-06,6.694717533130483e-06,0.0,0.0,3.3473587665652417e-06,1.0042076299695725e-05,3.3473587665652417e-06,6.694717533130483e-06,0.0,0.0,3.3473587665652417e-06,6.694717533130483e-06,0.0,0.0,0.0,0.0,0.0,3.3473587665652417e-06,0.0,0.0,3.3473587665652417e-06,6.694717533130483e-06,6.694717533130483e-06,0.0,6.694717533130483e-06,0.0,0.0,0.0,1.0042076299695725e-05,1.0042076299695725e-05,0.0,3.3473587665652417e-06,3.3473587665652417e-06,3.3473587665652417e-06,0.0,0.0,6.694717533130483e-06,0.0,0.0,0.0,0.0,0.0,0.0,3.3473587665652417e-06,6.694717533130483e-06,6.694717533130483e-06,1.673679383282621e-05,1.3389435066260967e-05,1.0042076299695725e-05,3.3473587665652417e-06,3.3473587665652417e-06,1.0042076299695725e-05,6.694717533130483e-06,1.0042076299695725e-05,1.3389435066260967e-05,6.694717533130483e-06,3.3473587665652417e-06,1.673679383282621e-05,3.3473587665652417e-06,6.694717533130483e-06,1.3389435066260967e-05,1.673679383282621e-05,1.673679383282621e-05,1.3389435066260967e-05,3.682094643221766e-05,2.6778870132521933e-05,2.6778870132521933e-05,3.0126228899087174e-05,1.3389435066260967e-05,2.6778870132521933e-05,1.673679383282621e-05,2.6778870132521933e-05,1.673679383282621e-05,1.3389435066260967e-05,6.694717533130483e-06,6.694717533130483e-06,2.3431511365956693e-05,1.0042076299695725e-05,1.673679383282621e-05,1.3389435066260967e-05,1.0042076299695725e-05,3.3473587665652417e-06,1.673679383282621e-05,1.0042076299695725e-05,3.3473587665652417e-06,2.008415259939145e-05,6.694717533130483e-06,3.3473587665652417e-06,3.3473587665652417e-06,1.0042076299695725e-05,1.0042076299695725e-05,2.008415259939145e-05,0.0,1.0042076299695725e-05,6.694717533130483e-06,3.3473587665652417e-06,6.694717533130483e-06,6.694717533130483e-06,6.694717533130483e-06,3.3473587665652417e-06,3.3473587665652417e-06,6.694717533130483e-06,6.694717533130483e-06,1.3389435066260967e-05,0.0,0.0,6.694717533130483e-06,1.3389435066260967e-05,0.0,0.0,3.3473587665652417e-06,3.3473587665652417e-06,3.3473587665652417e-06,1.0042076299695725e-05,3.3473587665652417e-06,3.3473587665652417e-06,6.694717533130483e-06,6.694717533130483e-06,0.0,1.3389435066260967e-05,6.694717533130483e-06,1.0042076299695725e-05,3.3473587665652417e-06,6.694717533130483e-06,6.694717533130483e-06,2.008415259939145e-05,6.694717533130483e-06,3.3473587665652417e-06,3.3473587665652417e-06,1.3389435066260967e-05,6.694717533130483e-06,3.3473587665652417e-06,6.694717533130483e-06,3.3473587665652417e-06,6.694717533130483e-06,1.3389435066260967e-05,6.694717533130483e-06,1.0042076299695725e-05,1.3389435066260967e-05,1.3389435066260967e-05,0.0,2.6778870132521933e-05,3.3473587665652417e-06,1.0042076299695725e-05,3.0126228899087174e-05,6.694717533130483e-06,2.6778870132521933e-05,6.025245779817435e-05,1.0042076299695725e-05,3.347358766565242e-05,4.01683051987829e-05,2.008415259939145e-05,3.0126228899087174e-05,1.0042076299695725e-05,3.347358766565242e-05,4.351566396534814e-05,3.682094643221766e-05,4.6863022731913386e-05,4.01683051987829e-05,2.6778870132521933e-05,4.351566396534814e-05,3.0126228899087174e-05,1.673679383282621e-05,2.6778870132521933e-05,3.347358766565242e-05,1.0042076299695725e-05,3.682094643221766e-05,4.01683051987829e-05,2.008415259939145e-05,1.673679383282621e-05,1.3389435066260967e-05,2.3431511365956693e-05,1.673679383282621e-05,3.0126228899087174e-05,2.3431511365956693e-05,1.3389435066260967e-05,2.3431511365956693e-05,2.008415259939145e-05,1.0042076299695725e-05,2.6778870132521933e-05,2.008415259939145e-05,2.008415259939145e-05,1.3389435066260967e-05,1.0042076299695725e-05,2.3431511365956693e-05,1.673679383282621e-05,2.008415259939145e-05,1.0042076299695725e-05,1.3389435066260967e-05,2.3431511365956693e-05,6.694717533130483e-06,1.673679383282621e-05,3.0126228899087174e-05,3.347358766565242e-05,1.0042076299695725e-05,1.673679383282621e-05,6.694717533130483e-06,1.3389435066260967e-05,1.0042076299695725e-05,2.3431511365956693e-05,3.3473587665652417e-06,2.3431511365956693e-05,1.3389435066260967e-05,1.3389435066260967e-05,2.008415259939145e-05,1.0042076299695725e-05,1.3389435066260967e-05,1.3389435066260967e-05,3.682094643221766e-05,1.673679383282621e-05,6.694717533130483e-06,2.008415259939145e-05,1.3389435066260967e-05,6.694717533130483e-06,1.0042076299695725e-05,1.673679383282621e-05,3.0126228899087174e-05,2.6778870132521933e-05,3.347358766565242e-05,1.3389435066260967e-05,1.673679383282621e-05,1.673679383282621e-05,2.008415259939145e-05,6.694717533130483e-06,3.3473587665652417e-06,1.3389435066260967e-05,1.673679383282621e-05,1.3389435066260967e-05,3.3473587665652417e-06,2.008415259939145e-05,1.3389435066260967e-05,6.694717533130483e-06,1.0042076299695725e-05,1.0042076299695725e-05,3.3473587665652417e-06,1.0042076299695725e-05,6.694717533130483e-06
1.0042076299695725e-05,1.673679383282621e-05,1.673679383282621e-05,1.3389435066260967e-05,6.694717533130483e-06,6.694717533130483e-06,1.0042076299695725e-05,3.3473587665652417e-06,6.694717533130483e-06,3.3473587665652417e-06,1.0042076299695725e-05,1.0042076299695725e-05,3.3473587665652417e-06,0.0,0.0,0.0,0.0,3.3473587665652417e-06,0.0,3.3473587665652417e-06,0.0,3.3473587665652417e-06,0.0,3.3473587665652417e-06,3.3473587665652417e-06,0.0,1.0042076299695725e-05,0.0,0.0,3.3473587665652417e-06,3.3473587665652417e-06,3.3473587665652417e-06,0.0,3.3473587665652417e-06,0.0,3.3473587665652417e-06,0.0,0.0,0.0,0.0,0.0,0.0,0.0,0.0,0.0,0.0,0.0,0.0,0.0,0.0,0.0,0.0,3.3473587665652417e-06,0.0,0.0,0.0,0.0,0.0,0.0,0.0,0.0,0.0,0.0,0.0,0.0,0.0,0.0,0.0,0.0,0.0,0.0,0.0,0.0,0.0,0.0,0.0,0.0,0.0,0.0,0.0,3.3473587665652417e-06,0.0,0.0,0.0,0.0,0.0,0.0,0.0,0.0,0.0,0.0,0.0,0.0,0.0,0.0,3.3473587665652417e-06,3.3473587665652417e-06,3.3473587665652417e-06,0.0,0.0,3.3473587665652417e-06,3.3473587665652417e-06,0.0,0.0,0.0,0.0,6.694717533130483e-06,3.3473587665652417e-06,0.0,0.0,0.0,3.3473587665652417e-06,0.0,0.0,0.0,3.3473587665652417e-06,3.3473587665652417e-06,3.3473587665652417e-06,0.0,3.3473587665652417e-06,6.694717533130483e-06,3.3473587665652417e-06,3.3473587665652417e-06,0.0,0.0,0.0,6.694717533130483e-06,0.0,0.0,0.0,3.3473587665652417e-06,0.0,3.3473587665652417e-06,3.3473587665652417e-06,0.0,3.3473587665652417e-06,0.0,3.3473587665652417e-06,0.0,6.694717533130483e-06,3.3473587665652417e-06,0.0,0.0,0.0,6.694717533130483e-06,0.0,0.0,0.0,3.3473587665652417e-06,0.0,1.0042076299695725e-05,3.3473587665652417e-06,0.0,0.0,0.0,0.0,3.3473587665652417e-06,6.694717533130483e-06,0.0,6.694717533130483e-06,0.0,1.3389435066260967e-05,0.0,0.0,3.3473587665652417e-06,0.0,0.0,3.3473587665652417e-06,6.694717533130483e-06,6.694717533130483e-06,1.3389435066260967e-05,1.0042076299695725e-05,6.694717533130483e-06,6.694717533130483e-06,3.3473587665652417e-06,3.3473587665652417e-06,6.694717533130483e-06,2.008415259939145e-05,6.694717533130483e-06,1.0042076299695725e-05,6.694717533130483e-06,6.694717533130483e-06,1.0042076299695725e-05,2.008415259939145e-05,1.673679383282621e-05,2.008415259939145e-05,3.3473587665652417e-06,1.673679383282621e-05,1.0042076299695725e-05,4.351566396534814e-05,3.682094643221766e-05,1.3389435066260967e-05,1.0042076299695725e-05,2.3431511365956693e-05,2.3431511365956693e-05,6.694717533130483e-06,1.3389435066260967e-05,1.3389435066260967e-05,3.3473587665652417e-06,2.3431511365956693e-05,1.0042076299695725e-05,1.0042076299695725e-05,1.0042076299695725e-05,3.3473587665652417e-06,1.3389435066260967e-05,0.0,3.3473587665652417e-06,2.008415259939145e-05,1.0042076299695725e-05,3.3473587665652417e-06,1.673679383282621e-05,0.0,1.0042076299695725e-05,1.0042076299695725e-05,3.3473587665652417e-06,1.0042076299695725e-05,1.3389435066260967e-05,1.0042076299695725e-05,6.694717533130483e-06,6.694717533130483e-06,0.0,2.008415259939145e-05,6.694717533130483e-06,3.3473587665652417e-06,6.694717533130483e-06,2.008415259939145e-05,0.0,2.6778870132521933e-05,1.3389435066260967e-05,0.0,3.3473587665652417e-06,6.694717533130483e-06,3.3473587665652417e-06,0.0,6.694717533130483e-06,6.694717533130483e-06,0.0,3.3473587665652417e-06,1.3389435066260967e-05,3.3473587665652417e-06,6.694717533130483e-06,0.0,3.3473587665652417e-06,3.3473587665652417e-06,1.0042076299695725e-05,0.0,1.0042076299695725e-05,1.0042076299695725e-05,0.0,1.3389435066260967e-05,6.694717533130483e-06,1.3389435066260967e-05,1.673679383282621e-05,1.0042076299695725e-05,2.6778870132521933e-05,0.0,6.694717533130483e-06,2.008415259939145e-05,1.673679383282621e-05,1.0042076299695725e-05,1.0042076299695725e-05,6.694717533130483e-06,6.694717533130483e-06,3.3473587665652417e-06,2.3431511365956693e-05,1.0042076299695725e-05,2.3431511365956693e-05,1.3389435066260967e-05,1.3389435066260967e-05,1.0042076299695725e-05,1.673679383282621e-05,1.673679383282621e-05,3.0126228899087174e-05,2.6778870132521933e-05,3.682094643221766e-05,2.3431511365956693e-05,2.3431511365956693e-05,2.6778870132521933e-05,3.347358766565242e-05,3.0126228899087174e-05,3.682094643221766e-05,2.3431511365956693e-05,5.021038149847862e-05,2.3431511365956693e-05,3.682094643221766e-05,2.008415259939145e-05,5.3557740265043867e-05,4.6863022731913386e-05,3.682094643221766e-05,2.008415259939145e-05,2.008415259939145e-05,2.008415259939145e-05,4.6863022731913386e-05,2.6778870132521933e-05,6.694717533130483e-06,1.673679383282621e-05,1.673679383282621e-05,3.0126228899087174e-05,2.008415259939145e-05,2.008415259939145e-05,2.008415259939145e-05,1.0042076299695725e-05,1.673679383282621e-05,2.6778870132521933e-05,1.0042076299695725e-05,6.694717533130483e-06,1.3389435066260967e-05,6.694717533130483e-06,1.673679383282621e-05,6.694717533130483e-06,3.0126228899087174e-05,3.682094643221766e-05,1.0042076299695725e-05,1.673679383282621e-05,6.694717533130483e-06,1.673679383282621e-05,4.6863022731913386e-05,6.694717533130483e-06,2.008415259939145e-05,1.3389435066260967e-05,1.0042076299695725e-05,2.6778870132521933e-05,1.3389435066260967e-05,1.0042076299695725e-05,1.673679383282621e-05,2.008415259939145e-05,1.0042076299695725e-05,2.6778870132521933e-05,1.3389435066260967e-05,1.0042076299695725e-05,2.008415259939145e-05,2.008415259939145e-05,1.673679383282621e-05,0.0,3.3473587665652417e-06,2.3431511365956693e-05,2.3431511365956693e-05,4.01683051987829e-05,1.673679383282621e-05,2.6778870132521933e-05,6.694717533130483e-06,6.694717533130483e-06,1.0042076299695725e-05,1.3389435066260967e-05,4.01683051987829e-05,1.673679383282621e-05,3.3473587665652417e-06,1.673679383282621e-05,3.3473587665652417e-06,6.694717533130483e-06,6.694717533130483e-06,1.3389435066260967e-05,6.694717533130483e-06,6.694717533130483e-06,3.3473587665652417e-06,1.673679383282621e-05,0.0,1.673679383282621e-05,1.0042076299695725e-05,2.008415259939145e-05
0.0,6.694717533130483e-06,1.0042076299695725e-05,1.3389435066260967e-05,6.694717533130483e-06,0.0,6.694717533130483e-06,1.0042076299695725e-05,1.0042076299695725e-05,1.0042076299695725e-05,1.3389435066260967e-05,0.0,3.3473587665652417e-06,3.3473587665652417e-06,1.3389435066260967e-05,6.694717533130483e-06,6.694717533130483e-06,0.0,0.0,6.694717533130483e-06,0.0,6.694717533130483e-06,0.0,3.3473587665652417e-06,0.0,0.0,3.3473587665652417e-06,0.0,0.0,3.3473587665652417e-06,0.0,6.694717533130483e-06,0.0,0.0,0.0,3.3473587665652417e-06,3.3473587665652417e-06,0.0,0.0,0.0,6.694717533130483e-06,0.0,0.0,0.0,0.0,0.0,0.0,0.0,0.0,0.0,0.0,3.3473587665652417e-06,0.0,0.0,0.0,0.0,0.0,0.0,0.0,0.0,0.0,0.0,0.0,0.0,0.0,0.0,0.0,0.0,0.0,0.0,0.0,0.0,0.0,0.0,0.0,0.0,0.0,0.0,0.0,0.0,0.0,0.0,0.0,0.0,3.3473587665652417e-06,3.3473587665652417e-06,0.0,0.0,0.0,0.0,0.0,0.0,0.0,0.0,0.0,0.0,6.694717533130483e-06,0.0,0.0,0.0,3.3473587665652417e-06,0.0,0.0,3.3473587665652417e-06,3.3473587665652417e-06,0.0,0.0,0.0,0.0,3.3473587665652417e-06,0.0,3.3473587665652417e-06,0.0,0.0,0.0,0.0,6.694717533130483e-06,3.3473587665652417e-06,0.0,0.0,0.0,0.0,3.3473587665652417e-06,3.3473587665652417e-06,0.0,0.0,0.0,0.0,0.0,0.0,0.0,0.0,3.3473587665652417e-06,0.0,3.3473587665652417e-06,0.0,0.0,0.0,0.0,3.3473587665652417e-06,0.0,3.3473587665652417e-06,3.3473587665652417e-06,3.3473587665652417e-06,0.0,0.0,6.694717533130483e-06,0.0,6.694717533130483e-06,0.0,0.0,3.3473587665652417e-06,3.3473587665652417e-06,3.3473587665652417e-06,0.0,3.3473587665652417e-06,6.694717533130483e-06,3.3473587665652417e-06,0.0,6.694717533130483e-06,3.3473587665652417e-06,1.0042076299695725e-05,3.3473587665652417e-06,0.0,3.3473587665652417e-06,1.0042076299695725e-05,3.3473587665652417e-06,0.0,1.0042076299695725e-05,0.0,3.3473587665652417e-06,2.3431511365956693e-05,0.0,6.694717533130483e-06,3.3473587665652417e-06,6.694717533130483e-06,6.694717533130483e-06,1.0042076299695725e-05,1.0042076299695725e-05,3.3473587665652417e-06,1.673679383282621e-05,6.694717533130483e-06,1.3389435066260967e-05,1.3389435066260967e-05,1.673679383282621e-05,2.3431511365956693e-05,1.673679383282621e-05,1.673679383282621e-05,1.673679383282621e-05,4.01683051987829e-05,2.008415259939145e-05,3.3473587665652417e-06,6.694717533130483e-06,1.673679383282621e-05,2.3431511365956693e-05,6.694717533130483e-06,1.3389435066260967e-05,2.6778870132521933e-05,1.0042076299695725e-05,1.673679383282621e-05,1.0042076299695725e-05,3.3473587665652417e-06,1.673679383282621e-05,3.3473587665652417e-06,1.673679383282621e-05,3.3473587665652417e-06,6.694717533130483e-06,6.694717533130483e-06,2.008415259939145e-05,1.0042076299695725e-05,3.3473587665652417e-06,3.3473587665652417e-06,1.3389435066260967e-05,1.3389435066260967e-05,6.694717533130483e-06,1.0042076299695725e-05,1.673679383282621e-05,3.3473587665652417e-06,3.3473587665652417e-06,0.0,3.3473587665652417e-06,1.0042076299695725e-05,3.3473587665652417e-06,6.694717533130483e-06,3.3473587665652417e-06,6.694717533130483e-06,2.008415259939145e-05,2.008415259939145e-05,1.0042076299695725e-05,6.694717533130483e-06,1.3389435066260967e-05,0.0,0.0,0.0,0.0,0.0,3.3473587665652417e-06,0.0,0.0,1.0042076299695725e-05,3.3473587665652417e-06,0.0,2.008415259939145e-05,6.694717533130483e-06,1.0042076299695725e-05,3.3473587665652417e-06,3.3473587665652417e-06,6.694717533130483e-06,1.0042076299695725e-05,1.3389435066260967e-05,1.0042076299695725e-05,1.0042076299695725e-05,1.3389435066260967e-05,1.3389435066260967e-05,6.694717533130483e-06,1.3389435066260967e-05,6.694717533130483e-06,1.0042076299695725e-05,1.673679383282621e-05,1.3389435066260967e-05,1.0042076299695725e-05,6.694717533130483e-06,1.673679383282621e-05,1.673679383282621e-05,1.673679383282621e-05,1.0042076299695725e-05,1.3389435066260967e-05,1.0042076299695725e-05,1.3389435066260967e-05,1.0042076299695725e-05,3.0126228899087174e-05,2.3431511365956693e-05,1.673679383282621e-05,4.01683051987829e-05,3.682094643221766e-05,2.3431511365956693e-05,2.3431511365956693e-05,3.682094643221766e-05,2.6778870132521933e-05,2.3431511365956693e-05,2.3431511365956693e-05,3.347358766565242e-05,3.347358766565242e-05,4.01683051987829e-05,2.3431511365956693e-05,1.3389435066260967e-05,4.6863022731913386e-05,4.01683051987829e-05,5.3557740265043867e-05,1.673679383282621e-05,3.682094643221766e-05,1.673679383282621e-05,3.347358766565242e-05,1.673679383282621e-05,3.347358766565242e-05,1.0042076299695725e-05,3.682094643221766e-05,1.673679383282621e-05,1.673679383282621e-05,1.3389435066260967e-05,2.008415259939145e-05,2.3431511365956693e-05,6.694717533130483e-06,2.3431511365956693e-05,1.3389435066260967e-05,2.008415259939145e-05,3.347358766565242e-05,1.0042076299695725e-05,1.673679383282621e-05,3.682094643221766e-05,2.008415259939145e-05,3.0126228899087174e-05,2.008415259939145e-05,1.0042076299695725e-05,2.008415259939145e-05,2.6778870132521933e-05,1.0042076299695725e-05,2.3431511365956693e-05,6.694717533130483e-06,1.0042076299695725e-05,3.682094643221766e-05,1.3389435066260967e-05,2.6778870132521933e-05,6.694717533130483e-06,2.3431511365956693e-05,1.673679383282621e-05,6.694717533130483e-06,1.673679383282621e-05,6.694717533130483e-06,2.6778870132521933e-05,1.3389435066260967e-05,1.0042076299695725e-05,1.3389435066260967e-05,1.0042076299695725e-05,1.3389435066260967e-05,1.0042076299695725e-05,3.3473587665652417e-06,3.0126228899087174e-05,1.673679383282621e-05,1.0042076299695725e-05,1.0042076299695725e-05,1.673679383282621e-05,3.3473587665652417e-06,1.673679383282621e-05,1.0042076299695725e-05,1.0042076299695725e-05,1.0042076299695725e-05,3.3473587665652417e-06,1.3389435066260967e-05,1.3389435066260967e-05,6.694717533130483e-06,3.3473587665652417e-06,1.673679383282621e-05,1.0042076299695725e-05,1.673679383282621e-05,6.694717533130483e-06,6.694717533130483e-06,1.0042076299695725e-05,1.0042076299695725e-05,3.3473587665652417e-06
1.3389435066260967e-05,1.673679383282621e-05,2.008415259939145e-05,3.3473587665652417e-06,6.694717533130483e-06,1.673679383282621e-05,1.3389435066260967e-05,1.0042076299695725e-05,6.694717533130483e-06,1.0042076299695725e-05,1.3389435066260967e-05,6.694717533130483e-06,1.3389435066260967e-05,6.694717533130483e-06,6.694717533130483e-06,3.3473587665652417e-06,6.694717533130483e-06,0.0,6.694717533130483e-06,3.3473587665652417e-06,3.3473587665652417e-06,0.0,0.0,0.0,1.3389435066260967e-05,3.3473587665652417e-06,0.0,0.0,0.0,3.3473587665652417e-06,0.0,3.3473587665652417e-06,0.0,0.0,0.0,0.0,0.0,3.3473587665652417e-06,0.0,0.0,0.0,0.0,0.0,0.0,0.0,0.0,0.0,0.0,0.0,0.0,0.0,0.0,0.0,0.0,0.0,0.0,0.0,0.0,0.0,0.0,0.0,0.0,0.0,0.0,0.0,0.0,0.0,0.0,0.0,0.0,6.694717533130483e-06,0.0,0.0,0.0,0.0,0.0,0.0,3.3473587665652417e-06,3.3473587665652417e-06,0.0,0.0,0.0,0.0,0.0,0.0,0.0,0.0,0.0,0.0,3.3473587665652417e-06,0.0,0.0,0.0,3.3473587665652417e-06,0.0,0.0,0.0,0.0,0.0,0.0,0.0,3.3473587665652417e-06,3.3473587665652417e-06,0.0,0.0,0.0,3.3473587665652417e-06,0.0,0.0,0.0,0.0,0.0,3.3473587665652417e-06,0.0,0.0,0.0,0.0,0.0,6.694717533130483e-06,0.0,0.0,0.0,0.0,0.0,0.0,6.694717533130483e-06,0.0,0.0,3.3473587665652417e-06,3.3473587665652417e-06,3.3473587665652417e-06,0.0,0.0,0.0,6.694717533130483e-06,0.0,3.3473587665652417e-06,0.0,0.0,6.694717533130483e-06,0.0,0.0,0.0,0.0,0.0,3.3473587665652417e-06,0.0,6.694717533130483e-06,3.3473587665652417e-06,3.3473587665652417e-06,0.0,0.0,6.694717533130483e-06,6.694717533130483e-06,3.3473587665652417e-06,1.0042076299695725e-05,0.0,6.694717533130483e-06,6.694717533130483e-06,1.0042076299695725e-05,3.3473587665652417e-06,1.3389435066260967e-05,6.694717533130483e-06,6.694717533130483e-06,6.694717533130483e-06,0.0,0.0,0.0,1.0042076299695725e-05,0.0,3.3473587665652417e-06,0.0,6.694717533130483e-06,1.0042076299695725e-05,3.3473587665652417e-06,6.694717533130483e-06,1.3389435066260967e-05,3.3473587665652417e-06,6.694717533130483e-06,1.0042076299695725e-05,1.3389435066260967e-05,1.3389435066260967e-05,2.3431511365956693e-05,1.3389435066260967e-05,1.673679383282621e-05,1.3389435066260967e-05,3.0126228899087174e-05,3.3473587665652417e-06,2.6778870132521933e-05,2.3431511365956693e-05,2.008415259939145e-05,3.0126228899087174e-05,1.673679383282621e-05,1.673679383282621e-05,1.3389435066260967e-05,3.0126228899087174e-05,1.673679383282621e-05,3.0126228899087174e-05,1.0042076299695725e-05,1.673679383282621e-05,2.6778870132521933e-05,6.694717533130483e-06,1.3389435066260967e-05,3.3473587665652417e-06,1.3389435066260967e-05,2.008415259939145e-05,1.0042076299695725e-05,3.3473587665652417e-06,1.673679383282621e-05,6.694717533130483e-06,6.694717533130483e-06,1.0042076299695725e-05,2.6778870132521933e-05,1.3389435066260967e-05,2.008415259939145e-05,6.694717533130483e-06,6.694717533130483e-06,1.0042076299695725e-05,3.3473587665652417e-06,0.0,0.0,1.0042076299695725e-05,1.0042076299695725e-05,0.0,3.3473587665652417e-06,6.694717533130483e-06,1.3389435066260967e-05,1.0042076299695725e-05,6.694717533130483e-06,0.0,1.3389435066260967e-05,0.0,3.3473587665652417e-06,0.0,3.3473587665652417e-06,3.3473587665652417e-06,3.3473587665652417e-06,0.0,0.0,6.694717533130483e-06,3.3473587665652417e-06,3.3473587665652417e-06,3.3473587665652417e-06,3.3473587665652417e-06,6.694717533130483e-06,1.3389435066260967e-05,6.694717533130483e-06,3.3473587665652417e-06,1.0042076299695725e-05,6.694717533130483e-06,0.0,1.673679383282621e-05,1.673679383282621e-05,1.0042076299695725e-05,3.3473587665652417e-06,1.0042076299695725e-05,1.673679383282621e-05,1.3389435066260967e-05,0.0,3.3473587665652417e-06,6.694717533130483e-06,1.0042076299695725e-05,1.673679383282621e-05,6.694717533130483e-06,3.3473587665652417e-06,1.3389435066260967e-05,3.3473587665652417e-06,2.008415259939145e-05,0.0,4.351566396534814e-05,2.3431511365956693e-05,2.3431511365956693e-05,1.673679383282621e-05,6.694717533130483e-06,5.021038149847862e-05,3.347358766565242e-05,2.3431511365956693e-05,3.347358766565242e-05,3.0126228899087174e-05,4.6863022731913386e-05,2.6778870132521933e-05,5.021038149847862e-05,2.6778870132521933e-05,3.347358766565242e-05,3.347358766565242e-05,2.3431511365956693e-05,4.01683051987829e-05,1.673679383282621e-05,2.3431511365956693e-05,2.008415259939145e-05,3.682094643221766e-05,3.347358766565242e-05,3.682094643221766e-05,1.673679383282621e-05,1.673679383282621e-05,1.673679383282621e-05,2.3431511365956693e-05,2.6778870132521933e-05,5.690509903160911e-05,2.3431511365956693e-05,2.6778870132521933e-05,1.3389435066260967e-05,1.673679383282621e-05,4.351566396534814e-05,2.008415259939145e-05,1.673679383282621e-05,1.673679383282621e-05,6.694717533130483e-06,1.0042076299695725e-05,4.01683051987829e-05,3.0126228899087174e-05,2.008415259939145e-05,2.008415259939145e-05,2.3431511365956693e-05,2.008415259939145e-05,2.008415259939145e-05,1.0042076299695725e-05,1.0042076299695725e-05,1.3389435066260967e-05,3.3473587665652417e-06,2.008415259939145e-05,3.3473587665652417e-06,2.3431511365956693e-05,3.0126228899087174e-05,1.673679383282621e-05,6.694717533130483e-06,2.008415259939145e-05,1.3389435066260967e-05,2.008415259939145e-05,2.008415259939145e-05,3.347358766565242e-05,2.3431511365956693e-05,2.008415259939145e-05,1.3389435066260967e-05,2.008415259939145e-05,3.3473587665652417e-06,1.673679383282621e-05,1.3389435066260967e-05,2.008415259939145e-05,2.008415259939145e-05,2.008415259939145e-05,6.694717533130483e-06,1.0042076299695725e-05,4.351566396534814e-05,3.3473587665652417e-06,1.3389435066260967e-05,3.3473587665652417e-06,3.3473587665652417e-06,6.694717533130483e-06,1.0042076299695725e-05,0.0,1.3389435066260967e-05,1.3389435066260967e-05,3.3473587665652417e-06,3.3473587665652417e-06,1.673679383282621e-05,0.0,1.3389435066260967e-05,3.3473587665652417e-06,1.0042076299695725e-05
6.694717533130483e-06,1.3389435066260967e-05,1.0042076299695725e-05,3.3473587665652417e-06,0.0,1.3389435066260967e-05,1.3389435066260967e-05,6.694717533130483e-06,1.0042076299695725e-05,1.0042076299695725e-05,3.3473587665652417e-06,2.6778870132521933e-05,1.0042076299695725e-05,1.0042076299695725e-05,0.0,6.694717533130483e-06,0.0,3.3473587665652417e-06,0.0,1.3389435066260967e-05,0.0,0.0,0.0,0.0,0.0,0.0,0.0,0.0,0.0,0.0,0.0,3.3473587665652417e-06,0.0,0.0,3.3473587665652417e-06,0.0,0.0,3.3473587665652417e-06,0.0,0.0,0.0,0.0,0.0,0.0,0.0,0.0,3.3473587665652417e-06,0.0,0.0,0.0,0.0,0.0,0.0,0.0,0.0,0.0,0.0,0.0,0.0,0.0,0.0,0.0,0.0,0.0,0.0,0.0,0.0,0.0,0.0,0.0,0.0,0.0,0.0,0.0,0.0,0.0,0.0,0.0,0.0,0.0,0.0,0.0,0.0,0.0,0.0,0.0,0.0,0.0,0.0,0.0,0.0,0.0,3.3473587665652417e-06,0.0,0.0,0.0,0.0,0.0,3.3473587665652417e-06,0.0,0.0,3.3473587665652417e-06,0.0,0.0,0.0,0.0,3.3473587665652417e-06,0.0,6.694717533130483e-06,0.0,6.694717533130483e-06,0.0,0.0,0.0,0.0,0.0,3.3473587665652417e-06,0.0,0.0,0.0,0.0,0.0,0.0,0.0,3.3473587665652417e-06,0.0,1.3389435066260967e-05,0.0,0.0,0.0,1.673679383282621e-05,0.0,3.3473587665652417e-06,3.3473587665652417e-06,3.3473587665652417e-06,0.0,3.3473587665652417e-06,0.0,0.0,0.0,0.0,0.0,0.0,3.3473587665652417e-06,3.3473587665652417e-06,0.0,0.0,0.0,3.3473587665652417e-06,6.694717533130483e-06,3.3473587665652417e-06,0.0,0.0,3.3473587665652417e-06,3.3473587665652417e-06,0.0,0.0,1.673679383282621e-05,6.694717533130483e-06,3.3473587665652417e-06,3.3473587665652417e-06,6.694717533130483e-06,3.3473587665652417e-06,0.0,0.0,6.694717533130483e-06,6.694717533130483e-06,3.3473587665652417e-06,0.0,1.0042076299695725e-05,3.3473587665652417e-06,0.0,1.673679383282621e-05,6.694717533130483e-06,1.0042076299695725e-05,6.694717533130483e-06,1.3389435066260967e-05,1.673679383282621e-05,1.0042076299695725e-05,1.3389435066260967e-05,3.682094643221766e-05,2.6778870132521933e-05,2.008415259939145e-05,3.682094643221766e-05,1.3389435066260967e-05,2.3431511365956693e-05,1.3389435066260967e-05,2.3431511365956693e-05,2.6778870132521933e-05,2.008415259939145e-05,2.6778870132521933e-05,6.694717533130483e-06,2.6778870132521933e-05,2.008415259939145e-05,1.3389435066260967e-05,3.3473587665652417e-06,2.3431511365956693e-05,2.3431511365956693e-05,2.008415259939145e-05,2.3431511365956693e-05,3.682094643221766e-05,2.008415259939145e-05,1.673679383282621e-05,1.673679383282621e-05,1.673679383282621e-05,1.673679383282621e-05,3.3473587665652417e-06,1.673679383282621e-05,2.3431511365956693e-05,1.3389435066260967e-05,2.008415259939145e-05,6.694717533130483e-06,2.3431511365956693e-05,1.3389435066260967e-05,2.3431511365956693e-05,1.673679383282621e-05,1.0042076299695725e-05,1.3389435066260967e-05,3.3473587665652417e-06,1.0042076299695725e-05,6.694717533130483e-06,3.3473587665652417e-06,1.0042076299695725e-05,0.0,0.0,0.0,6.694717533130483e-06,1.0042076299695725e-05,6.694717533130483e-06,3.3473587665652417e-06,1.0042076299695725e-05,6.694717533130483e-06,6.694717533130483e-06,0.0,0.0,0.0,0.0,2.008415259939145e-05,0.0,0.0,6.694717533130483e-06,5.021038149847862e-05,3.3473587665652417e-06,1.0042076299695725e-05,1.3389435066260967e-05,3.3473587665652417e-06,1.0042076299695725e-05,0.0,1.0042076299695725e-05,3.3473587665652417e-06,1.673679383282621e-05,2.3431511365956693e-05,1.3389435066260967e-05,0.0,6.694717533130483e-06,1.0042076299695725e-05,3.3473587665652417e-06,1.0042076299695725e-05,0.0,1.673679383282621e-05,4.01683051987829e-05,1.3389435066260967e-05,3.3473587665652417e-06,2.008415259939145e-05,1.0042076299695725e-05,6.694717533130483e-06,1.3389435066260967e-05,3.3473587665652417e-06,1.673679383282621e-05,2.008415259939145e-05,2.3431511365956693e-05,1.0042076299695725e-05,1.3389435066260967e-05,1.673679383282621e-05,2.3431511365956693e-05,4.01683051987829e-05,3.0126228899087174e-05,1.673679383282621e-05,3.682094643221766e-05,2.008415259939145e-05,2.3431511365956693e-05,3.0126228899087174e-05,2.3431511365956693e-05,4.351566396534814e-05,3.347358766565242e-05,3.682094643221766e-05,2.3431511365956693e-05,4.6863022731913386e-05,3.0126228899087174e-05,2.3431511365956693e-05,1.3389435066260967e-05,6.694717533130483e-06,2.6778870132521933e-05,2.6778870132521933e-05,2.6778870132521933e-05,3.347358766565242e-05,2.6778870132521933e-05,2.3431511365956693e-05,5.3557740265043867e-05,2.6778870132521933e-05,3.682094643221766e-05,2.6778870132521933e-05,2.6778870132521933e-05,1.673679383282621e-05,2.008415259939145e-05,2.008415259939145e-05,1.673679383282621e-05,2.3431511365956693e-05,1.673679383282621e-05,2.008415259939145e-05,2.008415259939145e-05,6.694717533130483e-06,2.3431511365956693e-05,1.0042076299695725e-05,1.673679383282621e-05,2.008415259939145e-05,1.3389435066260967e-05,2.6778870132521933e-05,1.673679383282621e-05,1.673679383282621e-05,1.673679383282621e-05,2.6778870132521933e-05,1.673679383282621e-05,3.3473587665652417e-06,6.694717533130483e-06,6.694717533130483e-06,6.694717533130483e-06,2.3431511365956693e-05,1.3389435066260967e-05,6.694717533130483e-06,1.0042076299695725e-05,1.673679383282621e-05,2.3431511365956693e-05,6.694717533130483e-06,1.0042076299695725e-05,1.0042076299695725e-05,3.682094643221766e-05,0.0,8.703132793069628e-05,2.008415259939145e-05,2.3431511365956693e-05,6.694717533130483e-06,1.0042076299695725e-05,6.694717533130483e-06,1.3389435066260967e-05,0.0,1.673679383282621e-05,3.3473587665652417e-06,2.3431511365956693e-05,9.707340423039201e-05,1.3389435066260967e-05,1.0042076299695725e-05,2.6778870132521933e-05,6.694717533130483e-06,6.694717533130483e-06,1.0042076299695725e-05,1.673679383282621e-05,0.0,6.694717533130483e-06,1.0042076299695725e-05
3.3473587665652417e-06,3.3473587665652417e-06,3.3473587665652417e-06,3.3473587665652417e-06,6.694717533130483e-06,6.694717533130483e-06,2.008415259939145e-05,1.3389435066260967e-05,1.3389435066260967e-05,1.3389435066260967e-05,1.0042076299695725e-05,3.3473587665652417e-06,1.3389435066260967e-05,6.694717533130483e-06,3.3473587665652417e-06,1.0042076299695725e-05,0.0,3.3473587665652417e-06,0.0,0.0,6.694717533130483e-06,0.0,1.0042076299695725e-05,0.0,3.3473587665652417e-06,0.0,0.0,0.0,0.0,0.0,0.0,0.0,0.0,3.3473587665652417e-06,0.0,0.0,3.3473587665652417e-06,0.0,0.0,0.0,0.0,0.0,0.0,0.0,0.0,0.0,0.0,0.0,0.0,0.0,0.0,0.0,0.0,0.0,0.0,0.0,0.0,0.0,0.0,0.0,0.0,0.0,0.0,0.0,0.0,0.0,0.0,3.3473587665652417e-06,0.0,0.0,0.0,0.0,0.0,0.0,0.0,0.0,3.3473587665652417e-06,0.0,0.0,0.0,0.0,0.0,0.0,0.0,0.0,0.0,0.0,0.0,0.0,3.3473587665652417e-06,0.0,0.0,0.0,0.0,3.3473587665652417e-06,3.3473587665652417e-06,0.0,0.0,0.0,3.3473587665652417e-06,3.3473587665652417e-06,0.0,0.0,0.0,0.0,0.0,0.0,0.0,0.0,0.0,3.3473587665652417e-06,0.0,0.0,0.0,3.3473587665652417e-06,0.0,0.0,6.694717533130483e-06,3.3473587665652417e-06,0.0,0.0,0.0,0.0,0.0,3.3473587665652417e-06,0.0,0.0,0.0,6.694717533130483e-06,0.0,3.3473587665652417e-06,3.3473587665652417e-06,3.3473587665652417e-06,0.0,0.0,0.0,0.0,3.3473587665652417e-06,0.0,3.3473587665652417e-06,0.0,0.0,3.3473587665652417e-06,1.0042076299695725e-05,3.3473587665652417e-06,3.3473587665652417e-06,0.0,0.0,1.0042076299695725e-05,0.0,0.0,0.0,6.694717533130483e-06,3.3473587665652417e-06,3.3473587665652417e-06,0.0,0.0,6.694717533130483e-06,1.3389435066260967e-05,6.694717533130483e-06,3.3473587665652417e-06,0.0,1.0042076299695725e-05,0.0,1.0042076299695725e-05,3.3473587665652417e-06,6.694717533130483e-06,3.3473587665652417e-06,0.0,0.0,3.3473587665652417e-06,1.3389435066260967e-05,0.0,3.3473587665652417e-06,0.0,3.3473587665652417e-06,6.694717533130483e-06,0.0,1.673679383282621e-05,1.0042076299695725e-05,2.008415259939145e-05,1.0042076299695725e-05,1.3389435066260967e-05,3.0126228899087174e-05,0.0,4.6863022731913386e-05,2.008415259939145e-05,1.3389435066260967e-05,5.021038149847862e-05,5.021038149847862e-05,3.347358766565242e-05,3.0126228899087174e-05,2.008415259939145e-05,3.682094643221766e-05,1.0042076299695725e-05,1.673679383282621e-05,2.008415259939145e-05,1.673679383282621e-05,3.3473587665652417e-06,2.3431511365956693e-05,1.3389435066260967e-05,1.3389435066260967e-05,2.008415259939145e-05,3.3473587665652417e-06,1.673679383282621e-05,2.008415259939145e-05,1.0042076299695725e-05,1.3389435066260967e-05,1.0042076299695725e-05,1.0042076299695725e-05,1.673679383282621e-05,2.008415259939145e-05,3.3473587665652417e-06,2.6778870132521933e-05,2.3431511365956693e-05,3.3473587665652417e-06,1.673679383282621e-05,1.0042076299695725e-05,3.3473587665652417e-06,2.3431511365956693e-05,0.0,3.3473587665652417e-06,3.3473587665652417e-06,1.0042076299695725e-05,1.0042076299695725e-05,3.3473587665652417e-06,0.0,3.3473587665652417e-06,6.694717533130483e-06,3.3473587665652417e-06,0.0,1.0042076299695725e-05,0.0,3.3473587665652417e-06,0.0,1.0042076299695725e-05,3.3473587665652417e-06,0.0,3.3473587665652417e-06,6.694717533130483e-06,3.3473587665652417e-06,0.0,6.694717533130483e-06,6.694717533130483e-06,3.3473587665652417e-06,3.3473587665652417e-06,1.673679383282621e-05,0.0,6.694717533130483e-06,6.694717533130483e-06,3.3473587665652417e-06,6.694717533130483e-06,0.0,1.3389435066260967e-05,1.0042076299695725e-05,1.3389435066260967e-05,1.0042076299695725e-05,2.008415259939145e-05,2.008415259939145e-05,3.3473587665652417e-06,1.3389435066260967e-05,1.0042076299695725e-05,0.0,1.673679383282621e-05,1.0042076299695725e-05,1.673679383282621e-05,3.0126228899087174e-05,6.694717533130483e-06,2.6778870132521933e-05,3.0126228899087174e-05,2.008415259939145e-05,2.6778870132521933e-05,2.3431511365956693e-05,2.3431511365956693e-05,2.008415259939145e-05,2.3431511365956693e-05,1.673679383282621e-05,3.0126228899087174e-05,4.6863022731913386e-05,3.347358766565242e-05,4.351566396534814e-05,2.3431511365956693e-05,3.682094643221766e-05,4.01683051987829e-05,2.008415259939145e-05,2.008415259939145e-05,3.0126228899087174e-05,2.3431511365956693e-05,2.008415259939145e-05,2.6778870132521933e-05,3.682094643221766e-05,1.3389435066260967e-05,1.0042076299695725e-05,4.6863022731913386e-05,2.3431511365956693e-05,3.0126228899087174e-05,3.0126228899087174e-05,1.673679383282621e-05,3.682094643221766e-05,6.694717533130483e-06,1.673679383282621e-05,2.3431511365956693e-05,2.3431511365956693e-05,3.347358766565242e-05,1.3389435066260967e-05,1.3389435066260967e-05,2.3431511365956693e-05,2.6778870132521933e-05,1.0042076299695725e-05,1.0042076299695725e-05,3.682094643221766e-05,1.3389435066260967e-05,2.6778870132521933e-05,1.673679383282621e-05,3.3473587665652417e-06,2.6778870132521933e-05,1.673679383282621e-05,1.673679383282621e-05,1.0042076299695725e-05,1.3389435066260967e-05,1.3389435066260967e-05,2.008415259939145e-05,1.673679383282621e-05,1.0042076299695725e-05,6.694717533130483e-06,1.673679383282621e-05,1.3389435066260967e-05,2.3431511365956693e-05,1.673679383282621e-05,1.3389435066260967e-05,1.0042076299695725e-05,3.0126228899087174e-05,6.694717533130483e-06,1.673679383282621e-05,1.673679383282621e-05,2.008415259939145e-05,3.3473587665652417e-06,3.347358766565242e-05,1.673679383282621e-05,2.008415259939145e-05,3.3473587665652417e-06,1.3389435066260967e-05,1.673679383282621e-05,6.694717533130483e-06,3.3473587665652417e-06,4.01683051987829e-05,5.3557740265043867e-05,1.0042076299695725e-05,6.694717533130483e-06,3.3473587665652417e-06,6.694717533130483e-06,1.0042076299695725e-05,2.6778870132521933e-05,1.673679383282621e-05,6.694717533130483e-06,6.694717533130483e-06,1.673679383282621e-05,3.3473587665652417e-06,0.0,6.694717533130483e-06
6.694717533130483e-06,1.3389435066260967e-05,1.3389435066260967e-05,1.673679383282621e-05,1.673679383282621e-05,6.694717533130483e-06,6.694717533130483e-06,1.3389435066260967e-05,3.3473587665652417e-06,3.3473587665652417e-06,1.3389435066260967e-05,6.694717533130483e-06,0.0,6.694717533130483e-06,0.0,1.3389435066260967e-05,0.0,0.0,3.3473587665652417e-06,0.0,0.0,1.3389435066260967e-05,0.0,0.0,0.0,3.3473587665652417e-06,0.0,0.0,0.0,0.0,0.0,3.3473587665652417e-06,3.3473587665652417e-06,0.0,0.0,0.0,3.3473587665652417e-06,0.0,3.3473587665652417e-06,0.0,0.0,0.0,0.0,0.0,0.0,0.0,0.0,0.0,0.0,0.0,0.0,0.0,0.0,0.0,0.0,0.0,0.0,0.0,0.0,0.0,0.0,0.0,0.0,0.0,0.0,0.0,0.0,0.0,0.0,0.0,0.0,0.0,0.0,0.0,0.0,0.0,0.0,0.0,3.3473587665652417e-06,0.0,0.0,0.0,0.0,3.3473587665652417e-06,0.0,0.0,0.0,0.0,0.0,0.0,3.3473587665652417e-06,0.0,0.0,0.0,0.0,0.0,0.0,0.0,6.694717533130483e-06,0.0,3.3473587665652417e-06,3.3473587665652417e-06,3.3473587665652417e-06,0.0,0.0,0.0,0.0,0.0,0.0,0.0,0.0,0.0,0.0,0.0,0.0,6.694717533130483e-06,0.0,0.0,0.0,0.0,0.0,0.0,3.3473587665652417e-06,0.0,0.0,0.0,0.0,0.0,0.0,3.3473587665652417e-06,6.694717533130483e-06,0.0,0.0,3.3473587665652417e-06,0.0,0.0,0.0,0.0,3.3473587665652417e-06,0.0,0.0,0.0,3.3473587665652417e-06,3.3473587665652417e-06,0.0,3.3473587665652417e-06,3.3473587665652417e-06,0.0,1.0042076299695725e-05,0.0,3.3473587665652417e-06,6.694717533130483e-06,3.3473587665652417e-06,6.694717533130483e-06,1.0042076299695725e-05,3.3473587665652417e-06,0.0,1.3389435066260967e-05,6.694717533130483e-06,3.0126228899087174e-05,3.3473587665652417e-06,6.694717533130483e-06,6.694717533130483e-06,3.3473587665652417e-06,3.3473587665652417e-06,1.3389435066260967e-05,3.3473587665652417e-06,0.0,3.3473587665652417e-06,3.3473587665652417e-06,6.694717533130483e-06,0.0,3.3473587665652417e-06,1.0042076299695725e-05,1.0042076299695725e-05,1.0042076299695725e-05,6.694717533130483e-06,3.3473587665652417e-06,1.673679383282621e-05,2.008415259939145e-05,1.673679383282621e-05,1.673679383282621e-05,2.3431511365956693e-05,1.3389435066260967e-05,2.008415259939145e-05,2.3431511365956693e-05,6.694717533130483e-06,1.673679383282621e-05,6.694717533130483e-06,2.3431511365956693e-05,1.3389435066260967e-05,3.0126228899087174e-05,2.6778870132521933e-05,1.3389435066260967e-05,1.0042076299695725e-05,6.694717533130483e-06,2.6778870132521933e-05,2.3431511365956693e-05,1.0042076299695725e-05,3.347358766565242e-05,1.0042076299695725e-05,3.3473587665652417e-06,2.6778870132521933e-05,2.6778870132521933e-05,1.3389435066260967e-05,1.0042076299695725e-05,1.673679383282621e-05,2.3431511365956693e-05,3.0126228899087174e-05,2.3431511365956693e-05,2.008415259939145e-05,1.3389435066260967e-05,0.0,1.0042076299695725e-05,2.008415259939145e-05,6.694717533130483e-06,2.008415259939145e-05,1.0042076299695725e-05,1.3389435066260967e-05,1.3389435066260967e-05,1.673679383282621e-05,6.694717533130483e-06,1.673679383282621e-05,1.0042076299695725e-05,1.673679383282621e-05,1.673679383282621e-05,3.3473587665652417e-06,0.0,0.0,1.0042076299695725e-05,1.673679383282621e-05,3.3473587665652417e-06,6.694717533130483e-06,0.0,0.0,1.0042076299695725e-05,0.0,3.3473587665652417e-06,6.694717533130483e-06,0.0,3.3473587665652417e-06,0.0,3.3473587665652417e-06,3.3473587665652417e-06,1.0042076299695725e-05,1.0042076299695725e-05,3.3473587665652417e-06,6.694717533130483e-06,1.0042076299695725e-05,0.0,6.694717533130483e-06,3.3473587665652417e-06,1.3389435066260967e-05,0.0,2.3431511365956693e-05,3.3473587665652417e-06,0.0,3.3473587665652417e-06,0.0,0.0,1.673679383282621e-05,6.694717533130483e-06,1.0042076299695725e-05,1.0042076299695725e-05,2.008415259939145e-05,3.3473587665652417e-06,1.0042076299695725e-05,6.694717533130483e-06,3.3473587665652417e-06,2.6778870132521933e-05,3.0126228899087174e-05,1.673679383282621e-05,1.3389435066260967e-05,1.673679383282621e-05,5.690509903160911e-05,2.3431511365956693e-05,3.0126228899087174e-05,1.673679383282621e-05,3.0126228899087174e-05,3.682094643221766e-05,3.347358766565242e-05,3.0126228899087174e-05,2.6778870132521933e-05,3.347358766565242e-05,4.01683051987829e-05,2.6778870132521933e-05,2.008415259939145e-05,4.01683051987829e-05,3.682094643221766e-05,1.3389435066260967e-05,2.3431511365956693e-05,2.3431511365956693e-05,3.682094643221766e-05,6.025245779817435e-05,5.3557740265043867e-05,2.3431511365956693e-05,5.021038149847862e-05,4.01683051987829e-05,2.008415259939145e-05,2.6778870132521933e-05,3.347358766565242e-05,3.347358766565242e-05,1.0042076299695725e-05,2.008415259939145e-05,2.008415259939145e-05,1.3389435066260967e-05,1.3389435066260967e-05,3.3473587665652417e-06,2.3431511365956693e-05,1.673679383282621e-05,1.3389435066260967e-05,1.0042076299695725e-05,2.008415259939145e-05,1.673679383282621e-05,1.0042076299695725e-05,1.673679383282621e-05,2.008415259939145e-05,2.6778870132521933e-05,1.3389435066260967e-05,2.6778870132521933e-05,3.682094643221766e-05,3.347358766565242e-05,1.0042076299695725e-05,2.008415259939145e-05,1.0042076299695725e-05,3.347358766565242e-05,1.3389435066260967e-05,1.673679383282621e-05,1.0042076299695725e-05,1.3389435066260967e-05,2.3431511365956693e-05,2.008415259939145e-05,6.694717533130483e-06,6.694717533130483e-06,1.673679383282621e-05,2.6778870132521933e-05,1.0042076299695725e-05,6.694717533130483e-06,1.0042076299695725e-05,2.6778870132521933e-05,1.0042076299695725e-05,6.694717533130483e-06,1.3389435066260967e-05,1.673679383282621e-05,1.3389435066260967e-05,3.3473587665652417e-06,1.673679383282621e-05,1.0042076299695725e-05,1.3389435066260967e-05,0.0,1.3389435066260967e-05,3.0126228899087174e-05,5.021038149847862e-05,3.347358766565242e-05,1.3389435066260967e-05,2.6778870132521933e-05,1.0042076299695725e-05,1.0042076299695725e-05,1.0042076299695725e-05,1.0042076299695725e-05
1.3389435066260967e-05,1.0042076299695725e-05,0.0,1.673679383282621e-05,1.0042076299695725e-05,6.694717533130483e-06,3.3473587665652417e-06,1.3389435066260967e-05,3.3473587665652417e-06,3.3473587665652417e-06,2.008415259939145e-05,1.0042076299695725e-05,1.3389435066260967e-05,1.3389435066260967e-05,0.0,1.0042076299695725e-05,3.3473587665652417e-06,6.694717533130483e-06,1.0042076299695725e-05,0.0,0.0,3.3473587665652417e-06,6.694717533130483e-06,0.0,0.0,6.694717533130483e-06,3.3473587665652417e-06,0.0,3.3473587665652417e-06,0.0,0.0,0.0,0.0,0.0,3.3473587665652417e-06,0.0,0.0,0.0,0.0,0.0,0.0,0.0,0.0,3.3473587665652417e-06,0.0,0.0,0.0,0.0,0.0,0.0,0.0,0.0,0.0,0.0,0.0,0.0,0.0,0.0,0.0,0.0,3.3473587665652417e-06,0.0,3.3473587665652417e-06,0.0,0.0,0.0,0.0,0.0,3.3473587665652417e-06,0.0,0.0,0.0,0.0,0.0,3.3473587665652417e-06,0.0,0.0,0.0,0.0,0.0,3.3473587665652417e-06,0.0,0.0,0.0,0.0,0.0,0.0,1.0042076299695725e-05,0.0,0.0,0.0,0.0,0.0,0.0,3.3473587665652417e-06,0.0,0.0,0.0,0.0,0.0,3.3473587665652417e-06,0.0,0.0,0.0,0.0,6.694717533130483e-06,0.0,0.0,0.0,0.0,0.0,0.0,0.0,6.694717533130483e-06,3.3473587665652417e-06,0.0,0.0,0.0,0.0,0.0,0.0,0.0,6.694717533130483e-06,0.0,0.0,0.0,3.3473587665652417e-06,0.0,0.0,3.3473587665652417e-06,0.0,0.0,3.3473587665652417e-06,0.0,0.0,3.3473587665652417e-06,0.0,0.0,0.0,0.0,0.0,6.694717533130483e-06,0.0,6.694717533130483e-06,6.694717533130483e-06,6.694717533130483e-06,0.0,3.3473587665652417e-06,0.0,6.694717533130483e-06,1.0042076299695725e-05,0.0,6.694717533130483e-06,3.3473587665652417e-06,3.3473587665652417e-06,3.3473587665652417e-06,3.3473587665652417e-06,0.0,0.0,1.0042076299695725e-05,6.694717533130483e-06,3.3473587665652417e-06,6.694717533130483e-06,6.694717533130483e-06,6.694717533130483e-06,3.3473587665652417e-06,3.3473587665652417e-06,0.0,6.694717533130483e-06,0.0,3.3473587665652417e-06,0.0,0.0,1.673679383282621e-05,3.3473587665652417e-06,6.694717533130483e-06,3.3473587665652417e-06,6.694717533130483e-06,1.673679383282621e-05,3.3473587665652417e-06,3.347358766565242e-05,6.694717533130483e-06,2.3431511365956693e-05,1.3389435066260967e-05,2.6778870132521933e-05,1.673679383282621e-05,1.0042076299695725e-05,4.01683051987829e-05,3.0126228899087174e-05,2.6778870132521933e-05,3.0126228899087174e-05,2.6778870132521933e-05,3.682094643221766e-05,2.008415259939145e-05,1.673679383282621e-05,3.347358766565242e-05,2.3431511365956693e-05,1.3389435066260967e-05,1.0042076299695725e-05,6.694717533130483e-06,1.3389435066260967e-05,6.694717533130483e-06,2.008415259939145e-05,1.673679383282621e-05,2.3431511365956693e-05,1.0042076299695725e-05,6.694717533130483e-06,1.673679383282621e-05,1.673679383282621e-05,1.0042076299695725e-05,6.694717533130483e-06,2.6778870132521933e-05,6.694717533130483e-06,3.0126228899087174e-05,1.0042076299695725e-05,2.6778870132521933e-05,3.3473587665652417e-06,1.0042076299695725e-05,1.0042076299695725e-05,1.0042076299695725e-05,6.694717533130483e-06,3.3473587665652417e-06,3.3473587665652417e-06,1.673679383282621e-05,3.3473587665652417e-06,3.3473587665652417e-06,0.0,0.0,6.694717533130483e-06,6.694717533130483e-06,0.0,6.694717533130483e-06,1.673679383282621e-05,3.3473587665652417e-06,0.0,1.0042076299695725e-05,3.3473587665652417e-06,1.3389435066260967e-05,0.0,0.0,6.694717533130483e-06,6.694717533130483e-06,0.0,0.0,6.694717533130483e-06,6.694717533130483e-06,1.673679383282621e-05,1.3389435066260967e-05,6.694717533130483e-06,1.0042076299695725e-05,3.3473587665652417e-06,3.3473587665652417e-06,1.0042076299695725e-05,2.008415259939145e-05,2.3431511365956693e-05,1.3389435066260967e-05,0.0,6.694717533130483e-06,1.673679383282621e-05,3.3473587665652417e-06,2.008415259939145e-05,1.0042076299695725e-05,6.694717533130483e-06,3.3473587665652417e-06,6.694717533130483e-06,1.3389435066260967e-05,1.3389435066260967e-05,1.3389435066260967e-05,3.347358766565242e-05,1.3389435066260967e-05,2.008415259939145e-05,1.3389435066260967e-05,1.673679383282621e-05,2.3431511365956693e-05,4.01683051987829e-05,2.008415259939145e-05,2.008415259939145e-05,1.673679383282621e-05,1.3389435066260967e-05,2.3431511365956693e-05,1.3389435066260967e-05,3.347358766565242e-05,2.3431511365956693e-05,1.673679383282621e-05,2.6778870132521933e-05,3.0126228899087174e-05,1.673679383282621e-05,2.6778870132521933e-05,5.021038149847862e-05,3.682094643221766e-05,1.673679383282621e-05,4.01683051987829e-05,4.6863022731913386e-05,2.6778870132521933e-05,4.351566396534814e-05,3.682094643221766e-05,4.351566396534814e-05,3.0126228899087174e-05,4.01683051987829e-05,2.3431511365956693e-05,7.698925163100056e-05,3.682094643221766e-05,1.3389435066260967e-05,3.347358766565242e-05,2.6778870132521933e-05,3.682094643221766e-05,3.347358766565242e-05,4.351566396534814e-05,2.3431511365956693e-05,2.3431511365956693e-05,3.682094643221766e-05,3.347358766565242e-05,2.3431511365956693e-05,2.6778870132521933e-05,2.3431511365956693e-05,2.3431511365956693e-05,1.673679383282621e-05,2.008415259939145e-05,1.673679383282621e-05,1.0042076299695725e-05,1.673679383282621e-05,2.3431511365956693e-05,6.694717533130483e-06,2.008415259939145e-05,1.673679383282621e-05,3.3473587665652417e-06,3.3473587665652417e-06,1.0042076299695725e-05,2.008415259939145e-05,1.673679383282621e-05,6.694717533130483e-06,3.0126228899087174e-05,2.3431511365956693e-05,3.3473587665652417e-06,0.0,1.0042076299695725e-05,3.682094643221766e-05,2.008415259939145e-05,1.673679383282621e-05,2.3431511365956693e-05,0.0,3.3473587665652417e-06,1.673679383282621e-05,1.0042076299695725e-05,1.3389435066260967e-05,1.3389435066260967e-05,2.3431511365956693e-05,1.3389435066260967e-05,6.694717533130483e-06,6.694717533130483e-06,2.008415259939145e-05,6.694717533130483e-06,1.673679383282621e-05,1.0042076299695725e-05,3.3473587665652417e-06,3.3473587665652417e-06,3.3473587665652417e-06,1.0042076299695725e-05,1.3389435066260967e-05,6.694717533130483e-06
1.0042076299695725e-05,6.694717533130483e-06,2.008415259939145e-05,6.694717533130483e-06,1.0042076299695725e-05,6.694717533130483e-06,1.0042076299695725e-05,1.0042076299695725e-05,6.694717533130483e-06,3.3473587665652417e-06,0.0,3.3473587665652417e-06,1.0042076299695725e-05,1.3389435066260967e-05,3.3473587665652417e-06,0.0,1.3389435066260967e-05,3.3473587665652417e-06,0.0,1.0042076299695725e-05,0.0,6.694717533130483e-06,3.3473587665652417e-06,3.3473587665652417e-06,3.3473587665652417e-06,0.0,0.0,0.0,0.0,0.0,0.0,0.0,0.0,0.0,0.0,0.0,0.0,0.0,0.0,0.0,0.0,0.0,0.0,0.0,0.0,0.0,3.3473587665652417e-06,0.0,0.0,0.0,0.0,0.0,0.0,0.0,0.0,0.0,0.0,3.3473587665652417e-06,0.0,0.0,0.0,0.0,0.0,0.0,0.0,0.0,0.0,0.0,0.0,0.0,0.0,0.0,0.0,0.0,0.0,0.0,3.3473587665652417e-06,0.0,0.0,0.0,0.0,0.0,3.3473587665652417e-06,0.0,0.0,0.0,0.0,0.0,0.0,0.0,0.0,0.0,0.0,0.0,0.0,6.694717533130483e-06,0.0,0.0,0.0,0.0,0.0,0.0,0.0,0.0,0.0,6.694717533130483e-06,0.0,0.0,3.3473587665652417e-06,3.3473587665652417e-06,0.0,6.694717533130483e-06,1.0042076299695725e-05,0.0,0.0,0.0,0.0,3.3473587665652417e-06,0.0,3.3473587665652417e-06,0.0,0.0,6.694717533130483e-06,3.3473587665652417e-06,0.0,0.0,3.3473587665652417e-06,3.3473587665652417e-06,0.0,0.0,0.0,0.0,3.3473587665652417e-06,0.0,3.3473587665652417e-06,3.3473587665652417e-06,3.3473587665652417e-06,0.0,0.0,3.3473587665652417e-06,0.0,0.0,3.3473587665652417e-06,0.0,3.3473587665652417e-06,0.0,3.3473587665652417e-06,0.0,0.0,6.694717533130483e-06,2.6778870132521933e-05,1.0042076299695725e-05,6.694717533130483e-06,0.0,6.694717533130483e-06,1.3389435066260967e-05,0.0,0.0,6.694717533130483e-06,0.0,3.3473587665652417e-06,0.0,1.0042076299695725e-05,0.0,3.3473587665652417e-06,6.694717533130483e-06,1.3389435066260967e-05,0.0,3.3473587665652417e-06,2.008415259939145e-05,0.0,1.0042076299695725e-05,3.3473587665652417e-06,3.3473587665652417e-06,1.0042076299695725e-05,3.3473587665652417e-06,2.008415259939145e-05,2.3431511365956693e-05,1.3389435066260967e-05,6.694717533130483e-06,1.673679383282621e-05,2.008415259939145e-05,3.682094643221766e-05,2.3431511365956693e-05,2.6778870132521933e-05,7.364189286443532e-05,3.347358766565242e-05,3.0126228899087174e-05,2.008415259939145e-05,2.6778870132521933e-05,2.008415259939145e-05,4.351566396534814e-05,3.0126228899087174e-05,0.0,3.0126228899087174e-05,1.3389435066260967e-05,1.3389435066260967e-05,1.3389435066260967e-05,4.01683051987829e-05,1.673679383282621e-05,1.0042076299695725e-05,4.01683051987829e-05,3.0126228899087174e-05,6.694717533130483e-06,1.0042076299695725e-05,2.6778870132521933e-05,1.0042076299695725e-05,1.3389435066260967e-05,1.673679383282621e-05,2.008415259939145e-05,2.6778870132521933e-05,1.3389435066260967e-05,2.6778870132521933e-05,1.3389435066260967e-05,1.3389435066260967e-05,1.0042076299695725e-05,1.3389435066260967e-05,6.694717533130483e-06,1.0042076299695725e-05,1.3389435066260967e-05,1.673679383282621e-05,2.008415259939145e-05,0.0,0.0,0.0,0.0,1.0042076299695725e-05,3.3473587665652417e-06,0.0,0.0,3.3473587665652417e-06,0.0,3.3473587665652417e-06,0.0,3.3473587665652417e-06,0.0,6.694717533130483e-06,0.0,3.3473587665652417e-06,3.3473587665652417e-06,0.0,6.694717533130483e-06,1.0042076299695725e-05,6.694717533130483e-06,0.0,6.694717533130483e-06,6.694717533130483e-06,1.0042076299695725e-05,1.3389435066260967e-05,0.0,0.0,1.673679383282621e-05,3.3473587665652417e-06,1.673679383282621e-05,2.008415259939145e-05,6.694717533130483e-06,0.0,3.3473587665652417e-06,3.3473587665652417e-06,3.3473587665652417e-06,2.3431511365956693e-05,0.0,0.0,1.3389435066260967e-05,1.3389435066260967e-05,6.694717533130483e-06,1.0042076299695725e-05,2.008415259939145e-05,1.673679383282621e-05,1.673679383282621e-05,3.0126228899087174e-05,2.6778870132521933e-05,1.673679383282621e-05,2.6778870132521933e-05,1.673679383282621e-05,1.673679383282621e-05,3.682094643221766e-05,4.01683051987829e-05,3.682094643221766e-05,5.021038149847862e-05,1.673679383282621e-05,2.3431511365956693e-05,5.021038149847862e-05,4.01683051987829e-05,5.3557740265043867e-05,5.3557740265043867e-05,1.0042076299695725e-05,3.0126228899087174e-05,2.3431511365956693e-05,2.008415259939145e-05,2.3431511365956693e-05,1.673679383282621e-05,3.347358766565242e-05,3.0126228899087174e-05,1.3389435066260967e-05,3.0126228899087174e-05,4.351566396534814e-05,2.6778870132521933e-05,3.347358766565242e-05,6.694717533130483e-06,3.0126228899087174e-05,3.347358766565242e-05,2.6778870132521933e-05,2.6778870132521933e-05,6.694717533130483e-06,3.347358766565242e-05,3.0126228899087174e-05,2.3431511365956693e-05,4.01683051987829e-05,2.6778870132521933e-05,6.694717533130483e-06,2.008415259939145e-05,6.694717533130483e-06,1.673679383282621e-05,2.6778870132521933e-05,1.673679383282621e-05,2.008415259939145e-05,1.673679383282621e-05,2.008415259939145e-05,1.673679383282621e-05,2.008415259939145e-05,2.008415259939145e-05,1.3389435066260967e-05,2.008415259939145e-05,1.673679383282621e-05,1.3389435066260967e-05,2.3431511365956693e-05,1.673679383282621e-05,2.3431511365956693e-05,1.3389435066260967e-05,1.673679383282621e-05,2.008415259939145e-05,2.3431511365956693e-05,6.694717533130483e-06,2.008415259939145e-05,1.0042076299695725e-05,3.0126228899087174e-05,1.673679383282621e-05,6.694717533130483e-06,1.0042076299695725e-05,1.3389435066260967e-05,1.0042076299695725e-05,6.694717533130483e-06,1.3389435066260967e-05,1.0042076299695725e-05,2.3431511365956693e-05,1.673679383282621e-05,6.694717533130483e-06,1.3389435066260967e-05,1.3389435066260967e-05,6.694717533130483e-06,1.0042076299695725e-05,2.008415259939145e-05,1.673679383282621e-05,1.673679383282621e-05,1.0042076299695725e-05,1.3389435066260967e-05,2.6778870132521933e-05,6.694717533130483e-06,6.694717533130483e-06
1.0042076299695725e-05,1.3389435066260967e-05,1.0042076299695725e-05,1.3389435066260967e-05,1.3389435066260967e-05,1.0042076299695725e-05,3.3473587665652417e-06,6.694717533130483e-06,0.0,3.3473587665652417e-06,0.0,6.694717533130483e-06,3.3473587665652417e-06,3.3473587665652417e-06,1.0042076299695725e-05,3.3473587665652417e-06,3.3473587665652417e-06,0.0,0.0,6.694717533130483e-06,0.0,0.0,0.0,1.0042076299695725e-05,3.3473587665652417e-06,3.3473587665652417e-06,6.694717533130483e-06,0.0,6.694717533130483e-06,0.0,3.3473587665652417e-06,0.0,3.3473587665652417e-06,0.0,0.0,0.0,3.3473587665652417e-06,0.0,0.0,0.0,0.0,3.3473587665652417e-06,0.0,0.0,0.0,0.0,0.0,0.0,3.3473587665652417e-06,0.0,3.3473587665652417e-06,0.0,0.0,0.0,3.3473587665652417e-06,0.0,3.3473587665652417e-06,3.3473587665652417e-06,0.0,0.0,0.0,0.0,0.0,0.0,0.0,0.0,0.0,0.0,0.0,0.0,0.0,0.0,0.0,0.0,0.0,0.0,0.0,0.0,0.0,0.0,0.0,0.0,3.3473587665652417e-06,0.0,3.3473587665652417e-06,3.3473587665652417e-06,0.0,0.0,6.694717533130483e-06,0.0,0.0,0.0,3.3473587665652417e-06,6.694717533130483e-06,0.0,3.3473587665652417e-06,0.0,3.3473587665652417e-06,0.0,0.0,0.0,0.0,0.0,0.0,0.0,0.0,3.3473587665652417e-06,3.3473587665652417e-06,0.0,1.0042076299695725e-05,0.0,0.0,1.0042076299695725e-05,1.0042076299695725e-05,6.694717533130483e-06,0.0,0.0,3.3473587665652417e-06,0.0,3.3473587665652417e-06,3.3473587665652417e-06,0.0,3.3473587665652417e-06,0.0,6.694717533130483e-06,0.0,0.0,3.3473587665652417e-06,0.0,0.0,0.0,0.0,3.3473587665652417e-06,6.694717533130483e-06,0.0,0.0,0.0,0.0,3.3473587665652417e-06,6.694717533130483e-06,1.0042076299695725e-05,0.0,0.0,6.694717533130483e-06,3.3473587665652417e-06,3.3473587665652417e-06,1.0042076299695725e-05,3.3473587665652417e-06,6.694717533130483e-06,3.3473587665652417e-06,6.694717533130483e-06,1.0042076299695725e-05,6.694717533130483e-06,3.3473587665652417e-06,6.694717533130483e-06,3.3473587665652417e-06,3.3473587665652417e-06,3.3473587665652417e-06,3.3473587665652417e-06,3.3473587665652417e-06,0.0,3.3473587665652417e-06,1.0042076299695725e-05,6.694717533130483e-06,6.694717533130483e-06,1.673679383282621e-05,3.3473587665652417e-06,1.3389435066260967e-05,0.0,1.3389435066260967e-05,6.694717533130483e-06,0.0,1.0042076299695725e-05,6.694717533130483e-06,2.3431511365956693e-05,3.3473587665652417e-06,2.6778870132521933e-05,1.3389435066260967e-05,6.694717533130483e-06,3.347358766565242e-05,2.008415259939145e-05,1.673679383282621e-05,2.3431511365956693e-05,2.6778870132521933e-05,2.3431511365956693e-05,2.6778870132521933e-05,3.347358766565242e-05,3.0126228899087174e-05,1.673679383282621e-05,2.008415259939145e-05,1.3389435066260967e-05,1.673679383282621e-05,2.3431511365956693e-05,1.673679383282621e-05,1.673679383282621e-05,2.008415259939145e-05,2.3431511365956693e-05,3.682094643221766e-05,2.3431511365956693e-05,1.3389435066260967e-05,1.673679383282621e-05,3.0126228899087174e-05,1.0042076299695725e-05,1.673679383282621e-05,1.673679383282621e-05,3.3473587665652417e-06,1.0042076299695725e-05,6.694717533130483e-06,0.0,2.6778870132521933e-05,2.008415259939145e-05,1.673679383282621e-05,1.3389435066260967e-05,3.3473587665652417e-06,1.3389435066260967e-05,1.0042076299695725e-05,1.0042076299695725e-05,2.3431511365956693e-05,6.694717533130483e-06,3.3473587665652417e-06,6.694717533130483e-06,6.694717533130483e-06,1.0042076299695725e-05,0.0,0.0,3.3473587665652417e-06,6.694717533130483e-06,1.0042076299695725e-05,3.3473587665652417e-06,0.0,3.3473587665652417e-06,6.694717533130483e-06,3.3473587665652417e-06,0.0,6.694717533130483e-06,0.0,3.3473587665652417e-06,0.0,3.3473587665652417e-06,0.0,3.3473587665652417e-06,0.0,6.694717533130483e-06,1.0042076299695725e-05,1.0042076299695725e-05,1.0042076299695725e-05,6.694717533130483e-06,0.0,1.3389435066260967e-05,6.694717533130483e-06,2.6778870132521933e-05,6.694717533130483e-06,1.3389435066260967e-05,1.673679383282621e-05,1.0042076299695725e-05,6.694717533130483e-06,0.0,0.0,1.3389435066260967e-05,1.3389435066260967e-05,1.0042076299695725e-05,0.0,1.0042076299695725e-05,2.008415259939145e-05,3.3473587665652417e-06,6.694717533130483e-06,3.3473587665652417e-06,2.008415259939145e-05,1.3389435066260967e-05,1.673679383282621e-05,4.351566396534814e-05,2.3431511365956693e-05,3.3473587665652417e-06,2.008415259939145e-05,4.01683051987829e-05,2.3431511365956693e-05,2.6778870132521933e-05,1.673679383282621e-05,4.01683051987829e-05,2.008415259939145e-05,3.347358766565242e-05,2.008415259939145e-05,1.673679383282621e-05,6.694717533130483e-06,5.690509903160911e-05,5.3557740265043867e-05,3.347358766565242e-05,4.6863022731913386e-05,1.3389435066260967e-05,3.682094643221766e-05,1.673679383282621e-05,3.347358766565242e-05,4.01683051987829e-05,5.690509903160911e-05,4.351566396534814e-05,2.6778870132521933e-05,5.3557740265043867e-05,4.01683051987829e-05,1.673679383282621e-05,1.673679383282621e-05,1.3389435066260967e-05,3.0126228899087174e-05,1.3389435066260967e-05,3.0126228899087174e-05,1.3389435066260967e-05,2.008415259939145e-05,3.0126228899087174e-05,1.3389435066260967e-05,2.3431511365956693e-05,4.01683051987829e-05,2.3431511365956693e-05,1.673679383282621e-05,2.6778870132521933e-05,1.3389435066260967e-05,2.3431511365956693e-05,1.3389435066260967e-05,2.3431511365956693e-05,3.0126228899087174e-05,6.694717533130483e-06,1.673679383282621e-05,1.673679383282621e-05,2.3431511365956693e-05,2.3431511365956693e-05,1.3389435066260967e-05,3.0126228899087174e-05,1.673679383282621e-05,1.673679383282621e-05,1.673679383282621e-05,3.347358766565242e-05,1.3389435066260967e-05,3.347358766565242e-05,3.0126228899087174e-05,2.3431511365956693e-05,4.351566396534814e-05,2.3431511365956693e-05,1.673679383282621e-05,1.0042076299695725e-05,1.0042076299695725e-05,1.3389435066260967e-05,1.3389435066260967e-05,3.3473587665652417e-06,2.3431511365956693e-05,3.3473587665652417e-06,2.3431511365956693e-05,3.0126228899087174e-05,1.0042076299695725e-05,1.3389435066260967e-05,2.008415259939145e-05,6.694717533130483e-06,2.6778870132521933e-05,1.673679383282621e-05,1.0042076299695725e-05,1.673679383282621e-05,1.673679383282621e-05,1.3389435066260967e-05,1.0042076299695725e-05,6.694717533130483e-06,1.0042076299695725e-05,1.0042076299695725e-05,2.008415259939145e-05
1.3389435066260967e-05,3.3473587665652417e-06,1.0042076299695725e-05,1.3389435066260967e-05,1.3389435066260967e-05,1.673679383282621e-05,1.0042076299695725e-05,1.673679383282621e-05,6.694717533130483e-06,6.694717533130483e-06,6.694717533130483e-06,1.3389435066260967e-05,3.3473587665652417e-06,1.0042076299695725e-05,1.3389435066260967e-05,1.673679383282621e-05,3.3473587665652417e-06,0.0,3.3473587665652417e-06,0.0,0.0,0.0,0.0,1.0042076299695725e-05,3.3473587665652417e-06,3.3473587665652417e-06,1.0042076299695725e-05,3.3473587665652417e-06,3.3473587665652417e-06,0.0,0.0,0.0,0.0,0.0,0.0,3.3473587665652417e-06,0.0,0.0,0.0,0.0,0.0,0.0,0.0,0.0,0.0,0.0,0.0,0.0,0.0,0.0,0.0,0.0,0.0,0.0,0.0,0.0,0.0,0.0,0.0,0.0,0.0,0.0,0.0,0.0,0.0,0.0,0.0,0.0,0.0,0.0,0.0,0.0,0.0,0.0,0.0,0.0,0.0,0.0,0.0,0.0,0.0,0.0,0.0,0.0,0.0,0.0,0.0,0.0,0.0,0.0,0.0,0.0,0.0,3.3473587665652417e-06,0.0,3.3473587665652417e-06,0.0,0.0,0.0,0.0,0.0,0.0,3.3473587665652417e-06,0.0,0.0,0.0,3.3473587665652417e-06,3.3473587665652417e-06,0.0,0.0,3.3473587665652417e-06,0.0,0.0,3.3473587665652417e-06,0.0,0.0,0.0,0.0,0.0,3.3473587665652417e-06,0.0,0.0,0.0,0.0,0.0,6.694717533130483e-06,0.0,1.0042076299695725e-05,0.0,0.0,6.694717533130483e-06,0.0,0.0,0.0,3.3473587665652417e-06,1.0042076299695725e-05,0.0,3.3473587665652417e-06,3.3473587665652417e-06,0.0,0.0,6.694717533130483e-06,1.0042076299695725e-05,0.0,6.694717533130483e-06,1.3389435066260967e-05,3.3473587665652417e-06,6.694717533130483e-06,3.3473587665652417e-06,3.3473587665652417e-06,6.694717533130483e-06,6.694717533130483e-06,6.694717533130483e-06,1.0042076299695725e-05,0.0,3.3473587665652417e-06,0.0,1.673679383282621e-05,0.0,6.694717533130483e-06,0.0,3.3473587665652417e-06,0.0,1.673679383282621e-05,3.3473587665652417e-06,3.0126228899087174e-05,0.0,1.0042076299695725e-05,0.0,1.0042076299695725e-05,0.0,2.008415259939145e-05,3.3473587665652417e-06,6.694717533130483e-06,3.3473587665652417e-06,3.3473587665652417e-06,1.3389435066260967e-05,1.673679383282621e-05,2.008415259939145e-05,3.347358766565242e-05,2.3431511365956693e-05,1.3389435066260967e-05,1.3389435066260967e-05,1.673679383282621e-05,5.021038149847862e-05,2.6778870132521933e-05,3.682094643221766e-05,2.3431511365956693e-05,2.008415259939145e-05,2.008415259939145e-05,2.3431511365956693e-05,3.347358766565242e-05,0.0001037681217635225,2.6778870132521933e-05,2.008415259939145e-05,3.682094643221766e-05,2.008415259939145e-05,3.0126228899087174e-05,2.008415259939145e-05,2.008415259939145e-05,3.682094643221766e-05,7.364189286443532e-05,6.694717533130483e-06,3.347358766565242e-05,2.6778870132521933e-05,1.3389435066260967e-05,3.0126228899087174e-05,1.0042076299695725e-05,1.3389435066260967e-05,1.0042076299695725e-05,1.3389435066260967e-05,1.3389435066260967e-05,2.3431511365956693e-05,3.3473587665652417e-06,1.0042076299695725e-05,1.673679383282621e-05,6.694717533130483e-06,3.3473587665652417e-06,1.3389435066260967e-05,3.3473587665652417e-06,6.694717533130483e-06,0.0,6.694717533130483e-06,1.0042076299695725e-05,1.673679383282621e-05,3.3473587665652417e-06,6.694717533130483e-06,3.3473587665652417e-06,0.0,6.694717533130483e-06,3.3473587665652417e-06,0.0,6.694717533130483e-06,0.0,0.0,6.694717533130483e-06,0.0,6.694717533130483e-06,0.0,0.0,3.3473587665652417e-06,0.0,1.0042076299695725e-05,1.673679383282621e-05,1.0042076299695725e-05,1.673679383282621e-05,1.0042076299695725e-05,6.694717533130483e-06,1.0042076299695725e-05,3.682094643221766e-05,1.3389435066260967e-05,3.3473587665652417e-06,1.0042076299695725e-05,3.3473587665652417e-06,0.0,1.0042076299695725e-05,6.694717533130483e-06,1.673679383282621e-05,6.694717533130483e-06,6.694717533130483e-06,6.694717533130483e-06,6.694717533130483e-06,3.3473587665652417e-06,3.3473587665652417e-06,1.0042076299695725e-05,1.673679383282621e-05,1.673679383282621e-05,1.3389435066260967e-05,1.673679383282621e-05,2.3431511365956693e-05,2.6778870132521933e-05,2.6778870132521933e-05,3.347358766565242e-05,2.6778870132521933e-05,2.008415259939145e-05,1.673679383282621e-05,1.0042076299695725e-05,4.01683051987829e-05,3.347358766565242e-05,4.01683051987829e-05,2.3431511365956693e-05,3.0126228899087174e-05,4.01683051987829e-05,3.682094643221766e-05,5.3557740265043867e-05,3.682094643221766e-05,5.690509903160911e-05,2.6778870132521933e-05,5.690509903160911e-05,2.3431511365956693e-05,3.682094643221766e-05,4.01683051987829e-05,8.368396916413105e-05,6.35998165647396e-05,3.347358766565242e-05,4.01683051987829e-05,5.021038149847862e-05,3.682094643221766e-05,2.6778870132521933e-05,3.0126228899087174e-05,2.6778870132521933e-05,3.682094643221766e-05,2.3431511365956693e-05,3.347358766565242e-05,4.6863022731913386e-05,1.673679383282621e-05,2.6778870132521933e-05,3.0126228899087174e-05,3.347358766565242e-05,2.3431511365956693e-05,2.6778870132521933e-05,1.3389435066260967e-05,2.3431511365956693e-05,3.347358766565242e-05,3.0126228899087174e-05,1.0042076299695725e-05,2.3431511365956693e-05,2.3431511365956693e-05,1.673679383282621e-05,3.347358766565242e-05,4.351566396534814e-05,2.6778870132521933e-05,1.673679383282621e-05,5.021038149847862e-05,2.008415259939145e-05,1.673679383282621e-05,2.008415259939145e-05,2.3431511365956693e-05,2.008415259939145e-05,2.008415259939145e-05,3.0126228899087174e-05,2.008415259939145e-05,3.0126228899087174e-05,2.6778870132521933e-05,2.008415259939145e-05,1.3389435066260967e-05,3.0126228899087174e-05,1.0042076299695725e-05,1.3389435066260967e-05,3.682094643221766e-05,2.3431511365956693e-05,3.3473587665652417e-06,1.0042076299695725e-05,1.3389435066260967e-05,1.3389435066260967e-05,6.694717533130483e-06,6.694717533130483e-06,0.0,1.3389435066260967e-05,6.694717533130483e-06,6.694717533130483e-06,1.3389435066260967e-05,2.6778870132521933e-05,2.3431511365956693e-05,3.682094643221766e-05,1.673679383282621e-05,2.008415259939145e-05,6.694717533130483e-06,1.0042076299695725e-05,1.0042076299695725e-05
6.694717533130483e-06,6.694717533130483e-06,1.0042076299695725e-05,1.673679383282621e-05,6.694717533130483e-06,3.3473587665652417e-06,3.3473587665652417e-06,6.694717533130483e-06,0.0,1.0042076299695725e-05,6.694717533130483e-06,0.0,0.0,6.694717533130483e-06,6.694717533130483e-06,0.0,1.0042076299695725e-05,0.0,6.694717533130483e-06,3.3473587665652417e-06,0.0,0.0,3.3473587665652417e-06,0.0,6.694717533130483e-06,3.3473587665652417e-06,0.0,1.3389435066260967e-05,0.0,0.0,3.3473587665652417e-06,0.0,0.0,0.0,0.0,0.0,3.3473587665652417e-06,0.0,3.3473587665652417e-06,0.0,0.0,0.0,0.0,0.0,0.0,0.0,0.0,0.0,0.0,0.0,0.0,0.0,0.0,0.0,0.0,0.0,0.0,3.3473587665652417e-06,0.0,0.0,0.0,0.0,0.0,0.0,0.0,0.0,0.0,0.0,0.0,0.0,0.0,0.0,0.0,0.0,0.0,0.0,0.0,0.0,0.0,0.0,0.0,0.0,0.0,0.0,0.0,0.0,0.0,0.0,0.0,0.0,0.0,0.0,0.0,0.0,0.0,0.0,3.3473587665652417e-06,0.0,3.3473587665652417e-06,3.3473587665652417e-06,0.0,0.0,0.0,0.0,0.0,3.3473587665652417e-06,0.0,0.0,0.0,0.0,0.0,6.694717533130483e-06,6.694717533130483e-06,6.694717533130483e-06,0.0,0.0,3.3473587665652417e-06,0.0,3.3473587665652417e-06,0.0,0.0,0.0,0.0,0.0,3.3473587665652417e-06,0.0,0.0,0.0,0.0,1.0042076299695725e-05,0.0,0.0,0.0,3.3473587665652417e-06,0.0,3.3473587665652417e-06,3.3473587665652417e-06,1.0042076299695725e-05,3.3473587665652417e-06,0.0,0.0,6.694717533130483e-06,1.673679383282621e-05,1.3389435066260967e-05,3.3473587665652417e-06,3.3473587665652417e-06,3.3473587665652417e-06,3.3473587665652417e-06,1.0042076299695725e-05,0.0,1.0042076299695725e-05,1.0042076299695725e-05,6.694717533130483e-06,2.3431511365956693e-05,6.694717533130483e-06,1.0042076299695725e-05,6.694717533130483e-06,0.0,1.0042076299695725e-05,6.694717533130483e-06,6.694717533130483e-06,2.3431511365956693e-05,3.3473587665652417e-06,1.3389435066260967e-05,3.3473587665652417e-06,1.3389435066260967e-05,3.3473587665652417e-06,6.694717533130483e-06,1.673679383282621e-05,6.694717533130483e-06,6.694717533130483e-06,3.3473587665652417e-06,1.673679383282621e-05,1.0042076299695725e-05,1.3389435066260967e-05,1.0042076299695725e-05,3.3473587665652417e-06,1.0042076299695725e-05,2.008415259939145e-05,2.008415259939145e-05,2.008415259939145e-05,1.3389435066260967e-05,3.682094643221766e-05,2.6778870132521933e-05,2.3431511365956693e-05,1.3389435066260967e-05,1.3389435066260967e-05,2.3431511365956693e-05,3.0126228899087174e-05,2.6778870132521933e-05,2.6778870132521933e-05,1.673679383282621e-05,2.3431511365956693e-05,3.682094643221766e-05,2.6778870132521933e-05,1.3389435066260967e-05,4.351566396534814e-05,2.008415259939145e-05,4.6863022731913386e-05,2.3431511365956693e-05,3.347358766565242e-05,1.673679383282621e-05,4.01683051987829e-05,1.0042076299695725e-05,1.0042076299695725e-05,2.3431511365956693e-05,3.0126228899087174e-05,1.673679383282621e-05,2.3431511365956693e-05,2.6778870132521933e-05,2.008415259939145e-05,1.0042076299695725e-05,2.3431511365956693e-05,2.008415259939145e-05,1.3389435066260967e-05,1.0042076299695725e-05,1.0042076299695725e-05,1.3389435066260967e-05,3.3473587665652417e-06,3.0126228899087174e-05,2.008415259939145e-05,6.694717533130483e-06,1.3389435066260967e-05,6.694717533130483e-06,6.694717533130483e-06,0.0,3.3473587665652417e-06,6.694717533130483e-06,3.3473587665652417e-06,0.0,0.0,3.3473587665652417e-06,0.0,0.0,1.3389435066260967e-05,0.0,0.0,0.0,0.0,3.3473587665652417e-06,0.0,6.694717533130483e-06,6.694717533130483e-06,1.3389435066260967e-05,3.3473587665652417e-06,3.3473587665652417e-06,1.673679383282621e-05,1.0042076299695725e-05,6.694717533130483e-06,0.0,6.694717533130483e-06,6.694717533130483e-06,6.694717533130483e-06,3.3473587665652417e-06,3.3473587665652417e-06,1.3389435066260967e-05,6.694717533130483e-06,1.0042076299695725e-05,2.008415259939145e-05,2.008415259939145e-05,1.0042076299695725e-05,1.0042076299695725e-05,1.3389435066260967e-05,1.0042076299695725e-05,1.0042076299695725e-05,1.3389435066260967e-05,1.0042076299695725e-05,6.694717533130483e-06,3.0126228899087174e-05,1.3389435066260967e-05,1.3389435066260967e-05,2.008415259939145e-05,3.347358766565242e-05,1.673679383282621e-05,1.673679383282621e-05,2.008415259939145e-05,3.682094643221766e-05,2.6778870132521933e-05,3.682094643221766e-05,3.0126228899087174e-05,1.3389435066260967e-05,3.0126228899087174e-05,2.008415259939145e-05,2.3431511365956693e-05,4.6863022731913386e-05,3.0126228899087174e-05,4.351566396534814e-05,1.673679383282621e-05,3.0126228899087174e-05,4.01683051987829e-05,3.347358766565242e-05,1.3389435066260967e-05,2.008415259939145e-05,3.347358766565242e-05,4.01683051987829e-05,4.351566396534814e-05,3.682094643221766e-05,3.0126228899087174e-05,5.3557740265043867e-05,2.3431511365956693e-05,2.6778870132521933e-05,3.0126228899087174e-05,1.3389435066260967e-05,2.6778870132521933e-05,3.682094643221766e-05,3.0126228899087174e-05,2.3431511365956693e-05,1.673679383282621e-05,3.347358766565242e-05,2.3431511365956693e-05,3.347358766565242e-05,1.3389435066260967e-05,3.0126228899087174e-05,6.694717533130483e-06,3.0126228899087174e-05,2.008415259939145e-05,3.0126228899087174e-05,1.0042076299695725e-05,4.01683051987829e-05,2.6778870132521933e-05,6.694717533130483e-06,1.3389435066260967e-05,1.673679383282621e-05,2.6778870132521933e-05,2.008415259939145e-05,6.694717533130483e-06,1.3389435066260967e-05,1.3389435066260967e-05,2.6778870132521933e-05,1.673679383282621e-05,1.673679383282621e-05,2.008415259939145e-05,6.694717533130483e-06,2.008415259939145e-05,1.673679383282621e-05,4.351566396534814e-05,1.3389435066260967e-05,1.0042076299695725e-05,2.3431511365956693e-05,2.3431511365956693e-05,2.3431511365956693e-05,2.008415259939145e-05,6.694717533130483e-06,1.3389435066260967e-05,1.3389435066260967e-05,1.3389435066260967e-05,1.673679383282621e-05,1.0042076299695725e-05,2.3431511365956693e-05,1.3389435066260967e-05,1.3389435066260967e-05,1.0042076299695725e-05,2.008415259939145e-05,1.3389435066260967e-05,2.008415259939145e-05,1.3389435066260967e-05,2.008415259939145e-05,2.6778870132521933e-05,2.008415259939145e-05,6.694717533130483e-06
6.694717533130483e-06,6.694717533130483e-06,3.3473587665652417e-06,1.0042076299695725e-05,0.0,3.3473587665652417e-06,1.673679383282621e-05,6.694717533130483e-06,3.3473587665652417e-06,6.694717533130483e-06,3.3473587665652417e-06,1.0042076299695725e-05,3.3473587665652417e-06,0.0,1.0042076299695725e-05,6.694717533130483e-06,6.694717533130483e-06,6.694717533130483e-06,0.0,0.0,6.694717533130483e-06,3.3473587665652417e-06,3.3473587665652417e-06,0.0,1.0042076299695725e-05,6.694717533130483e-06,6.694717533130483e-06,0.0,0.0,3.3473587665652417e-06,0.0,0.0,0.0,0.0,0.0,0.0,0.0,6.694717533130483e-06,0.0,0.0,0.0,1.0042076299695725e-05,0.0,0.0,0.0,0.0,0.0,6.694717533130483e-06,0.0,0.0,0.0,0.0,0.0,0.0,0.0,3.3473587665652417e-06,0.0,0.0,3.3473587665652417e-06,0.0,0.0,0.0,0.0,0.0,0.0,3.3473587665652417e-06,0.0,0.0,0.0,0.0,0.0,0.0,0.0,0.0,0.0,0.0,0.0,0.0,0.0,0.0,0.0,0.0,0.0,0.0,0.0,0.0,0.0,0.0,0.0,0.0,0.0,0.0,0.0,0.0,0.0,0.0,3.3473587665652417e-06,0.0,3.3473587665652417e-06,0.0,0.0,0.0,0.0,0.0,3.3473587665652417e-06,0.0,0.0,3.3473587665652417e-06,3.3473587665652417e-06,0.0,0.0,0.0,0.0,0.0,0.0,0.0,0.0,0.0,0.0,0.0,0.0,3.3473587665652417e-06,1.3389435066260967e-05,0.0,0.0,0.0,0.0,0.0,0.0,0.0,0.0,3.3473587665652417e-06,6.694717533130483e-06,0.0,3.3473587665652417e-06,0.0,0.0,3.3473587665652417e-06,6.694717533130483e-06,6.694717533130483e-06,3.3473587665652417e-06,3.3473587665652417e-06,2.008415259939145e-05,6.694717533130483e-06,0.0,3.3473587665652417e-06,3.3473587665652417e-06,3.3473587665652417e-06,0.0,1.3389435066260967e-05,0.0,3.3473587665652417e-06,1.0042076299695725e-05,6.694717533130483e-06,1.0042076299695725e-05,6.694717533130483e-06,1.3389435066260967e-05,1.3389435066260967e-05,3.3473587665652417e-06,6.694717533130483e-06,0.0,1.0042076299695725e-05,1.0042076299695725e-05,1.0042076299695725e-05,0.0,3.3473587665652417e-06,3.3473587665652417e-06,3.3473587665652417e-06,1.0042076299695725e-05,1.3389435066260967e-05,3.3473587665652417e-06,3.3473587665652417e-06,3.3473587665652417e-06,6.694717533130483e-06,1.673679383282621e-05,6.694717533130483e-06,1.673679383282621e-05,3.347358766565242e-05,2.008415259939145e-05,1.3389435066260967e-05,3.682094643221766e-05,2.008415259939145e-05,4.01683051987829e-05,3.682094643221766e-05,4.01683051987829e-05,2.3431511365956693e-05,2.6778870132521933e-05,7.698925163100056e-05,5.021038149847862e-05,2.008415259939145e-05,2.6778870132521933e-05,3.347358766565242e-05,4.351566396534814e-05,2.6778870132521933e-05,2.008415259939145e-05,5.021038149847862e-05,2.6778870132521933e-05,2.3431511365956693e-05,2.6778870132521933e-05,5.690509903160911e-05,2.3431511365956693e-05,1.0042076299695725e-05,2.3431511365956693e-05,2.008415259939145e-05,3.682094643221766e-05,2.3431511365956693e-05,2.6778870132521933e-05,1.0042076299695725e-05,3.0126228899087174e-05,1.0042076299695725e-05,1.3389435066260967e-05,1.673679383282621e-05,1.0042076299695725e-05,3.3473587665652417e-06,1.673679383282621e-05,2.008415259939145e-05,1.673679383282621e-05,6.694717533130483e-06,6.694717533130483e-06,3.3473587665652417e-06,1.0042076299695725e-05,1.3389435066260967e-05,6.694717533130483e-06,6.694717533130483e-06,1.0042076299695725e-05,1.0042076299695725e-05,0.0,6.694717533130483e-06,0.0,3.3473587665652417e-06,0.0,2.008415259939145e-05,1.3389435066260967e-05,1.3389435066260967e-05,1.3389435066260967e-05,3.3473587665652417e-06,0.0,6.694717533130483e-06,0.0,0.0,3.3473587665652417e-06,6.694717533130483e-06,6.694717533130483e-06,0.0,1.0042076299695725e-05,0.0,0.0,3.3473587665652417e-06,6.694717533130483e-06,3.3473587665652417e-06,0.0,6.694717533130483e-06,1.0042076299695725e-05,6.694717533130483e-06,1.0042076299695725e-05,3.3473587665652417e-06,1.3389435066260967e-05,1.0042076299695725e-05,1.3389435066260967e-05,6.694717533130483e-06,6.694717533130483e-06,3.3473587665652417e-06,1.3389435066260967e-05,1.0042076299695725e-05,6.694717533130483e-06,1.0042076299695725e-05,1.0042076299695725e-05,6.694717533130483e-06,1.3389435066260967e-05,1.3389435066260967e-05,2.3431511365956693e-05,3.3473587665652417e-06,2.3431511365956693e-05,2.6778870132521933e-05,3.0126228899087174e-05,2.008415259939145e-05,2.008415259939145e-05,3.682094643221766e-05,5.3557740265043867e-05,3.0126228899087174e-05,2.3431511365956693e-05,3.347358766565242e-05,2.6778870132521933e-05,5.021038149847862e-05,7.029453409787007e-05,3.0126228899087174e-05,2.3431511365956693e-05,1.673679383282621e-05,4.6863022731913386e-05,4.01683051987829e-05,3.682094643221766e-05,3.682094643221766e-05,3.347358766565242e-05,4.6863022731913386e-05,1.673679383282621e-05,2.6778870132521933e-05,2.3431511365956693e-05,3.0126228899087174e-05,4.351566396534814e-05,4.01683051987829e-05,2.008415259939145e-05,3.0126228899087174e-05,8.03366103975658e-05,3.347358766565242e-05,4.351566396534814e-05,2.008415259939145e-05,2.6778870132521933e-05,3.682094643221766e-05,2.008415259939145e-05,2.008415259939145e-05,1.673679383282621e-05,2.6778870132521933e-05,1.0042076299695725e-05,2.6778870132521933e-05,2.008415259939145e-05,2.3431511365956693e-05,2.008415259939145e-05,1.3389435066260967e-05,4.351566396534814e-05,4.01683051987829e-05,2.3431511365956693e-05,6.694717533130483e-06,1.0042076299695725e-05,6.694717533130483e-06,2.008415259939145e-05,4.351566396534814e-05,2.008415259939145e-05,4.6863022731913386e-05,1.3389435066260967e-05,3.682094643221766e-05,1.3389435066260967e-05,2.6778870132521933e-05,1.3389435066260967e-05,3.347358766565242e-05,2.008415259939145e-05,2.008415259939145e-05,2.3431511365956693e-05,1.0042076299695725e-05,6.694717533130483e-06,1.673679383282621e-05,2.6778870132521933e-05,1.0042076299695725e-05,6.694717533130483e-06,6.694717533130483e-06,2.6778870132521933e-05,1.3389435066260967e-05,2.008415259939145e-05,1.3389435066260967e-05,3.3473587665652417e-06,3.0126228899087174e-05,2.3431511365956693e-05,1.0042076299695725e-05,1.0042076299695725e-05,6.694717533130483e-06,1.673679383282621e-05,1.673679383282621e-05,1.3389435066260967e-05,6.694717533130483e-06,1.3389435066260967e-05,2.008415259939145e-05
3.3473587665652417e-06,6.694717533130483e-06,1.673679383282621e-05,1.0042076299695725e-05,1.0042076299695725e-05,3.3473587665652417e-06,3.3473587665652417e-06,3.3473587665652417e-06,3.3473587665652417e-06,3.3473587665652417e-06,3.3473587665652417e-06,3.3473587665652417e-06,3.3473587665652417e-06,1.0042076299695725e-05,0.0,0.0,0.0,0.0,0.0,6.694717533130483e-06,3.3473587665652417e-06,3.3473587665652417e-06,0.0,0.0,3.3473587665652417e-06,3.3473587665652417e-06,6.694717533130483e-06,6.694717533130483e-06,0.0,0.0,3.3473587665652417e-06,0.0,0.0,0.0,0.0,3.3473587665652417e-06,6.694717533130483e-06,0.0,0.0,0.0,0.0,3.3473587665652417e-06,3.3473587665652417e-06,0.0,0.0,0.0,0.0,0.0,0.0,0.0,0.0,0.0,0.0,0.0,0.0,0.0,0.0,3.3473587665652417e-06,0.0,0.0,0.0,0.0,0.0,0.0,0.0,0.0,0.0,0.0,0.0,0.0,0.0,0.0,0.0,0.0,0.0,0.0,0.0,0.0,0.0,0.0,0.0,3.3473587665652417e-06,0.0,0.0,0.0,0.0,0.0,0.0,0.0,0.0,0.0,0.0,0.0,0.0,0.0,0.0,0.0,3.3473587665652417e-06,3.3473587665652417e-06,0.0,0.0,0.0,0.0,0.0,3.3473587665652417e-06,0.0,0.0,0.0,0.0,0.0,0.0,0.0,3.3473587665652417e-06,0.0,0.0,0.0,0.0,0.0,0.0,3.3473587665652417e-06,0.0,0.0,0.0,0.0,3.3473587665652417e-06,0.0,6.694717533130483e-06,0.0,0.0,3.3473587665652417e-06,0.0,0.0,0.0,3.3473587665652417e-06,0.0,3.3473587665652417e-06,3.3473587665652417e-06,0.0,0.0,3.3473587665652417e-06,3.3473587665652417e-06,1.0042076299695725e-05,6.694717533130483e-06,0.0,1.0042076299695725e-05,0.0,6.694717533130483e-06,6.694717533130483e-06,1.3389435066260967e-05,3.3473587665652417e-06,1.3389435066260967e-05,1.0042076299695725e-05,6.694717533130483e-06,1.3389435066260967e-05,6.694717533130483e-06,3.3473587665652417e-06,1.673679383282621e-05,6.694717533130483e-06,3.3473587665652417e-06,6.694717533130483e-06,3.3473587665652417e-06,1.0042076299695725e-05,1.0042076299695725e-05,6.694717533130483e-06,6.694717533130483e-06,3.3473587665652417e-06,3.3473587665652417e-06,6.694717533130483e-06,6.694717533130483e-06,6.694717533130483e-06,3.3473587665652417e-06,1.0042076299695725e-05,1.0042076299695725e-05,1.673679383282621e-05,1.3389435066260967e-05,8.703132793069628e-05,1.3389435066260967e-05,2.6778870132521933e-05,3.347358766565242e-05,3.347358766565242e-05,3.0126228899087174e-05,2.3431511365956693e-05,3.0126228899087174e-05,2.008415259939145e-05,1.673679383282621e-05,6.025245779817435e-05,4.351566396534814e-05,3.347358766565242e-05,3.0126228899087174e-05,2.3431511365956693e-05,1.3389435066260967e-05,4.01683051987829e-05,3.682094643221766e-05,6.025245779817435e-05,4.01683051987829e-05,2.008415259939145e-05,3.0126228899087174e-05,3.0126228899087174e-05,3.0126228899087174e-05,4.6863022731913386e-05,2.6778870132521933e-05,2.6778870132521933e-05,3.347358766565242e-05,3.682094643221766e-05,1.0042076299695725e-05,2.3431511365956693e-05,2.008415259939145e-05,1.3389435066260967e-05,2.3431511365956693e-05,3.347358766565242e-05,2.6778870132521933e-05,2.6778870132521933e-05,2.3431511365956693e-05,0.0,1.0042076299695725e-05,1.3389435066260967e-05,3.3473587665652417e-06,1.3389435066260967e-05,1.0042076299695725e-05,1.673679383282621e-05,3.682094643221766e-05,3.3473587665652417e-06,6.694717533130483e-06,1.3389435066260967e-05,6.694717533130483e-06,0.0,3.3473587665652417e-06,6.694717533130483e-06,6.694717533130483e-06,6.694717533130483e-06,6.694717533130483e-06,3.3473587665652417e-06,0.0,0.0,3.3473587665652417e-06,0.0,3.3473587665652417e-06,0.0,6.694717533130483e-06,0.0,0.0,0.0,1.673679383282621e-05,6.694717533130483e-06,1.0042076299695725e-05,3.3473587665652417e-06,0.0,1.673679383282621e-05,3.3473587665652417e-06,0.0,6.694717533130483e-06,6.694717533130483e-06,6.694717533130483e-06,0.0,3.3473587665652417e-06,3.3473587665652417e-06,3.3473587665652417e-06,0.0,1.3389435066260967e-05,3.3473587665652417e-06,0.0,1.673679383282621e-05,1.0042076299695725e-05,1.3389435066260967e-05,1.0042076299695725e-05,2.6778870132521933e-05,1.0042076299695725e-05,6.694717533130483e-06,6.694717533130483e-06,6.694717533130483e-06,1.0042076299695725e-05,2.3431511365956693e-05,1.0042076299695725e-05,6.694717533130483e-06,2.3431511365956693e-05,2.008415259939145e-05,1.673679383282621e-05,4.6863022731913386e-05,3.682094643221766e-05,6.694717533130483e-05,4.6863022731913386e-05,3.347358766565242e-05,5.3557740265043867e-05,3.682094643221766e-05,5.690509903160911e-05,5.3557740265043867e-05,6.694717533130483e-05,6.025245779817435e-05,2.6778870132521933e-05,1.673679383282621e-05,5.3557740265043867e-05,2.008415259939145e-05,1.3389435066260967e-05,3.682094643221766e-05,2.008415259939145e-05,2.3431511365956693e-05,1.673679383282621e-05,4.351566396534814e-05,6.694717533130483e-06,5.021038149847862e-05,5.021038149847862e-05,4.01683051987829e-05,4.351566396534814e-05,3.0126228899087174e-05,3.0126228899087174e-05,3.682094643221766e-05,3.0126228899087174e-05,1.3389435066260967e-05,2.6778870132521933e-05,1.3389435066260967e-05,2.6778870132521933e-05,1.3389435066260967e-05,4.01683051987829e-05,2.008415259939145e-05,1.3389435066260967e-05,3.682094643221766e-05,2.008415259939145e-05,1.3389435066260967e-05,2.008415259939145e-05,2.3431511365956693e-05,2.3431511365956693e-05,3.347358766565242e-05,2.008415259939145e-05,3.347358766565242e-05,3.0126228899087174e-05,2.008415259939145e-05,1.673679383282621e-05,2.008415259939145e-05,2.3431511365956693e-05,1.673679383282621e-05,2.6778870132521933e-05,2.008415259939145e-05,2.6778870132521933e-05,1.3389435066260967e-05,3.682094643221766e-05,2.3431511365956693e-05,1.0042076299695725e-05,1.3389435066260967e-05,2.008415259939145e-05,6.694717533130483e-06,2.6778870132521933e-05,3.0126228899087174e-05,2.008415259939145e-05,1.3389435066260967e-05,2.3431511365956693e-05,2.008415259939145e-05,6.694717533130483e-06,2.6778870132521933e-05,2.008415259939145e-05,1.673679383282621e-05,2.008415259939145e-05,3.3473587665652417e-06,2.6778870132521933e-05,1.673679383282621e-05,2.3431511365956693e-05,1.0042076299695725e-05,6.694717533130483e-06,6.694717533130483e-06,6.694717533130483e-06,1.3389435066260967e-05
3.3473587665652417e-06,6.694717533130483e-06,6.694717533130483e-06,1.3389435066260967e-05,1.0042076299695725e-05,6.694717533130483e-06,6.694717533130483e-06,1.0042076299695725e-05,3.3473587665652417e-06,3.3473587665652417e-06,0.0,6.694717533130483e-06,3.3473587665652417e-06,0.0,0.0,1.0042076299695725e-05,6.694717533130483e-06,3.3473587665652417e-06,0.0,6.694717533130483e-06,0.0,0.0,0.0,0.0,6.694717533130483e-06,0.0,3.3473587665652417e-06,3.3473587665652417e-06,0.0,0.0,0.0,0.0,0.0,0.0,0.0,3.3473587665652417e-06,0.0,0.0,0.0,0.0,6.694717533130483e-06,0.0,0.0,0.0,0.0,0.0,0.0,3.3473587665652417e-06,0.0,0.0,0.0,0.0,0.0,0.0,0.0,0.0,0.0,0.0,3.3473587665652417e-06,0.0,0.0,0.0,0.0,0.0,0.0,0.0,0.0,0.0,0.0,0.0,0.0,0.0,0.0,0.0,0.0,0.0,0.0,0.0,0.0,0.0,0.0,0.0,0.0,0.0,0.0,0.0,0.0,0.0,0.0,0.0,0.0,3.3473587665652417e-06,0.0,0.0,3.3473587665652417e-06,0.0,3.3473587665652417e-06,0.0,0.0,0.0,0.0,0.0,0.0,0.0,0.0,3.3473587665652417e-06,0.0,0.0,0.0,0.0,0.0,0.0,0.0,6.694717533130483e-06,0.0,3.3473587665652417e-06,3.3473587665652417e-06,0.0,0.0,0.0,0.0,3.3473587665652417e-06,0.0,3.3473587665652417e-06,3.3473587665652417e-06,0.0,0.0,6.694717533130483e-06,3.3473587665652417e-06,0.0,3.3473587665652417e-06,0.0,3.3473587665652417e-06,6.694717533130483e-06,3.3473587665652417e-06,0.0,1.3389435066260967e-05,0.0,1.3389435066260967e-05,3.3473587665652417e-06,3.3473587665652417e-06,0.0,3.3473587665652417e-06,0.0,1.0042076299695725e-05,3.3473587665652417e-06,1.0042076299695725e-05,6.694717533130483e-06,3.3473587665652417e-06,3.3473587665652417e-06,1.0042076299695725e-05,6.694717533130483e-06,1.0042076299695725e-05,3.3473587665652417e-06,0.0,0.0,1.3389435066260967e-05,3.3473587665652417e-06,3.3473587665652417e-06,1.3389435066260967e-05,1.3389435066260967e-05,3.3473587665652417e-06,0.0,3.3473587665652417e-06,1.3389435066260967e-05,3.3473587665652417e-06,1.3389435066260967e-05,2.3431511365956693e-05,1.673679383282621e-05,1.0042076299695725e-05,6.694717533130483e-06,3.3473587665652417e-06,2.6778870132521933e-05,3.0126228899087174e-05,2.3431511365956693e-05,1.673679383282621e-05,3.347358766565242e-05,3.0126228899087174e-05,1.3389435066260967e-05,1.3389435066260967e-05,4.01683051987829e-05,1.0042076299695725e-05,2.008415259939145e-05,2.3431511365956693e-05,3.347358766565242e-05,3.682094643221766e-05,4.351566396534814e-05,1.0042076299695725e-05,2.6778870132521933e-05,4.01683051987829e-05,3.0126228899087174e-05,2.3431511365956693e-05,3.347358766565242e-05,5.021038149847862e-05,5.3557740265043867e-05,4.6863022731913386e-05,5.3557740265043867e-05,3.682094643221766e-05,4.6863022731913386e-05,2.6778870132521933e-05,4.351566396534814e-05,1.3389435066260967e-05,2.6778870132521933e-05,1.3389435066260967e-05,2.3431511365956693e-05,4.6863022731913386e-05,4.351566396534814e-05,3.0126228899087174e-05,2.3431511365956693e-05,4.01683051987829e-05,1.673679383282621e-05,1.3389435066260967e-05,4.01683051987829e-05,2.3431511365956693e-05,2.008415259939145e-05,1.3389435066260967e-05,3.3473587665652417e-06,1.3389435066260967e-05,6.694717533130483e-06,1.0042076299695725e-05,6.694717533130483e-06,3.3473587665652417e-06,6.694717533130483e-06,3.3473587665652417e-06,0.0,3.3473587665652417e-06,0.0,3.3473587665652417e-06,1.3389435066260967e-05,3.3473587665652417e-06,3.3473587665652417e-06,3.3473587665652417e-06,3.3473587665652417e-06,0.0,0.0,0.0,6.694717533130483e-06,6.694717533130483e-06,3.3473587665652417e-06,0.0,3.3473587665652417e-06,6.694717533130483e-06,6.694717533130483e-06,3.3473587665652417e-06,0.0,6.694717533130483e-06,1.673679383282621e-05,1.0042076299695725e-05,0.0,6.694717533130483e-06,1.3389435066260967e-05,3.3473587665652417e-06,0.0,6.694717533130483e-06,0.0,1.673679383282621e-05,3.3473587665652417e-06,6.694717533130483e-06,1.0042076299695725e-05,1.3389435066260967e-05,6.694717533130483e-06,6.694717533130483e-06,2.008415259939145e-05,1.3389435066260967e-05,6.694717533130483e-06,3.3473587665652417e-06,1.673679383282621e-05,6.694717533130483e-06,1.3389435066260967e-05,1.3389435066260967e-05,2.6778870132521933e-05,1.3389435066260967e-05,2.008415259939145e-05,1.3389435066260967e-05,3.347358766565242e-05,1.673679383282621e-05,3.0126228899087174e-05,2.008415259939145e-05,4.351566396534814e-05,2.008415259939145e-05,3.347358766565242e-05,2.008415259939145e-05,4.01683051987829e-05,6.025245779817435e-05,4.351566396534814e-05,1.673679383282621e-05,0.00010711548053008773,6.025245779817435e-05,4.6863022731913386e-05,3.682094643221766e-05,5.3557740265043867e-05,7.029453409787007e-05,3.682094643221766e-05,1.673679383282621e-05,4.01683051987829e-05,3.347358766565242e-05,1.673679383282621e-05,3.682094643221766e-05,3.682094643221766e-05,3.347358766565242e-05,3.347358766565242e-05,4.01683051987829e-05,3.0126228899087174e-05,7.698925163100056e-05,2.008415259939145e-05,4.01683051987829e-05,2.008415259939145e-05,3.347358766565242e-05,2.008415259939145e-05,3.347358766565242e-05,3.347358766565242e-05,3.0126228899087174e-05,2.3431511365956693e-05,1.3389435066260967e-05,3.682094643221766e-05,8.03366103975658e-05,6.025245779817435e-05,3.347358766565242e-05,3.347358766565242e-05,4.6863022731913386e-05,4.6863022731913386e-05,2.6778870132521933e-05,1.673679383282621e-05,6.694717533130483e-06,2.008415259939145e-05,3.347358766565242e-05,4.01683051987829e-05,2.008415259939145e-05,2.3431511365956693e-05,1.673679383282621e-05,2.008415259939145e-05,3.0126228899087174e-05,1.0042076299695725e-05,2.3431511365956693e-05,2.3431511365956693e-05,3.682094643221766e-05,1.3389435066260967e-05,2.008415259939145e-05,1.3389435066260967e-05,2.008415259939145e-05,2.008415259939145e-05,1.3389435066260967e-05,2.3431511365956693e-05,6.694717533130483e-06,1.3389435066260967e-05,2.008415259939145e-05,1.0042076299695725e-05,1.673679383282621e-05,2.3431511365956693e-05,2.008415259939145e-05,6.694717533130483e-06,1.0042076299695725e-05,1.3389435066260967e-05,1.0042076299695725e-05,1.0042076299695725e-05,1.0042076299695725e-05,1.0042076299695725e-05,6.694717533130483e-06,1.3389435066260967e-05,1.673679383282621e-05
1.0042076299695725e-05,6.694717533130483e-06,1.3389435066260967e-05,6.694717533130483e-06,6.694717533130483e-06,1.673679383282621e-05,1.673679383282621e-05,3.3473587665652417e-06,6.694717533130483e-06,0.0,1.0042076299695725e-05,0.0,1.0042076299695725e-05,3.3473587665652417e-06,3.3473587665652417e-06,3.3473587665652417e-06,0.0,3.3473587665652417e-06,3.3473587665652417e-06,3.3473587665652417e-06,0.0,6.694717533130483e-06,0.0,0.0,0.0,1.3389435066260967e-05,0.0,0.0,6.694717533130483e-06,0.0,0.0,3.3473587665652417e-06,0.0,0.0,0.0,0.0,0.0,0.0,0.0,0.0,0.0,0.0,0.0,0.0,0.0,0.0,0.0,0.0,3.3473587665652417e-06,0.0,0.0,0.0,0.0,0.0,0.0,0.0,0.0,0.0,0.0,0.0,0.0,0.0,0.0,0.0,0.0,0.0,0.0,0.0,6.694717533130483e-06,0.0,0.0,0.0,0.0,0.0,0.0,0.0,0.0,0.0,0.0,0.0,0.0,3.3473587665652417e-06,3.3473587665652417e-06,0.0,0.0,0.0,3.3473587665652417e-06,0.0,0.0,0.0,0.0,0.0,0.0,6.694717533130483e-06,0.0,3.3473587665652417e-06,0.0,0.0,0.0,3.3473587665652417e-06,3.3473587665652417e-06,0.0,0.0,6.694717533130483e-06,0.0,0.0,0.0,0.0,0.0,3.3473587665652417e-06,3.3473587665652417e-06,3.3473587665652417e-06,0.0,0.0,3.3473587665652417e-06,6.694717533130483e-06,3.3473587665652417e-06,0.0,3.3473587665652417e-06,0.0,3.3473587665652417e-06,0.0,0.0,0.0,3.3473587665652417e-06,3.3473587665652417e-06,0.0,0.0,0.0,0.0,0.0,0.0,0.0,6.694717533130483e-06,0.0,0.0,3.3473587665652417e-06,3.3473587665652417e-06,3.3473587665652417e-06,1.0042076299695725e-05,6.694717533130483e-06,3.3473587665652417e-06,6.694717533130483e-06,3.3473587665652417e-06,3.3473587665652417e-06,3.3473587665652417e-06,6.694717533130483e-06,0.0,6.694717533130483e-06,3.3473587665652417e-06,3.3473587665652417e-06,3.3473587665652417e-06,3.3473587665652417e-06,3.3473587665652417e-06,1.3389435066260967e-05,2.3431511365956693e-05,6.694717533130483e-06,6.694717533130483e-06,0.0,3.3473587665652417e-06,3.3473587665652417e-06,6.694717533130483e-06,1.673679383282621e-05,0.0,1.0042076299695725e-05,1.3389435066260967e-05,0.0,1.3389435066260967e-05,3.3473587665652417e-06,3.3473587665652417e-06,3.3473587665652417e-06,6.694717533130483e-06,2.3431511365956693e-05,2.6778870132521933e-05,2.3431511365956693e-05,1.3389435066260967e-05,1.673679383282621e-05,2.6778870132521933e-05,1.673679383282621e-05,2.3431511365956693e-05,1.673679383282621e-05,1.3389435066260967e-05,3.347358766565242e-05,5.3557740265043867e-05,7.698925163100056e-05,4.351566396534814e-05,4.351566396534814e-05,3.347358766565242e-05,3.682094643221766e-05,5.690509903160911e-05,2.008415259939145e-05,3.682094643221766e-05,2.3431511365956693e-05,4.6863022731913386e-05,4.6863022731913386e-05,4.351566396534814e-05,3.347358766565242e-05,4.351566396534814e-05,3.347358766565242e-05,2.6778870132521933e-05,8.368396916413105e-05,6.35998165647396e-05,2.008415259939145e-05,2.008415259939145e-05,3.682094643221766e-05,2.008415259939145e-05,3.0126228899087174e-05,2.6778870132521933e-05,4.6863022731913386e-05,2.3431511365956693e-05,1.0042076299695725e-05,1.3389435066260967e-05,4.01683051987829e-05,2.6778870132521933e-05,2.3431511365956693e-05,3.0126228899087174e-05,1.673679383282621e-05,1.3389435066260967e-05,1.0042076299695725e-05,2.008415259939145e-05,2.3431511365956693e-05,6.694717533130483e-06,1.3389435066260967e-05,6.694717533130483e-06,1.0042076299695725e-05,1.673679383282621e-05,1.0042076299695725e-05,3.3473587665652417e-06,3.3473587665652417e-06,6.694717533130483e-06,3.3473587665652417e-06,0.0,6.694717533130483e-06,0.0,3.3473587665652417e-06,3.3473587665652417e-06,0.0,0.0,0.0,3.3473587665652417e-06,3.3473587665652417e-06,0.0,6.694717533130483e-06,0.0,3.3473587665652417e-06,0.0,3.3473587665652417e-06,1.0042076299695725e-05,3.3473587665652417e-06,0.0,6.694717533130483e-06,0.0,0.0,3.3473587665652417e-06,3.3473587665652417e-06,3.3473587665652417e-06,0.0,1.673679383282621e-05,1.3389435066260967e-05,1.0042076299695725e-05,1.3389435066260967e-05,6.694717533130483e-06,1.0042076299695725e-05,3.3473587665652417e-06,1.0042076299695725e-05,1.0042076299695725e-05,3.3473587665652417e-06,1.0042076299695725e-05,2.3431511365956693e-05,1.673679383282621e-05,1.3389435066260967e-05,3.682094643221766e-05,2.6778870132521933e-05,3.347358766565242e-05,3.347358766565242e-05,6.35998165647396e-05,3.682094643221766e-05,1.673679383282621e-05,3.682094643221766e-05,3.682094643221766e-05,4.01683051987829e-05,4.351566396534814e-05,4.351566396534814e-05,7.698925163100056e-05,3.0126228899087174e-05,0.0001037681217635225,4.01683051987829e-05,4.351566396534814e-05,7.698925163100056e-05,4.351566396534814e-05,3.682094643221766e-05,6.025245779817435e-05,3.0126228899087174e-05,4.6863022731913386e-05,3.0126228899087174e-05,3.682094643221766e-05,5.021038149847862e-05,3.347358766565242e-05,4.6863022731913386e-05,2.008415259939145e-05,3.0126228899087174e-05,3.682094643221766e-05,2.008415259939145e-05,5.3557740265043867e-05,5.3557740265043867e-05,3.347358766565242e-05,4.01683051987829e-05,2.6778870132521933e-05,3.347358766565242e-05,2.008415259939145e-05,3.0126228899087174e-05,2.3431511365956693e-05,2.6778870132521933e-05,2.6778870132521933e-05,1.0042076299695725e-05,2.6778870132521933e-05,1.673679383282621e-05,3.0126228899087174e-05,3.682094643221766e-05,2.008415259939145e-05,1.673679383282621e-05,2.6778870132521933e-05,1.3389435066260967e-05,4.351566396534814e-05,2.3431511365956693e-05,2.6778870132521933e-05,2.008415259939145e-05,1.0042076299695725e-05,1.673679383282621e-05,1.0042076299695725e-05,1.3389435066260967e-05,3.347358766565242e-05,6.694717533130483e-06,2.3431511365956693e-05,2.008415259939145e-05,2.3431511365956693e-05,0.0,2.3431511365956693e-05,3.3473587665652417e-06,2.008415259939145e-05,2.008415259939145e-05,1.0042076299695725e-05,2.3431511365956693e-05,1.3389435066260967e-05,1.673679383282621e-05,2.3431511365956693e-05,2.008415259939145e-05,1.3389435066260967e-05,3.0126228899087174e-05,3.0126228899087174e-05,1.3389435066260967e-05,1.0042076299695725e-05,1.0042076299695725e-05,6.694717533130483e-06,2.008415259939145e-05,1.0042076299695725e-05,3.3473587665652417e-06,1.3389435066260967e-05,1.673679383282621e-05,6.694717533130483e-06
6.694717533130483e-06,1.3389435066260967e-05,0.0,1.3389435066260967e-05,3.3473587665652417e-06,1.3389435066260967e-05,3.3473587665652417e-06,1.0042076299695725e-05,1.3389435066260967e-05,1.3389435066260967e-05,1.0042076299695725e-05,3.3473587665652417e-06,6.694717533130483e-06,3.3473587665652417e-06,0.0,3.3473587665652417e-06,3.3473587665652417e-06,3.3473587665652417e-06,3.3473587665652417e-06,0.0,6.694717533130483e-06,0.0,3.3473587665652417e-06,0.0,0.0,0.0,3.3473587665652417e-06,6.694717533130483e-06,3.3473587665652417e-06,0.0,0.0,0.0,0.0,0.0,0.0,0.0,0.0,0.0,0.0,0.0,6.694717533130483e-06,0.0,0.0,0.0,3.3473587665652417e-06,0.0,0.0,0.0,0.0,0.0,0.0,0.0,0.0,0.0,0.0,0.0,0.0,0.0,0.0,0.0,0.0,0.0,0.0,0.0,0.0,3.3473587665652417e-06,0.0,3.3473587665652417e-06,0.0,0.0,0.0,0.0,0.0,0.0,0.0,0.0,0.0,0.0,0.0,0.0,0.0,0.0,0.0,3.3473587665652417e-06,0.0,0.0,0.0,0.0,0.0,0.0,0.0,0.0,0.0,0.0,0.0,1.0042076299695725e-05,3.3473587665652417e-06,3.3473587665652417e-06,0.0,0.0,0.0,3.3473587665652417e-06,0.0,0.0,0.0,0.0,3.3473587665652417e-06,0.0,3.3473587665652417e-06,0.0,0.0,6.694717533130483e-06,0.0,0.0,6.694717533130483e-06,1.0042076299695725e-05,0.0,0.0,1.3389435066260967e-05,0.0,0.0,0.0,3.3473587665652417e-06,0.0,0.0,0.0,6.694717533130483e-06,6.694717533130483e-06,3.3473587665652417e-06,3.3473587665652417e-06,0.0,1.0042076299695725e-05,3.3473587665652417e-06,3.3473587665652417e-06,1.0042076299695725e-05,0.0,0.0,3.3473587665652417e-06,3.0126228899087174e-05,3.3473587665652417e-06,0.0,1.0042076299695725e-05,3.3473587665652417e-06,6.694717533130483e-06,3.3473587665652417e-06,6.694717533130483e-06,3.3473587665652417e-06,1.3389435066260967e-05,3.3473587665652417e-06,3.3473587665652417e-06,6.694717533130483e-06,3.3473587665652417e-06,1.0042076299695725e-05,2.008415259939145e-05,3.3473587665652417e-06,1.0042076299695725e-05,3.3473587665652417e-06,1.0042076299695725e-05,2.008415259939145e-05,2.008415259939145e-05,3.3473587665652417e-06,1.0042076299695725e-05,3.3473587665652417e-06,1.0042076299695725e-05,6.694717533130483e-06,3.3473587665652417e-06,2.008415259939145e-05,1.3389435066260967e-05,3.3473587665652417e-06,6.694717533130483e-06,6.694717533130483e-06,2.008415259939145e-05,1.673679383282621e-05,2.008415259939145e-05,1.0042076299695725e-05,2.6778870132521933e-05,1.3389435066260967e-05,2.008415259939145e-05,3.0126228899087174e-05,1.3389435066260967e-05,3.0126228899087174e-05,4.01683051987829e-05,3.0126228899087174e-05,4.351566396534814e-05,2.6778870132521933e-05,5.021038149847862e-05,6.694717533130483e-05,4.351566396534814e-05,4.01683051987829e-05,4.01683051987829e-05,2.6778870132521933e-05,3.347358766565242e-05,2.6778870132521933e-05,3.682094643221766e-05,5.3557740265043867e-05,4.01683051987829e-05,5.021038149847862e-05,3.0126228899087174e-05,4.01683051987829e-05,3.682094643221766e-05,3.0126228899087174e-05,3.0126228899087174e-05,3.0126228899087174e-05,6.694717533130483e-06,3.682094643221766e-05,2.3431511365956693e-05,2.6778870132521933e-05,2.6778870132521933e-05,5.021038149847862e-05,4.351566396534814e-05,2.008415259939145e-05,6.694717533130483e-06,2.6778870132521933e-05,2.3431511365956693e-05,1.0042076299695725e-05,3.347358766565242e-05,1.673679383282621e-05,1.0042076299695725e-05,3.3473587665652417e-06,1.673679383282621e-05,0.0,3.3473587665652417e-06,1.0042076299695725e-05,6.694717533130483e-06,1.0042076299695725e-05,1.3389435066260967e-05,1.3389435066260967e-05,0.0,6.694717533130483e-06,0.0,3.3473587665652417e-06,6.694717533130483e-06,6.694717533130483e-06,1.0042076299695725e-05,0.0,3.3473587665652417e-06,0.0,0.0,3.3473587665652417e-06,0.0,6.694717533130483e-06,0.0,3.3473587665652417e-06,0.0,3.3473587665652417e-06,6.694717533130483e-06,1.0042076299695725e-05,3.3473587665652417e-06,6.694717533130483e-06,0.0,3.3473587665652417e-06,8.368396916413105e-05,6.694717533130483e-06,6.694717533130483e-06,3.3473587665652417e-06,3.3473587665652417e-06,0.0,6.694717533130483e-06,6.694717533130483e-06,6.694717533130483e-06,6.694717533130483e-06,1.673679383282621e-05,1.3389435066260967e-05,1.0042076299695725e-05,6.694717533130483e-06,1.3389435066260967e-05,1.673679383282621e-05,1.3389435066260967e-05,1.3389435066260967e-05,6.694717533130483e-06,2.6778870132521933e-05,6.694717533130483e-06,1.3389435066260967e-05,3.0126228899087174e-05,2.3431511365956693e-05,1.3389435066260967e-05,3.0126228899087174e-05,3.0126228899087174e-05,3.347358766565242e-05,4.01683051987829e-05,1.673679383282621e-05,3.682094643221766e-05,0.00011715755682978346,4.6863022731913386e-05,4.01683051987829e-05,4.6863022731913386e-05,5.690509903160911e-05,7.029453409787007e-05,4.01683051987829e-05,3.682094643221766e-05,4.351566396534814e-05,3.347358766565242e-05,3.0126228899087174e-05,6.35998165647396e-05,5.3557740265043867e-05,5.021038149847862e-05,5.021038149847862e-05,5.021038149847862e-05,3.0126228899087174e-05,3.0126228899087174e-05,4.6863022731913386e-05,2.6778870132521933e-05,3.682094643221766e-05,1.673679383282621e-05,1.0042076299695725e-05,4.01683051987829e-05,2.3431511365956693e-05,1.3389435066260967e-05,2.3431511365956693e-05,1.3389435066260967e-05,2.3431511365956693e-05,2.008415259939145e-05,1.673679383282621e-05,3.0126228899087174e-05,1.3389435066260967e-05,3.347358766565242e-05,1.673679383282621e-05,1.3389435066260967e-05,2.008415259939145e-05,3.0126228899087174e-05,2.6778870132521933e-05,2.008415259939145e-05,6.694717533130483e-06,2.008415259939145e-05,4.01683051987829e-05,2.6778870132521933e-05,2.3431511365956693e-05,3.682094643221766e-05,3.3473587665652417e-06,2.6778870132521933e-05,5.3557740265043867e-05,2.6778870132521933e-05,3.347358766565242e-05,1.673679383282621e-05,1.673679383282621e-05,1.673679383282621e-05,6.694717533130483e-06,1.673679383282621e-05,6.694717533130483e-06,1.673679383282621e-05,2.008415259939145e-05,1.673679383282621e-05,1.673679383282621e-05,1.673679383282621e-05,2.008415259939145e-05,2.008415259939145e-05,1.673679383282621e-05,2.6778870132521933e-05,1.673679383282621e-05,1.3389435066260967e-05,3.3473587665652417e-06,6.35998165647396e-05,1.0042076299695725e-05,6.694717533130483e-06,2.008415259939145e-05,1.3389435066260967e-05,2.3431511365956693e-05,2.6778870132521933e-05,1.3389435066260967e-05,1.3389435066260967e-05
1.0042076299695725e-05,6.694717533130483e-06,3.3473587665652417e-06,1.0042076299695725e-05,1.0042076299695725e-05,3.347358766565242e-05,3.3473587665652417e-06,1.0042076299695725e-05,6.694717533130483e-06,3.3473587665652417e-06,3.3473587665652417e-06,0.0,3.3473587665652417e-06,3.3473587665652417e-06,3.3473587665652417e-06,6.694717533130483e-06,3.3473587665652417e-06,0.0,3.3473587665652417e-06,0.0,3.3473587665652417e-06,3.3473587665652417e-06,0.0,3.3473587665652417e-06,1.3389435066260967e-05,1.673679383282621e-05,0.0,3.3473587665652417e-06,6.694717533130483e-06,0.0,0.0,0.0,0.0,0.0,0.0,0.0,0.0,0.0,0.0,0.0,0.0,0.0,0.0,0.0,0.0,0.0,0.0,0.0,3.3473587665652417e-06,0.0,0.0,0.0,0.0,0.0,0.0,0.0,0.0,0.0,0.0,0.0,0.0,0.0,3.3473587665652417e-06,0.0,0.0,0.0,0.0,3.3473587665652417e-06,0.0,0.0,3.3473587665652417e-06,0.0,0.0,0.0,0.0,0.0,0.0,0.0,0.0,0.0,0.0,0.0,0.0,0.0,0.0,3.3473587665652417e-06,0.0,0.0,0.0,0.0,0.0,0.0,0.0,0.0,1.0042076299695725e-05,6.694717533130483e-06,3.3473587665652417e-06,0.0,0.0,0.0,0.0,0.0,0.0,3.3473587665652417e-06,0.0,0.0,0.0,3.3473587665652417e-06,6.694717533130483e-06,0.0,0.0,0.0,3.3473587665652417e-06,0.0,6.694717533130483e-06,0.0,3.3473587665652417e-06,3.3473587665652417e-06,3.3473587665652417e-06,0.0,0.0,3.3473587665652417e-06,6.694717533130483e-06,0.0,1.3389435066260967e-05,1.0042076299695725e-05,0.0,0.0,6.694717533130483e-06,3.3473587665652417e-06,6.694717533130483e-06,1.0042076299695725e-05,0.0,6.694717533130483e-06,0.0,0.0,1.0042076299695725e-05,6.694717533130483e-06,0.0,0.0,6.694717533130483e-06,6.694717533130483e-06,0.0,3.3473587665652417e-06,1.0042076299695725e-05,3.3473587665652417e-06,6.694717533130483e-06,0.0,2.3431511365956693e-05,1.3389435066260967e-05,1.0042076299695725e-05,0.0,3.3473587665652417e-06,0.0,6.694717533130483e-06,1.3389435066260967e-05,6.694717533130483e-06,2.6778870132521933e-05,1.0042076299695725e-05,3.3473587665652417e-06,0.0,3.3473587665652417e-06,1.673679383282621e-05,1.673679383282621e-05,1.0042076299695725e-05,1.0042076299695725e-05,6.694717533130483e-06,2.6778870132521933e-05,6.694717533130483e-06,6.694717533130483e-06,3.347358766565242e-05,1.0042076299695725e-05,2.3431511365956693e-05,3.347358766565242e-05,3.347358766565242e-05,2.008415259939145e-05,1.0042076299695725e-05,2.6778870132521933e-05,1.3389435066260967e-05,2.008415259939145e-05,3.0126228899087174e-05,2.6778870132521933e-05,6.35998165647396e-05,3.347358766565242e-05,2.3431511365956693e-05,5.690509903160911e-05,4.351566396534814e-05,5.3557740265043867e-05,5.021038149847862e-05,3.682094643221766e-05,5.021038149847862e-05,6.694717533130483e-06,5.021038149847862e-05,4.6863022731913386e-05,5.690509903160911e-05,5.3557740265043867e-05,3.0126228899087174e-05,5.3557740265043867e-05,5.3557740265043867e-05,5.3557740265043867e-05,4.01683051987829e-05,3.0126228899087174e-05,5.021038149847862e-05,4.351566396534814e-05,2.008415259939145e-05,2.008415259939145e-05,5.3557740265043867e-05,5.690509903160911e-05,1.3389435066260967e-05,2.008415259939145e-05,2.008415259939145e-05,1.673679383282621e-05,3.0126228899087174e-05,3.347358766565242e-05,1.673679383282621e-05,1.0042076299695725e-05,1.673679383282621e-05,1.0042076299695725e-05,6.694717533130483e-06,1.0042076299695725e-05,2.008415259939145e-05,0.0,6.694717533130483e-06,0.0,6.694717533130483e-06,3.3473587665652417e-06,6.694717533130483e-06,6.694717533130483e-06,0.0,6.694717533130483e-06,3.3473587665652417e-06,0.0,6.694717533130483e-06,3.3473587665652417e-06,0.0,0.0,0.0,0.0,0.0,1.3389435066260967e-05,6.694717533130483e-06,0.0,3.3473587665652417e-06,3.3473587665652417e-06,3.3473587665652417e-06,3.3473587665652417e-06,1.3389435066260967e-05,1.3389435066260967e-05,6.694717533130483e-06,6.694717533130483e-06,6.694717533130483e-06,6.694717533130483e-06,1.0042076299695725e-05,3.3473587665652417e-06,0.0,6.694717533130483e-06,1.3389435066260967e-05,3.3473587665652417e-06,3.3473587665652417e-06,6.694717533130483e-06,6.694717533130483e-06,1.3389435066260967e-05,3.3473587665652417e-06,3.3473587665652417e-06,3.3473587665652417e-06,1.3389435066260967e-05,1.673679383282621e-05,1.0042076299695725e-05,2.008415259939145e-05,1.3389435066260967e-05,1.673679383282621e-05,3.682094643221766e-05,2.6778870132521933e-05,2.008415259939145e-05,2.008415259939145e-05,2.3431511365956693e-05,2.6778870132521933e-05,3.0126228899087174e-05,4.01683051987829e-05,3.0126228899087174e-05,2.3431511365956693e-05,3.682094643221766e-05,6.35998165647396e-05,6.694717533130483e-05,3.682094643221766e-05,6.694717533130483e-05,6.35998165647396e-05,3.0126228899087174e-05,5.690509903160911e-05,4.6863022731913386e-05,2.6778870132521933e-05,5.690509903160911e-05,7.029453409787007e-05,1.673679383282621e-05,3.347358766565242e-05,5.690509903160911e-05,5.021038149847862e-05,5.690509903160911e-05,3.682094643221766e-05,4.351566396534814e-05,2.008415259939145e-05,1.0042076299695725e-05,2.3431511365956693e-05,3.0126228899087174e-05,2.3431511365956693e-05,4.01683051987829e-05,1.673679383282621e-05,3.347358766565242e-05,2.008415259939145e-05,4.01683051987829e-05,2.008415259939145e-05,3.347358766565242e-05,2.008415259939145e-05,2.008415259939145e-05,2.3431511365956693e-05,4.01683051987829e-05,5.3557740265043867e-05,3.682094643221766e-05,3.347358766565242e-05,2.3431511365956693e-05,2.6778870132521933e-05,2.6778870132521933e-05,3.347358766565242e-05,1.673679383282621e-05,3.0126228899087174e-05,2.3431511365956693e-05,2.3431511365956693e-05,3.347358766565242e-05,2.3431511365956693e-05,1.0042076299695725e-05,1.0042076299695725e-05,2.6778870132521933e-05,1.0042076299695725e-05,1.673679383282621e-05,3.3473587665652417e-06,2.6778870132521933e-05,1.673679383282621e-05,1.0042076299695725e-05,1.3389435066260967e-05,1.3389435066260967e-05,1.673679383282621e-05,6.694717533130483e-06,1.3389435066260967e-05,2.008415259939145e-05,6.694717533130483e-06,1.3389435066260967e-05,2.3431511365956693e-05,2.3431511365956693e-05,3.682094643221766e-05,6.694717533130483e-06,3.347358766565242e-05,6.694717533130483e-06,3.3473587665652417e-06,1.3389435066260967e-05,3.3473587665652417e-06,1.0042076299695725e-05,1.673679383282621e-05,2.008415259939145e-05,1.3389435066260967e-05,3.0126228899087174e-05
3.0126228899087174e-05,6.694717533130483e-05,2.008415259939145e-05,2.6778870132521933e-05,3.3473587665652417e-06,1.0042076299695725e-05,3.3473587665652417e-06,1.0042076299695725e-05,1.3389435066260967e-05,3.3473587665652417e-06,6.694717533130483e-06,1.0042076299695725e-05,6.694717533130483e-06,0.0,0.0,0.0,0.0,3.3473587665652417e-06,0.0,0.0,0.0,0.0,0.0,0.0,6.694717533130483e-06,3.3473587665652417e-06,0.0,0.0,0.0,3.3473587665652417e-06,3.3473587665652417e-06,6.694717533130483e-06,0.0,0.0,0.0,0.0,6.694717533130483e-06,0.0,3.3473587665652417e-06,0.0,0.0,0.0,0.0,3.3473587665652417e-06,3.3473587665652417e-06,0.0,0.0,0.0,0.0,0.0,0.0,0.0,0.0,0.0,0.0,0.0,0.0,0.0,0.0,0.0,0.0,0.0,0.0,0.0,0.0,0.0,0.0,3.3473587665652417e-06,0.0,0.0,0.0,0.0,0.0,0.0,0.0,0.0,0.0,0.0,0.0,0.0,0.0,3.3473587665652417e-06,0.0,0.0,0.0,0.0,0.0,0.0,6.694717533130483e-06,3.3473587665652417e-06,0.0,0.0,0.0,6.694717533130483e-06,3.3473587665652417e-06,3.3473587665652417e-06,0.0,0.0,3.3473587665652417e-06,0.0,0.0,0.0,0.0,3.3473587665652417e-06,3.3473587665652417e-06,3.3473587665652417e-06,0.0,0.0,0.0,0.0,0.0,3.3473587665652417e-06,0.0,3.3473587665652417e-06,3.3473587665652417e-06,0.0,0.0,3.3473587665652417e-06,3.3473587665652417e-06,0.0,0.0,0.0,3.3473587665652417e-06,0.0,3.3473587665652417e-06,0.0,6.694717533130483e-06,3.3473587665652417e-06,6.694717533130483e-06,3.3473587665652417e-06,3.3473587665652417e-06,3.3473587665652417e-06,0.0,0.0,6.694717533130483e-06,3.3473587665652417e-06,1.0042076299695725e-05,1.0042076299695725e-05,3.3473587665652417e-06,3.3473587665652417e-06,3.3473587665652417e-06,3.3473587665652417e-06,6.694717533130483e-06,1.0042076299695725e-05,6.694717533130483e-06,3.3473587665652417e-06,6.694717533130483e-06,3.3473587665652417e-06,3.3473587665652417e-06,6.694717533130483e-06,3.347358766565242e-05,1.673679383282621e-05,1.673679383282621e-05,1.0042076299695725e-05,2.008415259939145e-05,1.673679383282621e-05,1.0042076299695725e-05,2.6778870132521933e-05,1.0042076299695725e-05,3.3473587665652417e-06,3.3473587665652417e-06,2.008415259939145e-05,1.0042076299695725e-05,3.3473587665652417e-06,3.3473587665652417e-06,1.673679383282621e-05,1.673679383282621e-05,1.3389435066260967e-05,3.3473587665652417e-06,1.673679383282621e-05,1.3389435066260967e-05,2.008415259939145e-05,3.682094643221766e-05,1.0042076299695725e-05,1.3389435066260967e-05,3.682094643221766e-05,2.3431511365956693e-05,2.3431511365956693e-05,6.694717533130483e-06,2.008415259939145e-05,2.3431511365956693e-05,2.6778870132521933e-05,3.682094643221766e-05,3.347358766565242e-05,4.6863022731913386e-05,3.347358766565242e-05,4.6863022731913386e-05,3.682094643221766e-05,7.029453409787007e-05,4.01683051987829e-05,3.682094643221766e-05,4.01683051987829e-05,4.6863022731913386e-05,2.6778870132521933e-05,3.682094643221766e-05,3.347358766565242e-05,5.021038149847862e-05,4.351566396534814e-05,5.3557740265043867e-05,3.0126228899087174e-05,3.682094643221766e-05,3.347358766565242e-05,2.6778870132521933e-05,6.025245779817435e-05,3.0126228899087174e-05,2.008415259939145e-05,2.6778870132521933e-05,5.021038149847862e-05,1.3389435066260967e-05,1.673679383282621e-05,2.008415259939145e-05,1.673679383282621e-05,1.673679383282621e-05,6.694717533130483e-06,2.6778870132521933e-05,1.3389435066260967e-05,3.3473587665652417e-06,2.3431511365956693e-05,6.694717533130483e-06,6.694717533130483e-06,0.0,6.694717533130483e-06,1.673679383282621e-05,3.3473587665652417e-06,0.0,6.694717533130483e-06,1.0042076299695725e-05,1.0042076299695725e-05,6.694717533130483e-06,0.0,0.0,3.3473587665652417e-06,3.3473587665652417e-06,6.694717533130483e-06,0.0,6.694717533130483e-06,3.3473587665652417e-06,1.0042076299695725e-05,6.694717533130483e-06,0.0,3.3473587665652417e-06,6.694717533130483e-06,1.0042076299695725e-05,0.0,0.0,0.0,3.3473587665652417e-06,0.0,3.3473587665652417e-06,3.3473587665652417e-06,6.694717533130483e-06,0.0,6.694717533130483e-06,3.3473587665652417e-06,6.694717533130483e-06,6.694717533130483e-06,6.694717533130483e-06,0.0,1.0042076299695725e-05,1.673679383282621e-05,0.0,1.0042076299695725e-05,1.0042076299695725e-05,0.0,6.694717533130483e-06,1.3389435066260967e-05,2.6778870132521933e-05,1.0042076299695725e-05,3.3473587665652417e-06,2.008415259939145e-05,1.673679383282621e-05,3.347358766565242e-05,3.682094643221766e-05,1.673679383282621e-05,2.3431511365956693e-05,2.6778870132521933e-05,2.6778870132521933e-05,2.3431511365956693e-05,2.6778870132521933e-05,4.01683051987829e-05,3.682094643221766e-05,3.682094643221766e-05,3.0126228899087174e-05,3.682094643221766e-05,4.6863022731913386e-05,5.690509903160911e-05,9.707340423039201e-05,3.347358766565242e-05,4.351566396534814e-05,3.0126228899087174e-05,3.682094643221766e-05,4.01683051987829e-05,8.03366103975658e-05,6.35998165647396e-05,5.021038149847862e-05,4.351566396534814e-05,3.682094643221766e-05,2.3431511365956693e-05,3.0126228899087174e-05,3.347358766565242e-05,5.021038149847862e-05,2.3431511365956693e-05,1.3389435066260967e-05,2.3431511365956693e-05,4.351566396534814e-05,3.682094643221766e-05,6.694717533130483e-06,1.3389435066260967e-05,2.3431511365956693e-05,2.3431511365956693e-05,3.0126228899087174e-05,2.008415259939145e-05,1.0042076299695725e-05,6.025245779817435e-05,3.347358766565242e-05,4.01683051987829e-05,2.3431511365956693e-05,4.01683051987829e-05,3.0126228899087174e-05,2.6778870132521933e-05,2.3431511365956693e-05,2.3431511365956693e-05,2.008415259939145e-05,3.0126228899087174e-05,1.3389435066260967e-05,4.01683051987829e-05,3.0126228899087174e-05,2.6778870132521933e-05,7.029453409787007e-05,1.0042076299695725e-05,3.0126228899087174e-05,3.3473587665652417e-06,3.0126228899087174e-05,2.6778870132521933e-05,1.0042076299695725e-05,3.3473587665652417e-06,1.673679383282621e-05,2.008415259939145e-05,2.008415259939145e-05,6.694717533130483e-06,2.3431511365956693e-05,1.673679383282621e-05,1.0042076299695725e-05,1.3389435066260967e-05,1.673679383282621e-05,2.3431511365956693e-05,2.008415259939145e-05,3.682094643221766e-05,4.351566396534814e-05,1.0042076299695725e-05,1.3389435066260967e-05,1.0042076299695725e-05,1.0042076299695725e-05,1.3389435066260967e-05,1.0042076299695725e-05,1.3389435066260967e-05,2.008415259939145e-05,1.673679383282621e-05,6.694717533130483e-06,6.694717533130483e-06
1.0042076299695725e-05,0.0,1.673679383282621e-05,3.3473587665652417e-06,1.0042076299695725e-05,2.008415259939145e-05,1.0042076299695725e-05,1.3389435066260967e-05,1.0042076299695725e-05,6.694717533130483e-06,0.0,0.0,3.3473587665652417e-06,0.0,3.3473587665652417e-06,6.694717533130483e-06,3.3473587665652417e-06,6.694717533130483e-06,0.0,0.0,6.694717533130483e-06,0.0,0.0,3.3473587665652417e-06,3.3473587665652417e-06,3.3473587665652417e-06,0.0,0.0,1.0042076299695725e-05,3.3473587665652417e-06,0.0,0.0,3.3473587665652417e-06,3.3473587665652417e-06,3.3473587665652417e-06,3.3473587665652417e-06,0.0,6.694717533130483e-06,0.0,0.0,0.0,0.0,0.0,0.0,0.0,0.0,0.0,0.0,0.0,0.0,0.0,3.3473587665652417e-06,0.0,0.0,0.0,0.0,0.0,0.0,0.0,0.0,0.0,3.3473587665652417e-06,0.0,0.0,0.0,0.0,0.0,0.0,0.0,0.0,0.0,0.0,0.0,0.0,0.0,0.0,0.0,0.0,0.0,3.3473587665652417e-06,0.0,0.0,0.0,3.3473587665652417e-06,3.3473587665652417e-06,0.0,0.0,0.0,0.0,0.0,0.0,0.0,0.0,6.694717533130483e-06,0.0,1.3389435066260967e-05,0.0,0.0,0.0,0.0,0.0,0.0,0.0,0.0,0.0,0.0,0.0,0.0,0.0,0.0,6.694717533130483e-06,0.0,3.3473587665652417e-06,0.0,6.694717533130483e-06,0.0,3.3473587665652417e-06,0.0,3.3473587665652417e-06,3.3473587665652417e-06,3.3473587665652417e-06,0.0,3.3473587665652417e-06,3.3473587665652417e-06,3.3473587665652417e-06,3.3473587665652417e-06,3.3473587665652417e-06,0.0,3.3473587665652417e-06,0.0,6.694717533130483e-06,3.3473587665652417e-06,3.3473587665652417e-06,3.3473587665652417e-06,1.0042076299695725e-05,6.694717533130483e-06,6.694717533130483e-06,3.3473587665652417e-06,1.0042076299695725e-05,6.694717533130483e-06,3.3473587665652417e-06,3.3473587665652417e-06,3.3473587665652417e-06,6.694717533130483e-06,6.694717533130483e-06,1.3389435066260967e-05,3.3473587665652417e-06,6.694717533130483e-06,1.3389435066260967e-05,1.673679383282621e-05,6.694717533130483e-06,1.0042076299695725e-05,2.6778870132521933e-05,3.3473587665652417e-06,1.673679383282621e-05,6.694717533130483e-06,1.0042076299695725e-05,1.673679383282621e-05,1.673679383282621e-05,2.6778870132521933e-05,3.3473587665652417e-06,6.694717533130483e-06,1.3389435066260967e-05,3.682094643221766e-05,1.3389435066260967e-05,3.3473587665652417e-06,3.3473587665652417e-06,1.0042076299695725e-05,1.0042076299695725e-05,1.673679383282621e-05,2.3431511365956693e-05,1.3389435066260967e-05,1.673679383282621e-05,2.008415259939145e-05,3.347358766565242e-05,2.6778870132521933e-05,2.3431511365956693e-05,2.3431511365956693e-05,1.673679383282621e-05,2.6778870132521933e-05,2.008415259939145e-05,2.3431511365956693e-05,3.682094643221766e-05,4.351566396534814e-05,3.347358766565242e-05,4.351566396534814e-05,2.008415259939145e-05,6.025245779817435e-05,3.0126228899087174e-05,4.6863022731913386e-05,3.682094643221766e-05,5.3557740265043867e-05,3.347358766565242e-05,4.6863022731913386e-05,6.35998165647396e-05,5.3557740265043867e-05,2.6778870132521933e-05,3.0126228899087174e-05,5.021038149847862e-05,4.351566396534814e-05,4.351566396534814e-05,2.3431511365956693e-05,5.3557740265043867e-05,3.682094643221766e-05,3.682094643221766e-05,3.682094643221766e-05,6.35998165647396e-05,5.021038149847862e-05,2.6778870132521933e-05,3.0126228899087174e-05,3.0126228899087174e-05,1.673679383282621e-05,2.008415259939145e-05,1.0042076299695725e-05,6.694717533130483e-06,1.3389435066260967e-05,1.0042076299695725e-05,1.673679383282621e-05,1.0042076299695725e-05,6.694717533130483e-06,3.3473587665652417e-06,1.0042076299695725e-05,3.3473587665652417e-06,6.694717533130483e-06,1.3389435066260967e-05,1.3389435066260967e-05,1.673679383282621e-05,6.694717533130483e-06,6.694717533130483e-06,6.694717533130483e-06,3.3473587665652417e-06,0.0,3.3473587665652417e-06,3.3473587665652417e-06,3.3473587665652417e-06,3.3473587665652417e-06,0.0,0.0,3.3473587665652417e-06,3.3473587665652417e-06,6.694717533130483e-06,3.3473587665652417e-06,0.0,1.0042076299695725e-05,1.0042076299695725e-05,1.0042076299695725e-05,0.0,6.694717533130483e-06,6.694717533130483e-06,6.694717533130483e-06,3.3473587665652417e-06,6.694717533130483e-06,3.3473587665652417e-06,0.0,6.694717533130483e-06,3.3473587665652417e-06,6.694717533130483e-06,3.3473587665652417e-06,0.0,1.0042076299695725e-05,1.0042076299695725e-05,2.3431511365956693e-05,3.347358766565242e-05,6.694717533130483e-06,2.008415259939145e-05,1.0042076299695725e-05,6.694717533130483e-06,1.673679383282621e-05,3.3473587665652417e-06,1.0042076299695725e-05,2.3431511365956693e-05,3.0126228899087174e-05,4.351566396534814e-05,3.0126228899087174e-05,2.008415259939145e-05,3.0126228899087174e-05,3.0126228899087174e-05,4.01683051987829e-05,4.351566396534814e-05,3.0126228899087174e-05,1.673679383282621e-05,4.351566396534814e-05,3.347358766565242e-05,6.025245779817435e-05,2.3431511365956693e-05,4.351566396534814e-05,5.021038149847862e-05,4.6863022731913386e-05,5.3557740265043867e-05,5.021038149847862e-05,2.6778870132521933e-05,3.0126228899087174e-05,3.682094643221766e-05,4.351566396534814e-05,4.01683051987829e-05,5.3557740265043867e-05,3.682094643221766e-05,1.673679383282621e-05,1.3389435066260967e-05,3.682094643221766e-05,3.682094643221766e-05,2.6778870132521933e-05,4.6863022731913386e-05,3.0126228899087174e-05,2.6778870132521933e-05,3.0126228899087174e-05,1.673679383282621e-05,3.682094643221766e-05,3.347358766565242e-05,2.6778870132521933e-05,3.682094643221766e-05,2.008415259939145e-05,3.347358766565242e-05,1.673679383282621e-05,1.0042076299695725e-05,3.0126228899087174e-05,3.0126228899087174e-05,1.673679383282621e-05,2.008415259939145e-05,1.673679383282621e-05,2.3431511365956693e-05,3.3473587665652417e-06,1.673679383282621e-05,2.3431511365956693e-05,3.682094643221766e-05,1.3389435066260967e-05,2.008415259939145e-05,1.673679383282621e-05,2.3431511365956693e-05,2.008415259939145e-05,5.021038149847862e-05,2.008415259939145e-05,3.3473587665652417e-06,1.673679383282621e-05,2.3431511365956693e-05,2.008415259939145e-05,2.008415259939145e-05,1.0042076299695725e-05,2.008415259939145e-05,6.694717533130483e-06,1.673679383282621e-05,1.673679383282621e-05,1.0042076299695725e-05,1.673679383282621e-05,2.008415259939145e-05,1.3389435066260967e-05,1.673679383282621e-05,2.008415259939145e-05,4.351566396534814e-05,1.0042076299695725e-05,1.3389435066260967e-05,1.3389435066260967e-05,6.694717533130483e-06,2.008415259939145e-05,3.3473587665652417e-06,1.0042076299695725e-05,1.673679383282621e-05,6.694717533130483e-06,1.3389435066260967e-05,6.694717533130483e-06
6.694717533130483e-06,2.6778870132521933e-05,1.0042076299695725e-05,2.3431511365956693e-05,1.3389435066260967e-05,1.0042076299695725e-05,0.0,1.0042076299695725e-05,0.0,6.694717533130483e-06,0.0,0.0,3.3473587665652417e-06,3.3473587665652417e-06,6.694717533130483e-06,3.3473587665652417e-06,0.0,0.0,0.0,3.3473587665652417e-06,3.3473587665652417e-06,3.3473587665652417e-06,6.694717533130483e-06,3.3473587665652417e-06,3.3473587665652417e-06,1.0042076299695725e-05,0.0,3.3473587665652417e-06,0.0,3.3473587665652417e-06,3.3473587665652417e-06,0.0,0.0,0.0,0.0,0.0,0.0,0.0,0.0,0.0,0.0,0.0,0.0,0.0,0.0,0.0,0.0,0.0,0.0,0.0,0.0,0.0,0.0,0.0,0.0,0.0,0.0,0.0,0.0,0.0,0.0,0.0,0.0,0.0,3.3473587665652417e-06,0.0,0.0,0.0,0.0,0.0,0.0,0.0,0.0,0.0,0.0,0.0,0.0,0.0,0.0,0.0,0.0,0.0,0.0,0.0,3.3473587665652417e-06,0.0,0.0,0.0,0.0,0.0,0.0,0.0,3.3473587665652417e-06,0.0,0.0,0.0,0.0,3.3473587665652417e-06,0.0,3.3473587665652417e-06,0.0,0.0,6.694717533130483e-06,0.0,0.0,0.0,0.0,1.0042076299695725e-05,0.0,3.3473587665652417e-06,3.3473587665652417e-06,0.0,0.0,0.0,3.3473587665652417e-06,0.0,0.0,3.3473587665652417e-06,6.694717533130483e-06,0.0,0.0,0.0,0.0,6.694717533130483e-06,3.3473587665652417e-06,6.694717533130483e-06,0.0,0.0,1.3389435066260967e-05,3.3473587665652417e-06,0.0,0.0,3.3473587665652417e-06,0.0,1.0042076299695725e-05,0.0,3.3473587665652417e-06,6.694717533130483e-06,0.0,3.3473587665652417e-06,6.694717533130483e-06,1.0042076299695725e-05,6.694717533130483e-06,6.694717533130483e-06,0.0,6.694717533130483e-06,1.3389435066260967e-05,3.3473587665652417e-06,4.6863022731913386e-05,1.0042076299695725e-05,1.0042076299695725e-05,6.694717533130483e-06,4.01683051987829e-05,3.3473587665652417e-06,1.0042076299695725e-05,1.3389435066260967e-05,6.694717533130483e-06,2.008415259939145e-05,1.0042076299695725e-05,1.0042076299695725e-05,3.3473587665652417e-06,6.694717533130483e-06,2.3431511365956693e-05,1.673679383282621e-05,2.008415259939145e-05,2.6778870132521933e-05,2.008415259939145e-05,6.694717533130483e-06,3.682094643221766e-05,6.694717533130483e-06,1.0042076299695725e-05,1.673679383282621e-05,4.351566396534814e-05,2.008415259939145e-05,1.673679383282621e-05,1.673679383282621e-05,4.01683051987829e-05,2.008415259939145e-05,3.347358766565242e-05,3.0126228899087174e-05,2.3431511365956693e-05,4.01683051987829e-05,3.682094643221766e-05,5.3557740265043867e-05,6.35998165647396e-05,4.6863022731913386e-05,3.682094643221766e-05,5.690509903160911e-05,5.021038149847862e-05,5.3557740265043867e-05,5.3557740265043867e-05,5.3557740265043867e-05,5.690509903160911e-05,6.025245779817435e-05,5.3557740265043867e-05,4.01683051987829e-05,8.368396916413105e-05,7.364189286443532e-05,3.347358766565242e-05,5.690509903160911e-05,5.021038149847862e-05,4.01683051987829e-05,4.351566396534814e-05,3.0126228899087174e-05,5.690509903160911e-05,3.0126228899087174e-05,2.3431511365956693e-05,2.6778870132521933e-05,3.347358766565242e-05,3.0126228899087174e-05,3.0126228899087174e-05,2.6778870132521933e-05,1.673679383282621e-05,2.3431511365956693e-05,2.008415259939145e-05,2.008415259939145e-05,1.0042076299695725e-05,3.682094643221766e-05,2.008415259939145e-05,6.694717533130483e-06,1.3389435066260967e-05,0.0,1.3389435066260967e-05,0.0,3.3473587665652417e-06,6.694717533130483e-06,3.3473587665652417e-06,0.0,1.3389435066260967e-05,6.694717533130483e-06,3.3473587665652417e-06,6.694717533130483e-06,3.3473587665652417e-06,3.3473587665652417e-06,0.0,0.0,6.694717533130483e-06,3.3473587665652417e-06,6.694717533130483e-06,0.0,0.0,6.694717533130483e-06,3.3473587665652417e-06,3.3473587665652417e-06,6.694717533130483e-06,0.0,6.694717533130483e-06,3.3473587665652417e-06,3.3473587665652417e-06,3.3473587665652417e-06,1.0042076299695725e-05,3.3473587665652417e-06,0.0,1.0042076299695725e-05,1.0042076299695725e-05,0.0,0.0,6.694717533130483e-06,3.3473587665652417e-06,3.3473587665652417e-06,6.694717533130483e-06,3.3473587665652417e-06,1.0042076299695725e-05,1.0042076299695725e-05,1.673679383282621e-05,3.3473587665652417e-06,6.694717533130483e-06,2.3431511365956693e-05,1.3389435066260967e-05,2.008415259939145e-05,2.3431511365956693e-05,2.008415259939145e-05,2.008415259939145e-05,3.0126228899087174e-05,3.682094643221766e-05,2.008415259939145e-05,5.021038149847862e-05,2.6778870132521933e-05,3.0126228899087174e-05,4.6863022731913386e-05,4.01683051987829e-05,2.6778870132521933e-05,2.3431511365956693e-05,4.351566396534814e-05,3.682094643221766e-05,2.008415259939145e-05,4.6863022731913386e-05,4.351566396534814e-05,4.6863022731913386e-05,7.364189286443532e-05,3.682094643221766e-05,5.690509903160911e-05,4.6863022731913386e-05,3.347358766565242e-05,3.682094643221766e-05,5.3557740265043867e-05,5.021038149847862e-05,5.3557740265043867e-05,3.347358766565242e-05,4.6863022731913386e-05,4.6863022731913386e-05,3.0126228899087174e-05,1.673679383282621e-05,2.008415259939145e-05,5.3557740265043867e-05,1.3389435066260967e-05,1.673679383282621e-05,5.690509903160911e-05,2.008415259939145e-05,2.3431511365956693e-05,3.682094643221766e-05,1.673679383282621e-05,1.673679383282621e-05,1.673679383282621e-05,2.008415259939145e-05,2.3431511365956693e-05,2.008415259939145e-05,1.673679383282621e-05,1.673679383282621e-05,2.3431511365956693e-05,2.3431511365956693e-05,1.673679383282621e-05,2.008415259939145e-05,0.0001037681217635225,1.673679383282621e-05,3.0126228899087174e-05,2.6778870132521933e-05,1.0042076299695725e-05,2.008415259939145e-05,2.6778870132521933e-05,3.682094643221766e-05,2.6778870132521933e-05,1.673679383282621e-05,1.0042076299695725e-05,1.673679383282621e-05,2.008415259939145e-05,1.673679383282621e-05,1.0042076299695725e-05,1.0042076299695725e-05,1.0042076299695725e-05,3.3473587665652417e-06,1.0042076299695725e-05,1.0042076299695725e-05,3.3473587665652417e-06,1.3389435066260967e-05,1.0042076299695725e-05,2.008415259939145e-05,2.3431511365956693e-05,1.673679383282621e-05,4.6863022731913386e-05,0.0,1.673679383282621e-05,1.673679383282621e-05,2.6778870132521933e-05,1.673679383282621e-05,1.673679383282621e-05,3.0126228899087174e-05,1.0042076299695725e-05,6.694717533130483e-06,1.0042076299695725e-05
1.0042076299695725e-05,6.694717533130483e-06,3.3473587665652417e-06,1.0042076299695725e-05,1.0042076299695725e-05,1.673679383282621e-05,3.3473587665652417e-06,0.0,6.694717533130483e-06,6.694717533130483e-06,6.694717533130483e-06,0.0,1.673679383282621e-05,3.3473587665652417e-06,0.0,3.3473587665652417e-06,0.0,3.3473587665652417e-06,3.3473587665652417e-06,3.3473587665652417e-06,0.0,6.694717533130483e-06,0.0,3.3473587665652417e-06,0.0,0.0,0.0,0.0,0.0,3.3473587665652417e-06,0.0,0.0,6.694717533130483e-06,3.3473587665652417e-06,3.3473587665652417e-06,0.0,1.0042076299695725e-05,0.0,3.3473587665652417e-06,0.0,0.0,0.0,0.0,0.0,0.0,0.0,0.0,0.0,0.0,0.0,0.0,0.0,0.0,0.0,0.0,0.0,0.0,0.0,0.0,0.0,3.3473587665652417e-06,0.0,0.0,0.0,0.0,0.0,0.0,0.0,0.0,0.0,0.0,0.0,0.0,0.0,0.0,0.0,0.0,0.0,0.0,0.0,0.0,0.0,0.0,0.0,0.0,0.0,0.0,3.3473587665652417e-06,3.3473587665652417e-06,0.0,3.3473587665652417e-06,0.0,3.3473587665652417e-06,3.3473587665652417e-06,0.0,0.0,0.0,0.0,0.0,0.0,0.0,0.0,0.0,0.0,1.0042076299695725e-05,0.0,0.0,6.694717533130483e-06,0.0,0.0,3.3473587665652417e-06,3.3473587665652417e-06,0.0,0.0,0.0,0.0,6.694717533130483e-06,3.3473587665652417e-06,0.0,0.0,3.3473587665652417e-06,3.3473587665652417e-06,0.0,0.0,0.0,0.0,3.3473587665652417e-06,0.0,0.0,1.0042076299695725e-05,0.0,0.0,0.0,6.694717533130483e-06,0.0,1.3389435066260967e-05,6.694717533130483e-06,6.694717533130483e-06,1.0042076299695725e-05,3.3473587665652417e-06,0.0,1.0042076299695725e-05,3.3473587665652417e-06,3.3473587665652417e-06,3.3473587665652417e-06,1.673679383282621e-05,6.694717533130483e-06,6.694717533130483e-06,1.0042076299695725e-05,1.0042076299695725e-05,3.3473587665652417e-06,1.3389435066260967e-05,2.6778870132521933e-05,2.008415259939145e-05,2.6778870132521933e-05,1.673679383282621e-05,2.008415259939145e-05,1.3389435066260967e-05,2.3431511365956693e-05,1.673679383282621e-05,3.3473587665652417e-06,2.008415259939145e-05,1.673679383282621e-05,1.0042076299695725e-05,2.6778870132521933e-05,6.694717533130483e-06,1.0042076299695725e-05,4.01683051987829e-05,1.0042076299695725e-05,6.694717533130483e-06,2.6778870132521933e-05,1.3389435066260967e-05,1.0042076299695725e-05,2.6778870132521933e-05,2.6778870132521933e-05,1.673679383282621e-05,2.6778870132521933e-05,3.682094643221766e-05,2.008415259939145e-05,2.6778870132521933e-05,2.3431511365956693e-05,3.347358766565242e-05,4.351566396534814e-05,4.01683051987829e-05,4.6863022731913386e-05,2.6778870132521933e-05,2.3431511365956693e-05,5.021038149847862e-05,6.694717533130483e-05,7.364189286443532e-05,4.351566396534814e-05,5.3557740265043867e-05,4.351566396534814e-05,5.3557740265043867e-05,4.351566396534814e-05,9.037868669726152e-05,6.694717533130483e-05,6.025245779817435e-05,5.3557740265043867e-05,9.372604546382677e-05,5.3557740265043867e-05,4.351566396534814e-05,4.01683051987829e-05,3.347358766565242e-05,2.3431511365956693e-05,3.0126228899087174e-05,3.347358766565242e-05,3.0126228899087174e-05,3.0126228899087174e-05,3.682094643221766e-05,6.694717533130483e-06,2.008415259939145e-05,1.3389435066260967e-05,1.0042076299695725e-05,1.673679383282621e-05,1.3389435066260967e-05,2.008415259939145e-05,1.3389435066260967e-05,3.3473587665652417e-06,1.3389435066260967e-05,1.3389435066260967e-05,1.3389435066260967e-05,3.3473587665652417e-06,6.694717533130483e-06,1.3389435066260967e-05,1.673679383282621e-05,2.008415259939145e-05,6.694717533130483e-06,3.3473587665652417e-06,3.3473587665652417e-06,0.0,0.0,0.0,1.0042076299695725e-05,3.3473587665652417e-06,0.0,1.0042076299695725e-05,6.694717533130483e-06,3.3473587665652417e-06,1.3389435066260967e-05,1.0042076299695725e-05,0.0,0.0,6.694717533130483e-06,3.3473587665652417e-06,1.0042076299695725e-05,0.0,1.3389435066260967e-05,1.0042076299695725e-05,0.0,0.0,3.3473587665652417e-06,6.694717533130483e-06,6.694717533130483e-06,0.0,0.0,3.3473587665652417e-06,1.0042076299695725e-05,3.3473587665652417e-06,3.3473587665652417e-06,3.3473587665652417e-06,6.694717533130483e-06,6.694717533130483e-06,1.3389435066260967e-05,3.3473587665652417e-06,3.0126228899087174e-05,0.0,1.3389435066260967e-05,1.3389435066260967e-05,6.694717533130483e-06,2.008415259939145e-05,1.3389435066260967e-05,2.008415259939145e-05,1.3389435066260967e-05,3.682094643221766e-05,5.021038149847862e-05,5.021038149847862e-05,3.682094643221766e-05,5.021038149847862e-05,6.025245779817435e-05,5.021038149847862e-05,4.351566396534814e-05,3.347358766565242e-05,5.3557740265043867e-05,6.694717533130483e-05,6.35998165647396e-05,6.694717533130483e-05,4.6863022731913386e-05,5.021038149847862e-05,2.6778870132521933e-05,5.3557740265043867e-05,3.0126228899087174e-05,5.3557740265043867e-05,5.021038149847862e-05,6.35998165647396e-05,2.3431511365956693e-05,4.01683051987829e-05,3.0126228899087174e-05,6.025245779817435e-05,8.703132793069628e-05,2.3431511365956693e-05,3.0126228899087174e-05,3.682094643221766e-05,4.01683051987829e-05,1.673679383282621e-05,2.008415259939145e-05,4.01683051987829e-05,2.008415259939145e-05,5.3557740265043867e-05,4.01683051987829e-05,3.0126228899087174e-05,1.673679383282621e-05,3.0126228899087174e-05,4.01683051987829e-05,1.0042076299695725e-05,1.0042076299695725e-05,2.3431511365956693e-05,2.6778870132521933e-05,3.347358766565242e-05,1.0042076299695725e-05,2.008415259939145e-05,1.0042076299695725e-05,2.6778870132521933e-05,1.3389435066260967e-05,3.0126228899087174e-05,3.0126228899087174e-05,3.0126228899087174e-05,2.008415259939145e-05,1.0042076299695725e-05,1.673679383282621e-05,3.682094643221766e-05,1.673679383282621e-05,6.694717533130483e-06,3.3473587665652417e-06,1.3389435066260967e-05,1.0042076299695725e-05,6.694717533130483e-06,1.673679383282621e-05,1.673679383282621e-05,6.694717533130483e-06,2.3431511365956693e-05,2.008415259939145e-05,2.008415259939145e-05,1.3389435066260967e-05,2.008415259939145e-05,3.3473587665652417e-06,2.3431511365956693e-05,2.6778870132521933e-05,8.703132793069628e-05,4.351566396534814e-05,3.347358766565242e-05,3.3473587665652417e-06,2.008415259939145e-05,4.351566396534814e-05,1.0042076299695725e-05,1.0042076299695725e-05,2.008415259939145e-05,6.694717533130483e-06,1.673679383282621e-05,6.694717533130483e-06
3.3473587665652417e-06,2.008415259939145e-05,0.0,1.3389435066260967e-05,2.6778870132521933e-05,0.0,6.694717533130483e-06,6.694717533130483e-06,1.673679383282621e-05,3.3473587665652417e-06,1.0042076299695725e-05,0.0,6.694717533130483e-06,3.3473587665652417e-06,0.0,3.3473587665652417e-06,3.3473587665652417e-06,3.3473587665652417e-06,3.3473587665652417e-06,0.0,0.0,3.3473587665652417e-06,0.0,3.3473587665652417e-06,3.3473587665652417e-06,0.0,0.0,0.0,0.0,0.0,0.0,0.0,0.0,0.0,0.0,3.3473587665652417e-06,6.694717533130483e-06,3.3473587665652417e-06,0.0,0.0,0.0,0.0,0.0,0.0,0.0,0.0,0.0,3.3473587665652417e-06,0.0,0.0,0.0,0.0,0.0,0.0,0.0,0.0,0.0,0.0,0.0,0.0,0.0,0.0,0.0,0.0,0.0,0.0,0.0,0.0,0.0,0.0,0.0,0.0,0.0,0.0,0.0,0.0,0.0,0.0,0.0,0.0,0.0,0.0,0.0,0.0,0.0,0.0,3.3473587665652417e-06,0.0,3.3473587665652417e-06,3.3473587665652417e-06,0.0,0.0,0.0,6.694717533130483e-06,0.0,6.694717533130483e-06,0.0,0.0,0.0,0.0,0.0,0.0,0.0,0.0,0.0,3.3473587665652417e-06,0.0,0.0,0.0,3.3473587665652417e-06,3.3473587665652417e-06,0.0,0.0,0.0,0.0,3.3473587665652417e-06,6.694717533130483e-06,0.0,1.0042076299695725e-05,0.0,0.0,0.0,0.0,0.0,0.0,3.3473587665652417e-06,0.0,3.3473587665652417e-06,3.3473587665652417e-06,0.0,3.3473587665652417e-06,6.694717533130483e-06,3.3473587665652417e-06,3.3473587665652417e-06,3.3473587665652417e-06,3.3473587665652417e-06,3.3473587665652417e-06,0.0,3.3473587665652417e-06,1.3389435066260967e-05,1.3389435066260967e-05,1.0042076299695725e-05,1.0042076299695725e-05,6.694717533130483e-06,3.3473587665652417e-06,1.0042076299695725e-05,1.3389435066260967e-05,3.3473587665652417e-06,2.3431511365956693e-05,6.694717533130483e-06,1.3389435066260967e-05,1.673679383282621e-05,1.0042076299695725e-05,1.0042076299695725e-05,6.694717533130483e-06,6.694717533130483e-06,1.0042076299695725e-05,3.682094643221766e-05,3.682094643221766e-05,2.008415259939145e-05,1.0042076299695725e-05,6.694717533130483e-06,1.0042076299695725e-05,3.682094643221766e-05,3.0126228899087174e-05,2.008415259939145e-05,3.0126228899087174e-05,3.682094643221766e-05,2.008415259939145e-05,3.0126228899087174e-05,2.008415259939145e-05,2.3431511365956693e-05,4.01683051987829e-05,1.0042076299695725e-05,3.682094643221766e-05,1.3389435066260967e-05,3.347358766565242e-05,3.347358766565242e-05,2.6778870132521933e-05,5.690509903160911e-05,3.347358766565242e-05,4.6863022731913386e-05,2.3431511365956693e-05,4.351566396534814e-05,4.351566396534814e-05,6.694717533130483e-05,7.029453409787007e-05,7.364189286443532e-05,6.35998165647396e-05,5.021038149847862e-05,7.364189286443532e-05,3.682094643221766e-05,4.6863022731913386e-05,6.694717533130483e-05,5.021038149847862e-05,5.021038149847862e-05,3.682094643221766e-05,5.021038149847862e-05,0.00010042076299695725,6.694717533130483e-05,4.6863022731913386e-05,6.35998165647396e-05,4.01683051987829e-05,2.3431511365956693e-05,4.01683051987829e-05,1.673679383282621e-05,3.682094643221766e-05,4.351566396534814e-05,1.673679383282621e-05,3.0126228899087174e-05,2.008415259939145e-05,3.0126228899087174e-05,4.01683051987829e-05,1.3389435066260967e-05,1.3389435066260967e-05,1.0042076299695725e-05,1.673679383282621e-05,1.0042076299695725e-05,6.694717533130483e-06,1.0042076299695725e-05,1.0042076299695725e-05,1.0042076299695725e-05,0.0,6.694717533130483e-06,3.3473587665652417e-06,6.694717533130483e-06,6.694717533130483e-06,1.673679383282621e-05,0.0,0.0,0.0,3.3473587665652417e-06,0.0,0.0,1.0042076299695725e-05,0.0,3.3473587665652417e-06,6.694717533130483e-06,0.0,0.0,1.0042076299695725e-05,1.0042076299695725e-05,0.0,3.3473587665652417e-06,0.0,0.0,0.0,3.3473587665652417e-06,6.694717533130483e-06,3.3473587665652417e-06,1.0042076299695725e-05,0.0,3.3473587665652417e-06,0.0,6.694717533130483e-06,0.0,3.3473587665652417e-06,6.694717533130483e-06,6.694717533130483e-06,6.694717533130483e-06,1.3389435066260967e-05,3.3473587665652417e-06,1.673679383282621e-05,2.3431511365956693e-05,1.3389435066260967e-05,6.694717533130483e-06,2.008415259939145e-05,1.673679383282621e-05,1.673679383282621e-05,6.694717533130483e-06,2.3431511365956693e-05,2.6778870132521933e-05,6.694717533130483e-06,3.347358766565242e-05,2.6778870132521933e-05,4.01683051987829e-05,6.025245779817435e-05,4.351566396534814e-05,4.01683051987829e-05,4.6863022731913386e-05,5.690509903160911e-05,3.682094643221766e-05,4.6863022731913386e-05,7.029453409787007e-05,6.025245779817435e-05,4.351566396534814e-05,5.3557740265043867e-05,4.01683051987829e-05,5.021038149847862e-05,5.3557740265043867e-05,4.6863022731913386e-05,5.021038149847862e-05,4.351566396534814e-05,6.025245779817435e-05,4.01683051987829e-05,3.347358766565242e-05,4.01683051987829e-05,5.690509903160911e-05,2.3431511365956693e-05,3.682094643221766e-05,1.673679383282621e-05,3.682094643221766e-05,4.01683051987829e-05,4.6863022731913386e-05,2.008415259939145e-05,3.347358766565242e-05,2.6778870132521933e-05,2.3431511365956693e-05,2.6778870132521933e-05,2.3431511365956693e-05,3.682094643221766e-05,2.6778870132521933e-05,2.008415259939145e-05,2.6778870132521933e-05,2.6778870132521933e-05,1.673679383282621e-05,2.6778870132521933e-05,1.673679383282621e-05,2.6778870132521933e-05,1.3389435066260967e-05,4.01683051987829e-05,1.3389435066260967e-05,6.694717533130483e-06,1.3389435066260967e-05,1.673679383282621e-05,2.3431511365956693e-05,3.3473587665652417e-06,3.682094643221766e-05,2.3431511365956693e-05,1.0042076299695725e-05,1.673679383282621e-05,1.3389435066260967e-05,1.673679383282621e-05,1.0042076299695725e-05,1.0042076299695725e-05,3.682094643221766e-05,3.347358766565242e-05,1.3389435066260967e-05,3.3473587665652417e-06,3.0126228899087174e-05,1.3389435066260967e-05,2.008415259939145e-05,1.673679383282621e-05,2.3431511365956693e-05,2.008415259939145e-05,1.673679383282621e-05,6.694717533130483e-06,1.3389435066260967e-05,2.6778870132521933e-05,1.673679383282621e-05,2.6778870132521933e-05,3.0126228899087174e-05,2.3431511365956693e-05,1.673679383282621e-05,1.3389435066260967e-05,2.008415259939145e-05,3.3473587665652417e-06,1.0042076299695725e-05,2.008415259939145e-05,1.673679383282621e-05
6.694717533130483e-06,2.6778870132521933e-05,1.3389435066260967e-05,1.3389435066260967e-05,1.3389435066260967e-05,1.3389435066260967e-05,1.673679383282621e-05,1.3389435066260967e-05,6.694717533130483e-06,6.694717533130483e-06,3.3473587665652417e-06,6.694717533130483e-06,3.3473587665652417e-06,3.3473587665652417e-06,0.0,6.694717533130483e-06,0.0,0.0,0.0,1.0042076299695725e-05,3.3473587665652417e-06,1.0042076299695725e-05,6.694717533130483e-06,1.0042076299695725e-05,3.3473587665652417e-06,0.0,0.0,3.3473587665652417e-06,0.0,0.0,0.0,3.3473587665652417e-06,0.0,0.0,0.0,3.3473587665652417e-06,3.3473587665652417e-06,0.0,3.3473587665652417e-06,3.3473587665652417e-06,0.0,0.0,0.0,0.0,0.0,0.0,3.3473587665652417e-06,0.0,0.0,0.0,0.0,0.0,0.0,0.0,0.0,0.0,0.0,0.0,0.0,0.0,0.0,0.0,0.0,0.0,0.0,0.0,0.0,0.0,6.694717533130483e-06,0.0,3.3473587665652417e-06,0.0,0.0,0.0,0.0,0.0,3.3473587665652417e-06,0.0,0.0,0.0,0.0,0.0,3.3473587665652417e-06,0.0,0.0,3.3473587665652417e-06,0.0,3.3473587665652417e-06,0.0,0.0,6.694717533130483e-06,3.3473587665652417e-06,0.0,0.0,0.0,0.0,0.0,3.3473587665652417e-06,0.0,0.0,3.3473587665652417e-06,3.3473587665652417e-06,0.0,3.3473587665652417e-06,0.0,0.0,0.0,3.3473587665652417e-06,3.3473587665652417e-06,3.3473587665652417e-06,3.3473587665652417e-06,0.0,0.0,3.3473587665652417e-06,3.3473587665652417e-06,0.0,6.694717533130483e-06,3.3473587665652417e-06,0.0,0.0,0.0,3.3473587665652417e-06,0.0,0.0,0.0,0.0,0.0,3.3473587665652417e-06,0.0,6.694717533130483e-06,6.694717533130483e-06,6.694717533130483e-06,1.0042076299695725e-05,6.694717533130483e-06,0.0,3.3473587665652417e-06,1.0042076299695725e-05,6.694717533130483e-06,3.3473587665652417e-06,1.0042076299695725e-05,2.6778870132521933e-05,1.0042076299695725e-05,3.3473587665652417e-06,0.0,6.694717533130483e-06,3.3473587665652417e-06,0.0,1.673679383282621e-05,1.0042076299695725e-05,2.008415259939145e-05,3.682094643221766e-05,1.0042076299695725e-05,1.3389435066260967e-05,3.0126228899087174e-05,2.008415259939145e-05,2.3431511365956693e-05,2.3431511365956693e-05,2.3431511365956693e-05,3.347358766565242e-05,1.673679383282621e-05,2.3431511365956693e-05,2.008415259939145e-05,2.3431511365956693e-05,2.6778870132521933e-05,2.008415259939145e-05,2.008415259939145e-05,2.008415259939145e-05,1.3389435066260967e-05,1.3389435066260967e-05,2.3431511365956693e-05,1.0042076299695725e-05,7.698925163100056e-05,1.3389435066260967e-05,2.6778870132521933e-05,1.673679383282621e-05,2.6778870132521933e-05,2.3431511365956693e-05,4.351566396534814e-05,4.351566396534814e-05,2.6778870132521933e-05,5.021038149847862e-05,4.6863022731913386e-05,3.682094643221766e-05,5.021038149847862e-05,4.6863022731913386e-05,4.351566396534814e-05,5.3557740265043867e-05,6.694717533130483e-05,6.025245779817435e-05,5.3557740265043867e-05,5.690509903160911e-05,9.037868669726152e-05,5.3557740265043867e-05,6.025245779817435e-05,6.35998165647396e-05,5.3557740265043867e-05,4.351566396534814e-05,7.029453409787007e-05,6.694717533130483e-05,4.351566396534814e-05,7.029453409787007e-05,3.0126228899087174e-05,5.690509903160911e-05,4.01683051987829e-05,4.01683051987829e-05,4.01683051987829e-05,2.008415259939145e-05,2.008415259939145e-05,2.3431511365956693e-05,2.008415259939145e-05,4.351566396534814e-05,2.3431511365956693e-05,2.3431511365956693e-05,3.3473587665652417e-06,1.3389435066260967e-05,6.694717533130483e-06,6.694717533130483e-06,6.694717533130483e-06,2.3431511365956693e-05,6.694717533130483e-06,3.3473587665652417e-06,6.694717533130483e-06,1.0042076299695725e-05,2.008415259939145e-05,0.0,3.3473587665652417e-06,6.694717533130483e-06,3.3473587665652417e-06,6.694717533130483e-06,3.3473587665652417e-06,1.3389435066260967e-05,3.3473587665652417e-06,3.3473587665652417e-06,3.3473587665652417e-06,3.3473587665652417e-06,3.3473587665652417e-06,0.0,1.0042076299695725e-05,3.3473587665652417e-06,3.3473587665652417e-06,0.0,3.3473587665652417e-06,0.0,2.6778870132521933e-05,3.3473587665652417e-06,2.3431511365956693e-05,6.694717533130483e-06,6.694717533130483e-06,3.3473587665652417e-06,3.3473587665652417e-06,3.3473587665652417e-06,6.694717533130483e-06,3.3473587665652417e-06,0.0,0.0,6.694717533130483e-06,1.0042076299695725e-05,6.694717533130483e-06,6.694717533130483e-06,1.0042076299695725e-05,6.694717533130483e-06,3.3473587665652417e-06,6.694717533130483e-06,6.694717533130483e-06,1.0042076299695725e-05,6.694717533130483e-06,3.0126228899087174e-05,1.3389435066260967e-05,3.3473587665652417e-06,1.3389435066260967e-05,1.3389435066260967e-05,1.673679383282621e-05,1.0042076299695725e-05,2.3431511365956693e-05,4.01683051987829e-05,2.6778870132521933e-05,2.6778870132521933e-05,3.682094643221766e-05,2.6778870132521933e-05,4.01683051987829e-05,6.35998165647396e-05,3.0126228899087174e-05,4.6863022731913386e-05,7.364189286443532e-05,1.3389435066260967e-05,0.00010042076299695725,7.698925163100056e-05,4.6863022731913386e-05,5.690509903160911e-05,6.025245779817435e-05,6.35998165647396e-05,4.351566396534814e-05,8.03366103975658e-05,5.021038149847862e-05,7.364189286443532e-05,4.351566396534814e-05,5.690509903160911e-05,4.351566396534814e-05,4.351566396534814e-05,6.35998165647396e-05,6.694717533130483e-05,3.0126228899087174e-05,2.6778870132521933e-05,2.6778870132521933e-05,1.673679383282621e-05,2.6778870132521933e-05,3.682094643221766e-05,4.351566396534814e-05,2.008415259939145e-05,5.021038149847862e-05,3.0126228899087174e-05,3.0126228899087174e-05,5.3557740265043867e-05,2.6778870132521933e-05,4.01683051987829e-05,2.6778870132521933e-05,1.3389435066260967e-05,3.347358766565242e-05,1.3389435066260967e-05,2.008415259939145e-05,5.690509903160911e-05,3.347358766565242e-05,3.0126228899087174e-05,2.3431511365956693e-05,3.347358766565242e-05,1.3389435066260967e-05,1.673679383282621e-05,1.673679383282621e-05,2.3431511365956693e-05,1.673679383282621e-05,1.0042076299695725e-05,3.0126228899087174e-05,3.682094643221766e-05,2.008415259939145e-05,2.3431511365956693e-05,6.694717533130483e-06,2.6778870132521933e-05,1.673679383282621e-05,2.3431511365956693e-05,1.673679383282621e-05,1.3389435066260967e-05,2.008415259939145e-05,2.008415259939145e-05,1.673679383282621e-05,1.673679383282621e-05,2.008415259939145e-05,1.673679383282621e-05,1.673679383282621e-05,1.3389435066260967e-05,2.3431511365956693e-05,3.0126228899087174e-05,1.673679383282621e-05,2.008415259939145e-05,1.3389435066260967e-05,4.351566396534814e-05,3.0126228899087174e-05,6.694717533130483e-06,6.694717533130483e-06,1.3389435066260967e-05,6.694717533130483e-06
1.3389435066260967e-05,2.3431511365956693e-05,1.0042076299695725e-05,1.673679383282621e-05,3.3473587665652417e-06,1.673679383282621e-05,1.3389435066260967e-05,0.0,1.0042076299695725e-05,1.0042076299695725e-05,0.0,1.3389435066260967e-05,6.694717533130483e-06,0.0,1.0042076299695725e-05,6.694717533130483e-06,0.0,6.694717533130483e-06,0.0,3.3473587665652417e-06,0.0,3.3473587665652417e-06,0.0,3.3473587665652417e-06,3.3473587665652417e-06,3.3473587665652417e-06,0.0,0.0,0.0,0.0,3.3473587665652417e-06,0.0,3.3473587665652417e-06,0.0,0.0,3.3473587665652417e-06,3.3473587665652417e-06,6.694717533130483e-06,0.0,0.0,3.3473587665652417e-06,3.3473587665652417e-06,0.0,0.0,0.0,0.0,0.0,0.0,0.0,0.0,0.0,0.0,3.3473587665652417e-06,3.3473587665652417e-06,0.0,0.0,0.0,0.0,0.0,0.0,0.0,0.0,0.0,0.0,0.0,0.0,0.0,0.0,0.0,0.0,0.0,0.0,0.0,0.0,0.0,0.0,0.0,3.3473587665652417e-06,0.0,6.694717533130483e-06,0.0,0.0,3.3473587665652417e-06,0.0,0.0,0.0,0.0,3.3473587665652417e-06,0.0,6.694717533130483e-06,0.0,0.0,3.3473587665652417e-06,0.0,0.0,3.3473587665652417e-06,0.0,0.0,0.0,0.0,0.0,0.0,3.3473587665652417e-06,0.0,0.0,6.694717533130483e-06,1.0042076299695725e-05,6.694717533130483e-06,1.0042076299695725e-05,0.0,6.694717533130483e-06,3.3473587665652417e-06,0.0,6.694717533130483e-06,0.0,0.0,0.0,0.0,0.0,3.3473587665652417e-06,0.0,6.694717533130483e-06,0.0,0.0,6.694717533130483e-06,0.0,1.0042076299695725e-05,3.3473587665652417e-06,3.3473587665652417e-06,1.0042076299695725e-05,0.0,6.694717533130483e-06,3.3473587665652417e-06,6.694717533130483e-06,1.3389435066260967e-05,3.3473587665652417e-06,2.6778870132521933e-05,6.694717533130483e-06,1.3389435066260967e-05,1.3389435066260967e-05,6.694717533130483e-06,1.0042076299695725e-05,6.694717533130483e-06,1.0042076299695725e-05,1.0042076299695725e-05,1.673679383282621e-05,1.673679383282621e-05,6.694717533130483e-06,2.008415259939145e-05,1.3389435066260967e-05,1.3389435066260967e-05,1.0042076299695725e-05,3.0126228899087174e-05,2.008415259939145e-05,1.0042076299695725e-05,2.6778870132521933e-05,6.35998165647396e-05,1.673679383282621e-05,4.01683051987829e-05,2.3431511365956693e-05,2.3431511365956693e-05,1.3389435066260967e-05,1.0042076299695725e-05,2.3431511365956693e-05,1.0042076299695725e-05,1.3389435066260967e-05,3.682094643221766e-05,4.01683051987829e-05,3.347358766565242e-05,1.3389435066260967e-05,2.6778870132521933e-05,2.3431511365956693e-05,3.347358766565242e-05,5.021038149847862e-05,3.0126228899087174e-05,1.0042076299695725e-05,3.0126228899087174e-05,4.6863022731913386e-05,4.01683051987829e-05,2.3431511365956693e-05,5.021038149847862e-05,6.35998165647396e-05,4.6863022731913386e-05,8.03366103975658e-05,4.351566396534814e-05,4.6863022731913386e-05,7.364189286443532e-05,6.025245779817435e-05,6.694717533130483e-05,8.03366103975658e-05,4.351566396534814e-05,8.368396916413105e-05,9.037868669726152e-05,4.01683051987829e-05,5.021038149847862e-05,6.35998165647396e-05,4.6863022731913386e-05,3.347358766565242e-05,8.368396916413105e-05,6.025245779817435e-05,4.01683051987829e-05,3.682094643221766e-05,3.682094643221766e-05,3.0126228899087174e-05,4.6863022731913386e-05,4.6863022731913386e-05,5.690509903160911e-05,3.0126228899087174e-05,4.01683051987829e-05,3.682094643221766e-05,2.008415259939145e-05,1.673679383282621e-05,1.3389435066260967e-05,3.0126228899087174e-05,2.008415259939145e-05,1.3389435066260967e-05,1.3389435066260967e-05,1.0042076299695725e-05,0.0,1.673679383282621e-05,6.694717533130483e-06,1.3389435066260967e-05,3.3473587665652417e-06,6.694717533130483e-06,0.0,0.0,1.3389435066260967e-05,3.3473587665652417e-06,6.694717533130483e-06,3.3473587665652417e-06,0.0,1.673679383282621e-05,0.0,3.3473587665652417e-06,2.6778870132521933e-05,0.0,0.0,0.0,0.0,0.0,3.3473587665652417e-06,6.694717533130483e-06,3.3473587665652417e-06,3.3473587665652417e-06,1.0042076299695725e-05,6.694717533130483e-06,6.694717533130483e-06,0.0,3.3473587665652417e-06,6.694717533130483e-06,1.673679383282621e-05,0.0,2.3431511365956693e-05,1.673679383282621e-05,0.0,6.694717533130483e-06,1.673679383282621e-05,6.694717533130483e-06,1.0042076299695725e-05,3.3473587665652417e-06,1.0042076299695725e-05,2.008415259939145e-05,2.008415259939145e-05,2.008415259939145e-05,6.694717533130483e-06,1.673679383282621e-05,1.673679383282621e-05,6.694717533130483e-06,2.008415259939145e-05,2.3431511365956693e-05,1.3389435066260967e-05,2.008415259939145e-05,4.01683051987829e-05,3.347358766565242e-05,6.35998165647396e-05,6.694717533130483e-06,4.6863022731913386e-05,2.008415259939145e-05,4.6863022731913386e-05,4.351566396534814e-05,6.025245779817435e-05,3.682094643221766e-05,2.6778870132521933e-05,7.029453409787007e-05,8.368396916413105e-05,3.682094643221766e-05,4.351566396534814e-05,6.694717533130483e-05,5.690509903160911e-05,9.037868669726152e-05,6.025245779817435e-05,7.029453409787007e-05,6.35998165647396e-05,4.351566396534814e-05,7.364189286443532e-05,3.347358766565242e-05,6.025245779817435e-05,4.351566396534814e-05,4.01683051987829e-05,7.364189286443532e-05,4.351566396534814e-05,4.01683051987829e-05,2.3431511365956693e-05,3.0126228899087174e-05,3.0126228899087174e-05,5.021038149847862e-05,3.0126228899087174e-05,4.351566396534814e-05,3.0126228899087174e-05,2.3431511365956693e-05,3.0126228899087174e-05,4.01683051987829e-05,3.0126228899087174e-05,2.008415259939145e-05,3.0126228899087174e-05,2.008415259939145e-05,2.008415259939145e-05,2.008415259939145e-05,1.673679383282621e-05,4.351566396534814e-05,2.008415259939145e-05,2.6778870132521933e-05,1.673679383282621e-05,3.0126228899087174e-05,1.673679383282621e-05,3.3473587665652417e-06,1.673679383282621e-05,1.3389435066260967e-05,1.3389435066260967e-05,2.6778870132521933e-05,2.6778870132521933e-05,3.682094643221766e-05,2.6778870132521933e-05,1.0042076299695725e-05,2.3431511365956693e-05,1.673679383282621e-05,2.3431511365956693e-05,1.0042076299695725e-05,1.3389435066260967e-05,2.6778870132521933e-05,2.008415259939145e-05,6.694717533130483e-05,1.3389435066260967e-05,1.673679383282621e-05,3.0126228899087174e-05,3.3473587665652417e-06,3.0126228899087174e-05,1.3389435066260967e-05,1.3389435066260967e-05,2.3431511365956693e-05,2.3431511365956693e-05,1.3389435066260967e-05,6.694717533130483e-06,1.3389435066260967e-05,2.008415259939145e-05,1.673679383282621e-05,6.694717533130483e-06,1.673679383282621e-05,1.673679383282621e-05,1.673679383282621e-05
3.3473587665652417e-06,1.3389435066260967e-05,2.008415259939145e-05,3.3473587665652417e-06,1.3389435066260967e-05,3.3473587665652417e-06,6.694717533130483e-06,1.0042076299695725e-05,1.673679383282621e-05,1.3389435066260967e-05,1.0042076299695725e-05,6.694717533130483e-06,0.0,0.0,1.0042076299695725e-05,3.3473587665652417e-06,6.694717533130483e-06,0.0,3.3473587665652417e-06,0.0,0.0,0.0,1.0042076299695725e-05,0.0,0.0,0.0,3.3473587665652417e-06,0.0,0.0,0.0,3.3473587665652417e-06,0.0,0.0,0.0,3.3473587665652417e-06,3.3473587665652417e-06,0.0,0.0,0.0,0.0,6.694717533130483e-06,0.0,6.694717533130483e-06,0.0,0.0,3.3473587665652417e-06,0.0,3.3473587665652417e-06,0.0,0.0,0.0,0.0,0.0,0.0,0.0,0.0,0.0,0.0,0.0,0.0,0.0,0.0,0.0,0.0,3.3473587665652417e-06,0.0,0.0,0.0,0.0,0.0,0.0,0.0,0.0,0.0,0.0,0.0,0.0,0.0,0.0,3.3473587665652417e-06,0.0,0.0,0.0,3.3473587665652417e-06,0.0,0.0,3.3473587665652417e-06,0.0,0.0,0.0,0.0,0.0,3.3473587665652417e-06,0.0,0.0,0.0,0.0,0.0,0.0,0.0,0.0,0.0,3.3473587665652417e-06,0.0,0.0,6.694717533130483e-06,3.3473587665652417e-06,3.3473587665652417e-06,0.0,0.0,3.3473587665652417e-06,3.3473587665652417e-06,3.3473587665652417e-06,3.3473587665652417e-06,0.0,3.3473587665652417e-06,0.0,0.0,3.3473587665652417e-06,1.673679383282621e-05,6.694717533130483e-06,0.0,6.694717533130483e-06,3.3473587665652417e-06,0.0,0.0,0.0,3.3473587665652417e-06,1.673679383282621e-05,3.3473587665652417e-06,6.694717533130483e-06,1.0042076299695725e-05,3.3473587665652417e-06,1.673679383282621e-05,1.0042076299695725e-05,3.3473587665652417e-06,2.008415259939145e-05,1.3389435066260967e-05,0.0,6.694717533130483e-06,6.694717533130483e-06,1.0042076299695725e-05,1.3389435066260967e-05,1.0042076299695725e-05,3.3473587665652417e-06,5.021038149847862e-05,6.694717533130483e-06,6.694717533130483e-06,1.673679383282621e-05,3.3473587665652417e-06,2.3431511365956693e-05,1.0042076299695725e-05,7.698925163100056e-05,1.3389435066260967e-05,1.0042076299695725e-05,2.6778870132521933e-05,2.3431511365956693e-05,2.6778870132521933e-05,1.0042076299695725e-05,3.347358766565242e-05,3.0126228899087174e-05,2.6778870132521933e-05,6.694717533130483e-06,4.6863022731913386e-05,1.673679383282621e-05,3.347358766565242e-05,3.0126228899087174e-05,4.6863022731913386e-05,2.3431511365956693e-05,2.3431511365956693e-05,3.0126228899087174e-05,1.3389435066260967e-05,2.3431511365956693e-05,2.6778870132521933e-05,2.3431511365956693e-05,1.673679383282621e-05,3.0126228899087174e-05,4.01683051987829e-05,5.021038149847862e-05,2.3431511365956693e-05,4.6863022731913386e-05,6.025245779817435e-05,4.351566396534814e-05,5.3557740265043867e-05,3.682094643221766e-05,5.690509903160911e-05,8.368396916413105e-05,6.694717533130483e-05,9.037868669726152e-05,7.029453409787007e-05,7.364189286443532e-05,5.690509903160911e-05,5.021038149847862e-05,8.368396916413105e-05,6.35998165647396e-05,7.364189286443532e-05,6.025245779817435e-05,5.690509903160911e-05,0.00010042076299695725,5.3557740265043867e-05,5.3557740265043867e-05,5.3557740265043867e-05,6.025245779817435e-05,3.682094643221766e-05,4.01683051987829e-05,2.6778870132521933e-05,5.3557740265043867e-05,2.6778870132521933e-05,2.6778870132521933e-05,2.3431511365956693e-05,3.682094643221766e-05,1.3389435066260967e-05,1.673679383282621e-05,3.3473587665652417e-06,2.3431511365956693e-05,1.673679383282621e-05,1.0042076299695725e-05,1.673679383282621e-05,6.694717533130483e-06,1.3389435066260967e-05,3.3473587665652417e-06,3.3473587665652417e-06,2.008415259939145e-05,0.0,1.673679383282621e-05,6.694717533130483e-06,0.0,0.0,0.0,0.0,3.3473587665652417e-06,6.694717533130483e-06,3.3473587665652417e-06,1.0042076299695725e-05,0.0,3.3473587665652417e-06,0.0,0.0,0.0,0.0,6.694717533130483e-06,0.0,0.0,3.3473587665652417e-06,1.0042076299695725e-05,3.3473587665652417e-06,6.694717533130483e-06,0.0,2.008415259939145e-05,3.3473587665652417e-06,0.0,1.3389435066260967e-05,6.694717533130483e-06,0.0,6.694717533130483e-06,1.0042076299695725e-05,2.6778870132521933e-05,0.0,1.3389435066260967e-05,6.694717533130483e-06,3.3473587665652417e-06,1.3389435066260967e-05,1.673679383282621e-05,1.0042076299695725e-05,1.673679383282621e-05,1.673679383282621e-05,2.3431511365956693e-05,2.6778870132521933e-05,1.0042076299695725e-05,6.694717533130483e-06,6.694717533130483e-06,3.0126228899087174e-05,3.0126228899087174e-05,6.025245779817435e-05,3.682094643221766e-05,2.3431511365956693e-05,4.01683051987829e-05,3.347358766565242e-05,7.029453409787007e-05,0.00014728378572887064,3.347358766565242e-05,6.694717533130483e-05,4.351566396534814e-05,4.01683051987829e-05,4.351566396534814e-05,8.03366103975658e-05,8.368396916413105e-05,6.694717533130483e-05,3.347358766565242e-05,5.3557740265043867e-05,4.6863022731913386e-05,5.3557740265043867e-05,7.029453409787007e-05,7.364189286443532e-05,8.703132793069628e-05,9.372604546382677e-05,3.0126228899087174e-05,4.351566396534814e-05,6.35998165647396e-05,4.351566396534814e-05,5.3557740265043867e-05,4.6863022731913386e-05,5.3557740265043867e-05,3.0126228899087174e-05,3.347358766565242e-05,2.3431511365956693e-05,2.6778870132521933e-05,2.3431511365956693e-05,2.3431511365956693e-05,2.3431511365956693e-05,2.6778870132521933e-05,4.01683051987829e-05,6.025245779817435e-05,3.0126228899087174e-05,4.01683051987829e-05,3.347358766565242e-05,3.0126228899087174e-05,3.347358766565242e-05,3.347358766565242e-05,5.690509903160911e-05,4.6863022731913386e-05,1.3389435066260967e-05,3.0126228899087174e-05,2.008415259939145e-05,1.3389435066260967e-05,2.008415259939145e-05,2.008415259939145e-05,3.0126228899087174e-05,2.008415259939145e-05,1.0042076299695725e-05,2.008415259939145e-05,4.01683051987829e-05,2.008415259939145e-05,2.008415259939145e-05,6.694717533130483e-06,1.3389435066260967e-05,3.347358766565242e-05,3.0126228899087174e-05,6.694717533130483e-06,2.008415259939145e-05,3.347358766565242e-05,1.0042076299695725e-05,1.673679383282621e-05,2.008415259939145e-05,6.694717533130483e-06,3.3473587665652417e-06,1.673679383282621e-05,1.3389435066260967e-05,3.0126228899087174e-05,1.3389435066260967e-05,6.694717533130483e-06,2.008415259939145e-05,1.673679383282621e-05,1.3389435066260967e-05,2.3431511365956693e-05,6.694717533130483e-06,1.673679383282621e-05,1.673679383282621e-05,1.0042076299695725e-05,1.673679383282621e-05
1.673679383282621e-05,3.0126228899087174e-05,4.351566396534814e-05,1.673679383282621e-05,2.3431511365956693e-05,1.0042076299695725e-05,1.3389435066260967e-05,1.0042076299695725e-05,6.694717533130483e-06,1.673679383282621e-05,3.3473587665652417e-06,1.3389435066260967e-05,3.3473587665652417e-06,3.3473587665652417e-06,0.0,3.3473587665652417e-06,3.3473587665652417e-06,3.3473587665652417e-06,3.3473587665652417e-06,3.3473587665652417e-06,0.0,1.3389435066260967e-05,0.0,0.0,0.0,3.3473587665652417e-06,0.0,6.694717533130483e-06,0.0,3.3473587665652417e-06,3.3473587665652417e-06,0.0,0.0,0.0,3.3473587665652417e-06,0.0,0.0,0.0,0.0,0.0,3.3473587665652417e-06,0.0,0.0,0.0,0.0,0.0,0.0,0.0,0.0,0.0,0.0,0.0,0.0,0.0,0.0,0.0,0.0,0.0,0.0,0.0,0.0,0.0,0.0,0.0,0.0,0.0,0.0,0.0,0.0,0.0,0.0,0.0,0.0,0.0,0.0,0.0,0.0,0.0,0.0,0.0,0.0,0.0,0.0,0.0,0.0,0.0,0.0,0.0,0.0,0.0,0.0,0.0,3.3473587665652417e-06,3.3473587665652417e-06,0.0,0.0,0.0,0.0,0.0,0.0,0.0,0.0,3.3473587665652417e-06,3.3473587665652417e-06,0.0,0.0,6.694717533130483e-06,6.694717533130483e-06,3.3473587665652417e-06,0.0,0.0,0.0,0.0,0.0,0.0,0.0,0.0,0.0,1.0042076299695725e-05,6.694717533130483e-06,0.0,0.0,6.694717533130483e-06,1.0042076299695725e-05,3.3473587665652417e-06,3.3473587665652417e-06,3.3473587665652417e-06,3.3473587665652417e-06,3.3473587665652417e-06,3.3473587665652417e-06,6.694717533130483e-06,1.0042076299695725e-05,1.0042076299695725e-05,3.682094643221766e-05,3.3473587665652417e-06,0.0,2.3431511365956693e-05,6.694717533130483e-06,3.3473587665652417e-06,6.694717533130483e-06,3.3473587665652417e-06,0.0,3.0126228899087174e-05,1.3389435066260967e-05,1.0042076299695725e-05,2.3431511365956693e-05,3.0126228899087174e-05,1.0042076299695725e-05,1.0042076299695725e-05,4.01683051987829e-05,2.008415259939145e-05,1.673679383282621e-05,1.673679383282621e-05,1.0042076299695725e-05,2.008415259939145e-05,3.682094643221766e-05,2.3431511365956693e-05,2.3431511365956693e-05,2.008415259939145e-05,2.008415259939145e-05,2.3431511365956693e-05,2.6778870132521933e-05,2.6778870132521933e-05,2.3431511365956693e-05,1.673679383282621e-05,1.3389435066260967e-05,2.008415259939145e-05,1.0042076299695725e-05,2.3431511365956693e-05,2.008415259939145e-05,0.00010711548053008773,2.6778870132521933e-05,4.01683051987829e-05,2.3431511365956693e-05,2.3431511365956693e-05,2.3431511365956693e-05,3.347358766565242e-05,6.025245779817435e-05,5.021038149847862e-05,5.3557740265043867e-05,4.6863022731913386e-05,5.021038149847862e-05,7.364189286443532e-05,3.347358766565242e-05,6.35998165647396e-05,7.364189286443532e-05,7.698925163100056e-05,6.025245779817435e-05,9.037868669726152e-05,0.00010042076299695725,6.694717533130483e-05,9.707340423039201e-05,7.364189286443532e-05,6.694717533130483e-05,8.703132793069628e-05,8.368396916413105e-05,7.364189286443532e-05,9.037868669726152e-05,5.690509903160911e-05,7.698925163100056e-05,6.025245779817435e-05,5.3557740265043867e-05,4.351566396534814e-05,6.35998165647396e-05,3.347358766565242e-05,4.351566396534814e-05,1.3389435066260967e-05,3.0126228899087174e-05,2.6778870132521933e-05,2.6778870132521933e-05,2.3431511365956693e-05,2.008415259939145e-05,1.3389435066260967e-05,1.673679383282621e-05,2.008415259939145e-05,1.0042076299695725e-05,1.3389435066260967e-05,1.3389435066260967e-05,6.694717533130483e-06,3.3473587665652417e-06,1.0042076299695725e-05,6.694717533130483e-06,3.3473587665652417e-06,6.694717533130483e-06,0.0,3.3473587665652417e-06,3.3473587665652417e-06,3.3473587665652417e-06,0.0,0.0,0.0,0.0,0.0,3.3473587665652417e-06,0.0,0.0,3.3473587665652417e-06,3.3473587665652417e-06,0.0,3.3473587665652417e-06,3.3473587665652417e-06,3.3473587665652417e-06,1.3389435066260967e-05,6.694717533130483e-06,6.694717533130483e-06,6.694717533130483e-06,0.0,0.0,0.0,1.3389435066260967e-05,6.694717533130483e-06,1.0042076299695725e-05,6.694717533130483e-06,6.694717533130483e-06,6.694717533130483e-06,6.694717533130483e-06,1.0042076299695725e-05,6.694717533130483e-06,6.694717533130483e-06,2.008415259939145e-05,3.3473587665652417e-06,2.3431511365956693e-05,2.3431511365956693e-05,1.0042076299695725e-05,6.694717533130483e-06,2.008415259939145e-05,6.694717533130483e-06,3.0126228899087174e-05,1.0042076299695725e-05,1.3389435066260967e-05,2.3431511365956693e-05,2.008415259939145e-05,3.682094643221766e-05,4.01683051987829e-05,3.347358766565242e-05,7.698925163100056e-05,3.0126228899087174e-05,3.347358766565242e-05,2.3431511365956693e-05,6.35998165647396e-05,5.690509903160911e-05,4.351566396534814e-05,6.35998165647396e-05,4.6863022731913386e-05,5.021038149847862e-05,7.029453409787007e-05,8.368396916413105e-05,5.3557740265043867e-05,7.029453409787007e-05,5.021038149847862e-05,7.698925163100056e-05,8.368396916413105e-05,8.368396916413105e-05,7.364189286443532e-05,8.368396916413105e-05,8.703132793069628e-05,5.021038149847862e-05,3.347358766565242e-05,3.0126228899087174e-05,3.682094643221766e-05,5.3557740265043867e-05,4.6863022731913386e-05,5.3557740265043867e-05,3.0126228899087174e-05,4.6863022731913386e-05,3.682094643221766e-05,4.6863022731913386e-05,1.673679383282621e-05,2.3431511365956693e-05,2.6778870132521933e-05,2.008415259939145e-05,3.347358766565242e-05,4.6863022731913386e-05,3.0126228899087174e-05,2.008415259939145e-05,4.6863022731913386e-05,3.347358766565242e-05,2.3431511365956693e-05,1.0042076299695725e-05,1.3389435066260967e-05,3.0126228899087174e-05,2.008415259939145e-05,2.008415259939145e-05,2.6778870132521933e-05,2.6778870132521933e-05,6.694717533130483e-06,5.690509903160911e-05,2.6778870132521933e-05,3.0126228899087174e-05,2.008415259939145e-05,3.0126228899087174e-05,2.008415259939145e-05,2.6778870132521933e-05,2.3431511365956693e-05,2.3431511365956693e-05,2.6778870132521933e-05,2.3431511365956693e-05,2.6778870132521933e-05,1.673679383282621e-05,1.0042076299695725e-05,2.3431511365956693e-05,2.008415259939145e-05,1.3389435066260967e-05,3.347358766565242e-05,1.0042076299695725e-05,1.673679383282621e-05,1.0042076299695725e-05,1.673679383282621e-05,1.0042076299695725e-05,1.3389435066260967e-05,1.673679383282621e-05,1.0042076299695725e-05,1.0042076299695725e-05,1.3389435066260967e-05,0.0,2.008415259939145e-05,6.694717533130483e-06,2.008415259939145e-05,1.3389435066260967e-05,3.347358766565242e-05
6.694717533130483e-06,1.0042076299695725e-05,2.008415259939145e-05,2.6778870132521933e-05,3.3473587665652417e-06,6.694717533130483e-06,1.0042076299695725e-05,3.3473587665652417e-06,3.347358766565242e-05,6.694717533130483e-06,1.0042076299695725e-05,0.0,1.0042076299695725e-05,3.3473587665652417e-06,0.0,3.3473587665652417e-06,6.694717533130483e-06,0.0,0.0,0.0,3.3473587665652417e-06,0.0,0.0,6.694717533130483e-06,3.3473587665652417e-06,3.3473587665652417e-06,0.0,0.0,3.3473587665652417e-06,0.0,0.0,0.0,0.0,0.0,0.0,3.3473587665652417e-06,0.0,0.0,0.0,0.0,3.3473587665652417e-06,0.0,6.694717533130483e-06,0.0,0.0,0.0,0.0,3.3473587665652417e-06,3.3473587665652417e-06,0.0,0.0,0.0,0.0,0.0,0.0,0.0,3.3473587665652417e-06,0.0,0.0,0.0,0.0,0.0,0.0,0.0,0.0,0.0,0.0,0.0,3.3473587665652417e-06,0.0,0.0,0.0,0.0,0.0,3.3473587665652417e-06,0.0,0.0,0.0,0.0,0.0,0.0,6.694717533130483e-06,0.0,3.3473587665652417e-06,0.0,0.0,3.3473587665652417e-06,3.3473587665652417e-06,0.0,0.0,0.0,0.0,0.0,0.0,0.0,0.0,0.0,0.0,0.0,3.3473587665652417e-06,0.0,3.3473587665652417e-06,3.3473587665652417e-06,0.0,6.694717533130483e-06,0.0,0.0,3.3473587665652417e-06,3.3473587665652417e-06,3.3473587665652417e-06,0.0,1.0042076299695725e-05,0.0,3.3473587665652417e-06,0.0,0.0,0.0,0.0,1.0042076299695725e-05,0.0,6.694717533130483e-06,3.3473587665652417e-06,3.3473587665652417e-06,1.0042076299695725e-05,3.3473587665652417e-06,1.3389435066260967e-05,0.0,3.3473587665652417e-06,0.0,0.0,1.3389435066260967e-05,1.0042076299695725e-05,3.3473587665652417e-06,3.3473587665652417e-06,1.3389435066260967e-05,6.694717533130483e-06,1.3389435066260967e-05,1.0042076299695725e-05,1.673679383282621e-05,6.694717533130483e-06,1.673679383282621e-05,1.673679383282621e-05,3.3473587665652417e-06,3.0126228899087174e-05,6.694717533130483e-06,1.3389435066260967e-05,2.6778870132521933e-05,1.673679383282621e-05,2.008415259939145e-05,2.008415259939145e-05,1.3389435066260967e-05,2.008415259939145e-05,2.3431511365956693e-05,2.008415259939145e-05,3.682094643221766e-05,3.682094643221766e-05,6.694717533130483e-06,2.008415259939145e-05,3.0126228899087174e-05,1.673679383282621e-05,3.347358766565242e-05,4.6863022731913386e-05,2.008415259939145e-05,1.673679383282621e-05,3.347358766565242e-05,1.673679383282621e-05,1.673679383282621e-05,2.3431511365956693e-05,3.347358766565242e-05,2.3431511365956693e-05,2.3431511365956693e-05,4.01683051987829e-05,4.6863022731913386e-05,7.364189286443532e-05,6.694717533130483e-05,3.682094643221766e-05,7.029453409787007e-05,3.0126228899087174e-05,3.682094643221766e-05,4.351566396534814e-05,5.021038149847862e-05,9.372604546382677e-05,9.037868669726152e-05,5.690509903160911e-05,0.00010042076299695725,9.707340423039201e-05,6.025245779817435e-05,5.690509903160911e-05,7.364189286443532e-05,6.35998165647396e-05,8.03366103975658e-05,7.029453409787007e-05,8.368396916413105e-05,6.35998165647396e-05,7.029453409787007e-05,0.00011046283929665297,0.00015732586202856636,6.694717533130483e-05,0.0001037681217635225,0.0001037681217635225,6.35998165647396e-05,5.021038149847862e-05,4.351566396534814e-05,4.6863022731913386e-05,2.008415259939145e-05,2.3431511365956693e-05,3.682094643221766e-05,3.347358766565242e-05,2.008415259939145e-05,3.347358766565242e-05,2.008415259939145e-05,1.0042076299695725e-05,2.008415259939145e-05,2.6778870132521933e-05,6.694717533130483e-06,1.0042076299695725e-05,1.673679383282621e-05,1.3389435066260967e-05,1.0042076299695725e-05,3.347358766565242e-05,0.0,6.694717533130483e-06,3.3473587665652417e-06,0.0,0.0,3.3473587665652417e-06,1.0042076299695725e-05,3.3473587665652417e-06,1.3389435066260967e-05,0.0,1.0042076299695725e-05,0.0,3.3473587665652417e-06,1.0042076299695725e-05,6.694717533130483e-06,3.3473587665652417e-06,3.3473587665652417e-06,3.3473587665652417e-06,0.0,0.0,0.0,0.0,0.0,0.0,3.3473587665652417e-06,0.0,3.3473587665652417e-06,1.3389435066260967e-05,3.3473587665652417e-06,0.0,0.0,3.3473587665652417e-06,0.0,3.3473587665652417e-06,3.3473587665652417e-06,0.0,3.3473587665652417e-06,1.673679383282621e-05,3.3473587665652417e-06,6.694717533130483e-06,1.0042076299695725e-05,3.3473587665652417e-06,1.3389435066260967e-05,6.694717533130483e-06,2.3431511365956693e-05,1.3389435066260967e-05,1.3389435066260967e-05,1.3389435066260967e-05,1.673679383282621e-05,4.01683051987829e-05,1.3389435066260967e-05,6.694717533130483e-06,1.673679383282621e-05,2.3431511365956693e-05,3.347358766565242e-05,4.01683051987829e-05,3.682094643221766e-05,2.6778870132521933e-05,3.347358766565242e-05,7.029453409787007e-05,6.025245779817435e-05,5.3557740265043867e-05,5.021038149847862e-05,7.029453409787007e-05,0.00011381019806321822,5.021038149847862e-05,6.694717533130483e-05,9.707340423039201e-05,8.703132793069628e-05,5.690509903160911e-05,6.35998165647396e-05,5.3557740265043867e-05,6.35998165647396e-05,5.690509903160911e-05,5.690509903160911e-05,3.347358766565242e-05,8.368396916413105e-05,0.00010042076299695725,3.347358766565242e-05,7.364189286443532e-05,7.029453409787007e-05,4.6863022731913386e-05,6.025245779817435e-05,5.690509903160911e-05,3.682094643221766e-05,3.682094643221766e-05,3.682094643221766e-05,4.01683051987829e-05,6.35998165647396e-05,3.347358766565242e-05,3.682094643221766e-05,1.0042076299695725e-05,2.008415259939145e-05,3.0126228899087174e-05,2.3431511365956693e-05,3.682094643221766e-05,3.347358766565242e-05,6.025245779817435e-05,1.673679383282621e-05,3.682094643221766e-05,3.682094643221766e-05,2.008415259939145e-05,4.6863022731913386e-05,3.682094643221766e-05,2.008415259939145e-05,3.347358766565242e-05,4.351566396534814e-05,3.0126228899087174e-05,3.347358766565242e-05,5.021038149847862e-05,2.008415259939145e-05,3.0126228899087174e-05,1.0042076299695725e-05,4.351566396534814e-05,2.008415259939145e-05,2.008415259939145e-05,1.673679383282621e-05,1.673679383282621e-05,1.673679383282621e-05,1.673679383282621e-05,2.3431511365956693e-05,1.3389435066260967e-05,3.347358766565242e-05,2.008415259939145e-05,1.0042076299695725e-05,2.6778870132521933e-05,1.673679383282621e-05,3.682094643221766e-05,1.3389435066260967e-05,6.694717533130483e-06,1.0042076299695725e-05,1.3389435066260967e-05,1.0042076299695725e-05,1.0042076299695725e-05,2.008415259939145e-05,1.0042076299695725e-05,3.3473587665652417e-06,2.3431511365956693e-05,2.008415259939145e-05,2.6778870132521933e-05
2.3431511365956693e-05,1.0042076299695725e-05,1.673679383282621e-05,1.0042076299695725e-05,1.3389435066260967e-05,1.0042076299695725e-05,6.694717533130483e-06,1.0042076299695725e-05,2.3431511365956693e-05,1.0042076299695725e-05,1.3389435066260967e-05,0.0,6.694717533130483e-06,3.3473587665652417e-06,3.3473587665652417e-06,3.3473587665652417e-06,6.694717533130483e-06,3.3473587665652417e-06,3.3473587665652417e-06,3.3473587665652417e-06,3.3473587665652417e-06,0.0,1.0042076299695725e-05,3.3473587665652417e-06,0.0,0.0,6.694717533130483e-06,0.0,3.3473587665652417e-06,0.0,0.0,0.0,0.0,3.3473587665652417e-06,0.0,0.0,0.0,0.0,3.3473587665652417e-06,0.0,3.3473587665652417e-06,0.0,0.0,3.3473587665652417e-06,0.0,0.0,3.3473587665652417e-06,0.0,3.3473587665652417e-06,0.0,0.0,0.0,0.0,0.0,0.0,0.0,0.0,0.0,0.0,0.0,0.0,0.0,0.0,0.0,0.0,3.3473587665652417e-06,0.0,0.0,0.0,0.0,0.0,0.0,0.0,0.0,0.0,0.0,3.3473587665652417e-06,0.0,0.0,0.0,0.0,0.0,0.0,0.0,0.0,6.694717533130483e-06,3.3473587665652417e-06,0.0,0.0,0.0,0.0,0.0,3.3473587665652417e-06,3.3473587665652417e-06,3.3473587665652417e-06,0.0,0.0,0.0,0.0,0.0,0.0,0.0,0.0,0.0,0.0,0.0,0.0,0.0,3.3473587665652417e-06,3.3473587665652417e-06,0.0,0.0,6.694717533130483e-06,6.694717533130483e-06,3.3473587665652417e-06,0.0,0.0,3.3473587665652417e-06,0.0,3.3473587665652417e-06,3.3473587665652417e-06,3.3473587665652417e-06,0.0,0.0,0.0,3.3473587665652417e-06,3.3473587665652417e-06,1.3389435066260967e-05,6.694717533130483e-06,1.3389435066260967e-05,0.0,1.0042076299695725e-05,6.694717533130483e-06,1.673679383282621e-05,1.673679383282621e-05,1.3389435066260967e-05,1.0042076299695725e-05,1.3389435066260967e-05,3.3473587665652417e-06,0.0,4.01683051987829e-05,6.694717533130483e-06,6.694717533130483e-06,1.3389435066260967e-05,1.3389435066260967e-05,3.0126228899087174e-05,3.347358766565242e-05,2.3431511365956693e-05,2.3431511365956693e-05,3.0126228899087174e-05,6.694717533130483e-06,6.694717533130483e-06,1.3389435066260967e-05,1.673679383282621e-05,1.0042076299695725e-05,2.3431511365956693e-05,2.6778870132521933e-05,1.673679383282621e-05,2.008415259939145e-05,2.008415259939145e-05,2.3431511365956693e-05,2.6778870132521933e-05,2.3431511365956693e-05,1.673679383282621e-05,4.01683051987829e-05,4.351566396534814e-05,3.0126228899087174e-05,5.021038149847862e-05,3.682094643221766e-05,3.682094643221766e-05,2.6778870132521933e-05,4.6863022731913386e-05,3.0126228899087174e-05,5.690509903160911e-05,3.682094643221766e-05,5.690509903160911e-05,5.021038149847862e-05,7.029453409787007e-05,4.351566396534814e-05,5.3557740265043867e-05,6.025245779817435e-05,5.021038149847862e-05,5.690509903160911e-05,8.03366103975658e-05,7.029453409787007e-05,5.3557740265043867e-05,8.03366103975658e-05,7.698925163100056e-05,7.364189286443532e-05,8.03366103975658e-05,7.364189286443532e-05,8.703132793069628e-05,0.00011046283929665297,0.00015397850326200112,7.364189286443532e-05,6.35998165647396e-05,8.03366103975658e-05,4.351566396534814e-05,7.029453409787007e-05,7.029453409787007e-05,5.690509903160911e-05,5.3557740265043867e-05,4.6863022731913386e-05,3.0126228899087174e-05,5.690509903160911e-05,2.008415259939145e-05,2.3431511365956693e-05,1.673679383282621e-05,4.01683051987829e-05,2.3431511365956693e-05,1.0042076299695725e-05,3.347358766565242e-05,2.6778870132521933e-05,2.3431511365956693e-05,1.673679383282621e-05,1.0042076299695725e-05,3.3473587665652417e-06,1.3389435066260967e-05,6.694717533130483e-06,3.3473587665652417e-06,1.673679383282621e-05,0.0,2.008415259939145e-05,1.0042076299695725e-05,1.0042076299695725e-05,3.3473587665652417e-06,1.0042076299695725e-05,1.0042076299695725e-05,0.0,3.3473587665652417e-06,6.694717533130483e-06,3.3473587665652417e-06,0.0,6.694717533130483e-06,0.0,0.0,1.0042076299695725e-05,6.694717533130483e-06,0.0,3.3473587665652417e-06,3.3473587665652417e-06,1.0042076299695725e-05,0.0,0.0,0.0,0.0,3.3473587665652417e-06,6.694717533130483e-06,3.3473587665652417e-06,0.0,6.694717533130483e-06,0.0,3.3473587665652417e-06,1.3389435066260967e-05,3.3473587665652417e-06,1.0042076299695725e-05,3.3473587665652417e-06,6.694717533130483e-06,6.694717533130483e-06,0.0,6.694717533130483e-06,3.3473587665652417e-06,4.01683051987829e-05,6.694717533130483e-06,1.3389435066260967e-05,6.694717533130483e-06,2.008415259939145e-05,3.347358766565242e-05,1.673679383282621e-05,1.0042076299695725e-05,3.682094643221766e-05,1.3389435066260967e-05,4.351566396534814e-05,5.021038149847862e-05,2.008415259939145e-05,4.01683051987829e-05,4.6863022731913386e-05,5.690509903160911e-05,8.03366103975658e-05,3.0126228899087174e-05,5.021038149847862e-05,4.351566396534814e-05,5.690509903160911e-05,5.690509903160911e-05,7.029453409787007e-05,3.682094643221766e-05,8.703132793069628e-05,6.694717533130483e-05,0.00014393642696230538,0.0001037681217635225,7.364189286443532e-05,7.364189286443532e-05,7.698925163100056e-05,5.690509903160911e-05,9.707340423039201e-05,5.3557740265043867e-05,5.690509903160911e-05,7.364189286443532e-05,4.351566396534814e-05,5.021038149847862e-05,6.35998165647396e-05,4.01683051987829e-05,4.351566396534814e-05,3.0126228899087174e-05,4.01683051987829e-05,4.01683051987829e-05,3.347358766565242e-05,5.3557740265043867e-05,4.351566396534814e-05,3.0126228899087174e-05,2.6778870132521933e-05,3.0126228899087174e-05,2.3431511365956693e-05,5.021038149847862e-05,2.008415259939145e-05,3.0126228899087174e-05,4.01683051987829e-05,3.347358766565242e-05,7.029453409787007e-05,2.3431511365956693e-05,2.6778870132521933e-05,2.008415259939145e-05,2.6778870132521933e-05,2.6778870132521933e-05,1.3389435066260967e-05,1.673679383282621e-05,4.01683051987829e-05,3.0126228899087174e-05,2.6778870132521933e-05,1.673679383282621e-05,3.0126228899087174e-05,2.6778870132521933e-05,1.3389435066260967e-05,6.694717533130483e-06,2.6778870132521933e-05,2.6778870132521933e-05,3.682094643221766e-05,5.690509903160911e-05,2.6778870132521933e-05,6.694717533130483e-06,3.347358766565242e-05,2.6778870132521933e-05,1.3389435066260967e-05,1.673679383282621e-05,1.673679383282621e-05,3.347358766565242e-05,2.008415259939145e-05,3.3473587665652417e-06,6.694717533130483e-06,1.673679383282621e-05,1.3389435066260967e-05,2.3431511365956693e-05,1.673679383282621e-05,1.673679383282621e-05,1.3389435066260967e-05,1.3389435066260967e-05,6.694717533130483e-06,2.008415259939145e-05,2.3431511365956693e-05,2.3431511365956693e-05
2.008415259939145e-05,2.6778870132521933e-05,4.351566396534814e-05,2.008415259939145e-05,4.01683051987829e-05,1.0042076299695725e-05,2.3431511365956693e-05,1.0042076299695725e-05,6.694717533130483e-06,2.008415259939145e-05,6.694717533130483e-06,3.3473587665652417e-06,1.3389435066260967e-05,3.3473587665652417e-06,0.0,0.0,3.3473587665652417e-06,0.0,0.0,0.0,0.0,3.3473587665652417e-06,6.694717533130483e-06,3.3473587665652417e-06,3.3473587665652417e-06,0.0,3.3473587665652417e-06,0.0,0.0,0.0,0.0,0.0,0.0,3.3473587665652417e-06,0.0,3.3473587665652417e-06,0.0,3.3473587665652417e-06,0.0,3.3473587665652417e-06,0.0,0.0,0.0,0.0,0.0,3.3473587665652417e-06,6.694717533130483e-06,0.0,3.3473587665652417e-06,0.0,0.0,3.3473587665652417e-06,0.0,0.0,0.0,0.0,0.0,0.0,0.0,3.3473587665652417e-06,0.0,0.0,0.0,0.0,0.0,3.3473587665652417e-06,0.0,0.0,0.0,0.0,3.3473587665652417e-06,0.0,0.0,0.0,0.0,0.0,3.3473587665652417e-06,0.0,0.0,0.0,0.0,0.0,0.0,0.0,0.0,0.0,3.3473587665652417e-06,0.0,3.3473587665652417e-06,0.0,0.0,0.0,0.0,6.694717533130483e-06,0.0,0.0,3.3473587665652417e-06,0.0,0.0,3.3473587665652417e-06,0.0,3.3473587665652417e-06,3.3473587665652417e-06,3.3473587665652417e-06,0.0,0.0,0.0,0.0,3.3473587665652417e-06,6.694717533130483e-06,0.0,0.0,0.0,0.0,0.0,3.3473587665652417e-06,0.0,0.0,0.0,1.3389435066260967e-05,6.694717533130483e-06,0.0,3.3473587665652417e-06,0.0,3.3473587665652417e-06,3.3473587665652417e-06,3.3473587665652417e-06,6.694717533130483e-06,6.694717533130483e-06,1.3389435066260967e-05,3.3473587665652417e-06,3.3473587665652417e-06,3.3473587665652417e-06,6.694717533130483e-06,2.3431511365956693e-05,1.0042076299695725e-05,2.008415259939145e-05,3.0126228899087174e-05,1.3389435066260967e-05,3.3473587665652417e-06,2.3431511365956693e-05,2.6778870132521933e-05,1.0042076299695725e-05,1.0042076299695725e-05,4.01683051987829e-05,3.3473587665652417e-06,4.351566396534814e-05,1.673679383282621e-05,1.3389435066260967e-05,2.6778870132521933e-05,1.673679383282621e-05,0.0001205049155963487,4.351566396534814e-05,1.673679383282621e-05,2.3431511365956693e-05,2.008415259939145e-05,2.3431511365956693e-05,4.351566396534814e-05,5.3557740265043867e-05,2.008415259939145e-05,3.347358766565242e-05,3.0126228899087174e-05,2.6778870132521933e-05,3.347358766565242e-05,6.694717533130483e-05,3.682094643221766e-05,4.351566396534814e-05,4.6863022731913386e-05,7.029453409787007e-05,4.351566396534814e-05,2.6778870132521933e-05,3.347358766565242e-05,4.6863022731913386e-05,6.025245779817435e-05,4.6863022731913386e-05,3.0126228899087174e-05,6.694717533130483e-05,4.351566396534814e-05,8.368396916413105e-05,6.025245779817435e-05,7.364189286443532e-05,4.6863022731913386e-05,6.025245779817435e-05,7.029453409787007e-05,5.3557740265043867e-05,0.0001037681217635225,0.0001037681217635225,4.351566396534814e-05,0.00015397850326200112,6.694717533130483e-05,9.372604546382677e-05,6.694717533130483e-05,0.0001205049155963487,0.00012385227436291393,0.00011046283929665297,0.00011381019806321822,6.35998165647396e-05,6.35998165647396e-05,7.364189286443532e-05,5.3557740265043867e-05,2.6778870132521933e-05,5.3557740265043867e-05,4.6863022731913386e-05,5.021038149847862e-05,4.01683051987829e-05,3.682094643221766e-05,3.682094643221766e-05,3.682094643221766e-05,1.3389435066260967e-05,2.3431511365956693e-05,2.6778870132521933e-05,4.351566396534814e-05,1.3389435066260967e-05,2.6778870132521933e-05,1.3389435066260967e-05,1.673679383282621e-05,1.0042076299695725e-05,1.673679383282621e-05,6.694717533130483e-06,3.3473587665652417e-06,1.0042076299695725e-05,1.0042076299695725e-05,1.673679383282621e-05,6.694717533130483e-06,1.0042076299695725e-05,1.0042076299695725e-05,1.0042076299695725e-05,3.3473587665652417e-06,1.0042076299695725e-05,0.0,3.3473587665652417e-06,0.0,1.3389435066260967e-05,1.673679383282621e-05,0.0,6.694717533130483e-06,0.0,3.3473587665652417e-06,6.694717533130483e-06,6.694717533130483e-06,3.3473587665652417e-06,3.3473587665652417e-06,6.694717533130483e-06,6.694717533130483e-06,6.694717533130483e-06,3.3473587665652417e-06,6.694717533130483e-06,1.0042076299695725e-05,6.694717533130483e-06,3.3473587665652417e-06,0.0,3.3473587665652417e-06,2.008415259939145e-05,1.3389435066260967e-05,6.694717533130483e-06,1.673679383282621e-05,0.0,1.0042076299695725e-05,1.3389435066260967e-05,1.0042076299695725e-05,1.0042076299695725e-05,1.673679383282621e-05,6.694717533130483e-06,1.3389435066260967e-05,1.3389435066260967e-05,1.0042076299695725e-05,6.694717533130483e-06,1.0042076299695725e-05,6.694717533130483e-06,1.673679383282621e-05,3.682094643221766e-05,2.3431511365956693e-05,2.3431511365956693e-05,2.6778870132521933e-05,3.682094643221766e-05,3.0126228899087174e-05,4.01683051987829e-05,3.682094643221766e-05,5.021038149847862e-05,4.01683051987829e-05,6.694717533130483e-05,6.35998165647396e-05,6.35998165647396e-05,7.698925163100056e-05,6.35998165647396e-05,7.364189286443532e-05,5.690509903160911e-05,6.025245779817435e-05,5.690509903160911e-05,6.694717533130483e-05,7.364189286443532e-05,5.690509903160911e-05,7.029453409787007e-05,8.703132793069628e-05,9.372604546382677e-05,3.682094643221766e-05,4.6863022731913386e-05,9.372604546382677e-05,6.025245779817435e-05,7.364189286443532e-05,6.025245779817435e-05,4.351566396534814e-05,6.35998165647396e-05,4.6863022731913386e-05,4.351566396534814e-05,4.01683051987829e-05,5.690509903160911e-05,3.0126228899087174e-05,5.3557740265043867e-05,1.3389435066260967e-05,4.351566396534814e-05,3.347358766565242e-05,5.021038149847862e-05,3.682094643221766e-05,1.3389435066260967e-05,2.3431511365956693e-05,3.347358766565242e-05,4.351566396534814e-05,2.6778870132521933e-05,3.0126228899087174e-05,2.6778870132521933e-05,2.008415259939145e-05,3.682094643221766e-05,1.673679383282621e-05,2.3431511365956693e-05,2.3431511365956693e-05,2.6778870132521933e-05,2.008415259939145e-05,2.6778870132521933e-05,2.008415259939145e-05,4.6863022731913386e-05,6.35998165647396e-05,2.008415259939145e-05,5.021038149847862e-05,2.6778870132521933e-05,5.3557740265043867e-05,6.694717533130483e-06,3.0126228899087174e-05,2.6778870132521933e-05,2.008415259939145e-05,2.3431511365956693e-05,1.673679383282621e-05,2.008415259939145e-05,1.3389435066260967e-05,3.0126228899087174e-05,1.0042076299695725e-05,1.0042076299695725e-05,2.6778870132521933e-05,4.351566396534814e-05,3.0126228899087174e-05,2.3431511365956693e-05,3.0126228899087174e-05,1.3389435066260967e-05,2.3431511365956693e-05,3.3473587665652417e-06,1.673679383282621e-05,1.3389435066260967e-05,1.673679383282621e-05,1.3389435066260967e-05,2.008415259939145e-05
3.0126228899087174e-05,1.0042076299695725e-05,2.008415259939145e-05,2.008415259939145e-05,1.3389435066260967e-05,2.008415259939145e-05,1.0042076299695725e-05,1.3389435066260967e-05,0.0,1.673679383282621e-05,3.3473587665652417e-06,1.3389435066260967e-05,0.0,3.3473587665652417e-06,3.3473587665652417e-06,3.3473587665652417e-06,1.3389435066260967e-05,0.0,6.694717533130483e-06,0.0,6.694717533130483e-06,0.0,3.3473587665652417e-06,0.0,3.3473587665652417e-06,3.3473587665652417e-06,6.694717533130483e-06,3.3473587665652417e-06,0.0,0.0,0.0,6.694717533130483e-06,3.3473587665652417e-06,0.0,0.0,0.0,0.0,3.3473587665652417e-06,0.0,0.0,0.0,0.0,0.0,0.0,0.0,0.0,0.0,0.0,0.0,0.0,0.0,0.0,0.0,0.0,0.0,0.0,0.0,0.0,0.0,0.0,0.0,0.0,0.0,0.0,0.0,0.0,0.0,3.3473587665652417e-06,0.0,0.0,0.0,0.0,0.0,0.0,0.0,3.3473587665652417e-06,0.0,0.0,0.0,0.0,3.3473587665652417e-06,0.0,6.694717533130483e-06,0.0,0.0,6.694717533130483e-06,0.0,0.0,0.0,0.0,0.0,0.0,3.3473587665652417e-06,0.0,0.0,3.3473587665652417e-06,0.0,0.0,6.694717533130483e-06,3.3473587665652417e-06,0.0,0.0,0.0,0.0,3.3473587665652417e-06,0.0,3.3473587665652417e-06,0.0,0.0,0.0,0.0,0.0,0.0,0.0,0.0,0.0,6.694717533130483e-06,0.0,0.0,0.0,3.3473587665652417e-06,1.673679383282621e-05,6.694717533130483e-06,1.0042076299695725e-05,3.3473587665652417e-06,3.3473587665652417e-06,0.0,0.0,3.0126228899087174e-05,6.694717533130483e-06,1.0042076299695725e-05,0.0,6.694717533130483e-06,6.694717533130483e-06,3.3473587665652417e-06,1.3389435066260967e-05,2.008415259939145e-05,2.6778870132521933e-05,1.0042076299695725e-05,3.3473587665652417e-06,1.0042076299695725e-05,1.0042076299695725e-05,1.673679383282621e-05,1.0042076299695725e-05,2.3431511365956693e-05,2.3431511365956693e-05,3.347358766565242e-05,1.0042076299695725e-05,2.6778870132521933e-05,2.6778870132521933e-05,3.0126228899087174e-05,1.3389435066260967e-05,2.6778870132521933e-05,2.008415259939145e-05,6.694717533130483e-06,6.025245779817435e-05,5.3557740265043867e-05,4.01683051987829e-05,3.0126228899087174e-05,3.347358766565242e-05,2.6778870132521933e-05,2.6778870132521933e-05,2.6778870132521933e-05,5.021038149847862e-05,2.3431511365956693e-05,3.0126228899087174e-05,4.01683051987829e-05,4.01683051987829e-05,4.01683051987829e-05,3.347358766565242e-05,3.682094643221766e-05,3.347358766565242e-05,7.029453409787007e-05,3.0126228899087174e-05,7.364189286443532e-05,4.6863022731913386e-05,5.690509903160911e-05,4.6863022731913386e-05,4.6863022731913386e-05,9.707340423039201e-05,7.698925163100056e-05,8.703132793069628e-05,0.0001037681217635225,0.00013054699189604443,0.00010042076299695725,7.029453409787007e-05,0.00010042076299695725,4.351566396534814e-05,5.690509903160911e-05,0.00011715755682978346,0.00011381019806321822,0.00010711548053008773,7.364189286443532e-05,8.703132793069628e-05,9.372604546382677e-05,0.00010711548053008773,6.025245779817435e-05,7.029453409787007e-05,9.037868669726152e-05,4.6863022731913386e-05,4.01683051987829e-05,4.6863022731913386e-05,7.364189286443532e-05,3.682094643221766e-05,5.3557740265043867e-05,2.3431511365956693e-05,2.6778870132521933e-05,2.3431511365956693e-05,1.673679383282621e-05,4.351566396534814e-05,6.694717533130483e-06,2.008415259939145e-05,6.694717533130483e-06,2.008415259939145e-05,1.0042076299695725e-05,1.673679383282621e-05,1.0042076299695725e-05,3.3473587665652417e-06,1.3389435066260967e-05,6.694717533130483e-06,1.3389435066260967e-05,3.3473587665652417e-06,2.008415259939145e-05,1.0042076299695725e-05,3.3473587665652417e-06,0.0,3.3473587665652417e-06,6.694717533130483e-06,1.0042076299695725e-05,1.0042076299695725e-05,0.0,3.3473587665652417e-06,6.694717533130483e-06,0.0,3.3473587665652417e-06,6.694717533130483e-06,1.3389435066260967e-05,1.3389435066260967e-05,1.0042076299695725e-05,1.0042076299695725e-05,0.0,6.694717533130483e-06,0.0,0.0,0.0,3.3473587665652417e-06,6.694717533130483e-06,1.0042076299695725e-05,3.3473587665652417e-06,0.0,1.673679383282621e-05,0.0,0.0,6.694717533130483e-06,1.0042076299695725e-05,1.0042076299695725e-05,0.0,1.3389435066260967e-05,2.3431511365956693e-05,1.0042076299695725e-05,1.673679383282621e-05,1.3389435066260967e-05,2.3431511365956693e-05,2.6778870132521933e-05,1.0042076299695725e-05,2.008415259939145e-05,2.008415259939145e-05,2.3431511365956693e-05,1.0042076299695725e-05,1.673679383282621e-05,1.3389435066260967e-05,2.6778870132521933e-05,3.347358766565242e-05,3.0126228899087174e-05,2.6778870132521933e-05,3.0126228899087174e-05,2.6778870132521933e-05,4.01683051987829e-05,4.6863022731913386e-05,4.351566396534814e-05,6.35998165647396e-05,5.690509903160911e-05,7.364189286443532e-05,8.03366103975658e-05,5.690509903160911e-05,6.025245779817435e-05,3.682094643221766e-05,4.351566396534814e-05,7.029453409787007e-05,4.351566396534814e-05,8.03366103975658e-05,8.703132793069628e-05,6.694717533130483e-05,7.364189286443532e-05,9.372604546382677e-05,5.021038149847862e-05,9.707340423039201e-05,6.025245779817435e-05,4.351566396534814e-05,4.351566396534814e-05,4.6863022731913386e-05,6.025245779817435e-05,5.690509903160911e-05,6.35998165647396e-05,4.351566396534814e-05,3.347358766565242e-05,4.351566396534814e-05,2.6778870132521933e-05,5.021038149847862e-05,2.3431511365956693e-05,3.347358766565242e-05,1.673679383282621e-05,3.682094643221766e-05,2.6778870132521933e-05,4.6863022731913386e-05,3.0126228899087174e-05,3.0126228899087174e-05,3.0126228899087174e-05,1.673679383282621e-05,4.351566396534814e-05,3.0126228899087174e-05,3.0126228899087174e-05,3.0126228899087174e-05,2.008415259939145e-05,3.347358766565242e-05,2.6778870132521933e-05,4.01683051987829e-05,1.0042076299695725e-05,4.351566396534814e-05,9.372604546382677e-05,2.6778870132521933e-05,4.6863022731913386e-05,3.347358766565242e-05,2.6778870132521933e-05,1.0042076299695725e-05,2.6778870132521933e-05,3.0126228899087174e-05,1.3389435066260967e-05,3.682094643221766e-05,3.3473587665652417e-06,3.347358766565242e-05,2.008415259939145e-05,1.3389435066260967e-05,6.694717533130483e-06,2.3431511365956693e-05,6.694717533130483e-06,2.008415259939145e-05,2.008415259939145e-05,1.673679383282621e-05,1.0042076299695725e-05,1.673679383282621e-05,1.673679383282621e-05,1.3389435066260967e-05,1.0042076299695725e-05,2.6778870132521933e-05,1.3389435066260967e-05,1.673679383282621e-05,6.694717533130483e-06,2.6778870132521933e-05,2.3431511365956693e-05
3.3473587665652417e-06,3.3473587665652417e-06,1.3389435066260967e-05,2.008415259939145e-05,6.694717533130483e-06,2.3431511365956693e-05,1.0042076299695725e-05,1.3389435066260967e-05,3.3473587665652417e-06,0.0,1.0042076299695725e-05,1.3389435066260967e-05,6.694717533130483e-06,0.0,6.694717533130483e-06,6.694717533130483e-06,0.0,0.0,6.694717533130483e-06,6.694717533130483e-06,0.0,6.694717533130483e-06,0.0,6.694717533130483e-06,1.0042076299695725e-05,0.0,0.0,3.3473587665652417e-06,3.3473587665652417e-06,1.0042076299695725e-05,0.0,0.0,0.0,0.0,0.0,0.0,0.0,3.3473587665652417e-06,0.0,3.3473587665652417e-06,0.0,0.0,0.0,0.0,0.0,0.0,0.0,0.0,0.0,0.0,0.0,0.0,0.0,0.0,0.0,0.0,0.0,0.0,0.0,0.0,0.0,0.0,0.0,0.0,0.0,0.0,0.0,0.0,0.0,0.0,0.0,0.0,3.3473587665652417e-06,0.0,0.0,0.0,0.0,0.0,0.0,0.0,0.0,0.0,3.3473587665652417e-06,0.0,3.3473587665652417e-06,1.0042076299695725e-05,0.0,0.0,0.0,3.3473587665652417e-06,3.3473587665652417e-06,0.0,0.0,3.3473587665652417e-06,0.0,0.0,0.0,0.0,0.0,0.0,0.0,0.0,0.0,0.0,0.0,0.0,0.0,0.0,6.694717533130483e-06,0.0,0.0,0.0,3.3473587665652417e-06,0.0,0.0,3.3473587665652417e-06,3.3473587665652417e-06,1.673679383282621e-05,3.3473587665652417e-06,0.0,3.3473587665652417e-06,0.0,0.0,1.0042076299695725e-05,0.0,0.0,6.694717533130483e-06,3.3473587665652417e-06,6.694717533130483e-06,2.008415259939145e-05,6.694717533130483e-06,3.3473587665652417e-06,6.694717533130483e-06,3.347358766565242e-05,2.3431511365956693e-05,1.3389435066260967e-05,1.0042076299695725e-05,2.6778870132521933e-05,2.008415259939145e-05,4.6863022731913386e-05,6.694717533130483e-06,2.3431511365956693e-05,3.3473587665652417e-06,2.6778870132521933e-05,6.694717533130483e-06,2.008415259939145e-05,2.008415259939145e-05,1.3389435066260967e-05,1.3389435066260967e-05,2.008415259939145e-05,3.0126228899087174e-05,3.0126228899087174e-05,4.351566396534814e-05,1.0042076299695725e-05,4.351566396534814e-05,3.0126228899087174e-05,1.673679383282621e-05,2.6778870132521933e-05,2.3431511365956693e-05,2.3431511365956693e-05,3.0126228899087174e-05,4.01683051987829e-05,2.6778870132521933e-05,2.008415259939145e-05,4.01683051987829e-05,1.673679383282621e-05,3.682094643221766e-05,4.01683051987829e-05,2.008415259939145e-05,3.0126228899087174e-05,5.021038149847862e-05,3.682094643221766e-05,5.3557740265043867e-05,3.682094643221766e-05,5.3557740265043867e-05,6.35998165647396e-05,6.694717533130483e-05,6.025245779817435e-05,6.025245779817435e-05,5.021038149847862e-05,7.364189286443532e-05,0.00014393642696230538,9.372604546382677e-05,8.368396916413105e-05,0.00010042076299695725,0.00010711548053008773,0.00011381019806321822,6.35998165647396e-05,6.694717533130483e-05,7.698925163100056e-05,9.037868669726152e-05,6.35998165647396e-05,7.364189286443532e-05,6.694717533130483e-05,7.364189286443532e-05,7.029453409787007e-05,6.35998165647396e-05,5.690509903160911e-05,7.364189286443532e-05,5.021038149847862e-05,6.694717533130483e-05,5.690509903160911e-05,6.35998165647396e-05,4.6863022731913386e-05,4.6863022731913386e-05,4.01683051987829e-05,2.008415259939145e-05,2.008415259939145e-05,4.01683051987829e-05,6.694717533130483e-06,3.0126228899087174e-05,1.3389435066260967e-05,1.0042076299695725e-05,1.673679383282621e-05,1.0042076299695725e-05,2.008415259939145e-05,1.3389435066260967e-05,0.0,1.3389435066260967e-05,2.008415259939145e-05,3.3473587665652417e-06,6.694717533130483e-06,0.0,6.694717533130483e-06,1.3389435066260967e-05,1.673679383282621e-05,6.694717533130483e-06,0.0,3.3473587665652417e-06,0.0,6.694717533130483e-06,3.3473587665652417e-06,1.3389435066260967e-05,6.694717533130483e-06,0.0,3.3473587665652417e-06,6.694717533130483e-06,3.3473587665652417e-06,1.0042076299695725e-05,0.0,3.3473587665652417e-06,3.3473587665652417e-06,1.0042076299695725e-05,1.0042076299695725e-05,0.0,3.3473587665652417e-06,3.3473587665652417e-06,6.694717533130483e-06,0.0,2.3431511365956693e-05,6.694717533130483e-06,0.0,6.694717533130483e-06,0.0,2.008415259939145e-05,6.694717533130483e-06,3.3473587665652417e-06,1.673679383282621e-05,1.3389435066260967e-05,1.673679383282621e-05,2.3431511365956693e-05,1.3389435066260967e-05,1.3389435066260967e-05,1.3389435066260967e-05,1.673679383282621e-05,2.3431511365956693e-05,2.3431511365956693e-05,1.673679383282621e-05,3.347358766565242e-05,2.6778870132521933e-05,1.3389435066260967e-05,2.3431511365956693e-05,2.6778870132521933e-05,3.0126228899087174e-05,3.682094643221766e-05,4.01683051987829e-05,3.682094643221766e-05,8.03366103975658e-05,4.351566396534814e-05,5.021038149847862e-05,7.698925163100056e-05,6.025245779817435e-05,4.351566396534814e-05,7.029453409787007e-05,6.694717533130483e-05,5.3557740265043867e-05,6.694717533130483e-05,0.00010042076299695725,6.35998165647396e-05,5.021038149847862e-05,6.694717533130483e-05,7.029453409787007e-05,7.364189286443532e-05,7.029453409787007e-05,4.351566396534814e-05,5.3557740265043867e-05,4.01683051987829e-05,6.35998165647396e-05,3.682094643221766e-05,5.021038149847862e-05,5.690509903160911e-05,7.029453409787007e-05,3.682094643221766e-05,3.0126228899087174e-05,3.0126228899087174e-05,6.025245779817435e-05,6.694717533130483e-05,2.6778870132521933e-05,4.01683051987829e-05,4.351566396534814e-05,5.3557740265043867e-05,2.3431511365956693e-05,4.6863022731913386e-05,3.0126228899087174e-05,4.01683051987829e-05,2.6778870132521933e-05,3.0126228899087174e-05,2.3431511365956693e-05,6.694717533130483e-05,4.01683051987829e-05,2.6778870132521933e-05,2.008415259939145e-05,1.673679383282621e-05,6.694717533130483e-06,4.01683051987829e-05,2.3431511365956693e-05,2.3431511365956693e-05,3.347358766565242e-05,3.0126228899087174e-05,3.0126228899087174e-05,7.364189286443532e-05,2.3431511365956693e-05,3.3473587665652417e-06,3.682094643221766e-05,3.0126228899087174e-05,2.3431511365956693e-05,3.347358766565242e-05,3.0126228899087174e-05,1.673679383282621e-05,1.3389435066260967e-05,1.3389435066260967e-05,3.682094643221766e-05,1.673679383282621e-05,2.3431511365956693e-05,1.0042076299695725e-05,2.3431511365956693e-05,2.6778870132521933e-05,1.3389435066260967e-05,1.673679383282621e-05,1.673679383282621e-05,2.6778870132521933e-05,1.0042076299695725e-05,1.673679383282621e-05,1.673679383282621e-05,1.673679383282621e-05,1.0042076299695725e-05,1.673679383282621e-05,1.673679383282621e-05,1.0042076299695725e-05,1.0042076299695725e-05
1.673679383282621e-05,4.351566396534814e-05,3.0126228899087174e-05,3.3473587665652417e-06,1.0042076299695725e-05,2.3431511365956693e-05,2.3431511365956693e-05,0.0,3.0126228899087174e-05,1.0042076299695725e-05,1.0042076299695725e-05,1.0042076299695725e-05,3.3473587665652417e-06,0.0,3.3473587665652417e-06,1.3389435066260967e-05,0.0,6.694717533130483e-06,3.3473587665652417e-06,6.694717533130483e-06,0.0,6.694717533130483e-06,3.3473587665652417e-06,3.3473587665652417e-06,3.3473587665652417e-06,0.0,0.0,3.3473587665652417e-06,0.0,0.0,0.0,0.0,0.0,0.0,3.3473587665652417e-06,3.3473587665652417e-06,0.0,1.673679383282621e-05,0.0,6.694717533130483e-06,0.0,0.0,3.3473587665652417e-06,3.3473587665652417e-06,0.0,0.0,0.0,0.0,3.3473587665652417e-06,0.0,0.0,0.0,0.0,0.0,0.0,0.0,0.0,0.0,0.0,0.0,0.0,0.0,0.0,0.0,0.0,0.0,0.0,0.0,0.0,6.694717533130483e-06,3.3473587665652417e-06,3.3473587665652417e-06,0.0,0.0,0.0,0.0,0.0,0.0,0.0,0.0,0.0,0.0,0.0,0.0,0.0,0.0,3.3473587665652417e-06,3.3473587665652417e-06,0.0,0.0,0.0,0.0,0.0,0.0,0.0,0.0,3.3473587665652417e-06,3.3473587665652417e-06,3.3473587665652417e-06,0.0,0.0,0.0,0.0,3.3473587665652417e-06,0.0,0.0,0.0,0.0,0.0,0.0,0.0,6.694717533130483e-06,3.3473587665652417e-06,1.0042076299695725e-05,6.694717533130483e-06,3.3473587665652417e-06,0.0,3.3473587665652417e-06,0.0,3.3473587665652417e-06,3.3473587665652417e-06,0.0,1.0042076299695725e-05,6.694717533130483e-06,1.3389435066260967e-05,0.0,3.3473587665652417e-06,2.008415259939145e-05,6.694717533130483e-06,1.0042076299695725e-05,1.3389435066260967e-05,6.694717533130483e-06,1.0042076299695725e-05,1.3389435066260967e-05,2.008415259939145e-05,3.3473587665652417e-06,2.008415259939145e-05,1.0042076299695725e-05,2.008415259939145e-05,2.3431511365956693e-05,6.694717533130483e-06,2.3431511365956693e-05,3.347358766565242e-05,3.347358766565242e-05,2.6778870132521933e-05,3.682094643221766e-05,2.3431511365956693e-05,2.3431511365956693e-05,2.3431511365956693e-05,2.3431511365956693e-05,3.0126228899087174e-05,4.351566396534814e-05,4.351566396534814e-05,3.347358766565242e-05,4.351566396534814e-05,4.01683051987829e-05,3.0126228899087174e-05,2.3431511365956693e-05,6.35998165647396e-05,5.690509903160911e-05,4.6863022731913386e-05,4.6863022731913386e-05,5.690509903160911e-05,2.6778870132521933e-05,4.6863022731913386e-05,3.0126228899087174e-05,2.3431511365956693e-05,4.351566396534814e-05,4.351566396534814e-05,8.368396916413105e-05,5.3557740265043867e-05,3.682094643221766e-05,5.021038149847862e-05,4.01683051987829e-05,6.694717533130483e-05,5.021038149847862e-05,5.3557740265043867e-05,6.35998165647396e-05,6.35998165647396e-05,6.35998165647396e-05,8.368396916413105e-05,8.703132793069628e-05,8.703132793069628e-05,6.694717533130483e-05,0.00010042076299695725,0.0001037681217635225,0.00010042076299695725,6.35998165647396e-05,7.364189286443532e-05,5.690509903160911e-05,0.00010042076299695725,0.00012385227436291393,0.00013389435066260967,8.703132793069628e-05,9.707340423039201e-05,7.698925163100056e-05,5.690509903160911e-05,6.694717533130483e-05,4.6863022731913386e-05,6.025245779817435e-05,4.01683051987829e-05,4.6863022731913386e-05,2.3431511365956693e-05,4.351566396534814e-05,4.01683051987829e-05,3.347358766565242e-05,4.01683051987829e-05,2.6778870132521933e-05,2.6778870132521933e-05,1.673679383282621e-05,3.0126228899087174e-05,3.0126228899087174e-05,1.0042076299695725e-05,1.0042076299695725e-05,6.694717533130483e-06,1.673679383282621e-05,2.008415259939145e-05,0.0,0.0,6.694717533130483e-06,3.3473587665652417e-06,1.0042076299695725e-05,3.3473587665652417e-06,6.694717533130483e-06,1.3389435066260967e-05,1.0042076299695725e-05,6.694717533130483e-06,3.3473587665652417e-06,0.0,0.0,3.3473587665652417e-06,3.3473587665652417e-06,0.0,3.3473587665652417e-06,0.0,1.0042076299695725e-05,1.3389435066260967e-05,1.0042076299695725e-05,6.694717533130483e-06,1.0042076299695725e-05,1.3389435066260967e-05,1.0042076299695725e-05,3.3473587665652417e-06,1.0042076299695725e-05,6.694717533130483e-06,3.3473587665652417e-06,0.0,6.694717533130483e-06,3.3473587665652417e-06,3.3473587665652417e-06,2.008415259939145e-05,1.0042076299695725e-05,1.673679383282621e-05,3.3473587665652417e-06,1.0042076299695725e-05,1.3389435066260967e-05,1.3389435066260967e-05,3.3473587665652417e-06,1.3389435066260967e-05,3.3473587665652417e-06,6.694717533130483e-06,1.673679383282621e-05,1.3389435066260967e-05,6.694717533130483e-06,2.008415259939145e-05,1.0042076299695725e-05,2.3431511365956693e-05,3.682094643221766e-05,3.0126228899087174e-05,1.673679383282621e-05,3.0126228899087174e-05,3.0126228899087174e-05,2.6778870132521933e-05,4.351566396534814e-05,3.682094643221766e-05,3.682094643221766e-05,5.021038149847862e-05,4.01683051987829e-05,5.021038149847862e-05,5.690509903160911e-05,9.372604546382677e-05,6.025245779817435e-05,0.00011381019806321822,5.690509903160911e-05,6.694717533130483e-05,3.682094643221766e-05,5.021038149847862e-05,7.364189286443532e-05,5.021038149847862e-05,7.029453409787007e-05,6.025245779817435e-05,6.694717533130483e-05,5.690509903160911e-05,5.690509903160911e-05,4.6863022731913386e-05,3.682094643221766e-05,3.347358766565242e-05,6.025245779817435e-05,9.037868669726152e-05,3.0126228899087174e-05,7.029453409787007e-05,3.347358766565242e-05,3.682094643221766e-05,3.682094643221766e-05,3.0126228899087174e-05,8.03366103975658e-05,5.021038149847862e-05,4.01683051987829e-05,4.6863022731913386e-05,3.0126228899087174e-05,5.021038149847862e-05,2.6778870132521933e-05,3.682094643221766e-05,4.351566396534814e-05,1.3389435066260967e-05,1.0042076299695725e-05,1.673679383282621e-05,3.347358766565242e-05,2.3431511365956693e-05,4.01683051987829e-05,2.3431511365956693e-05,2.6778870132521933e-05,2.6778870132521933e-05,2.008415259939145e-05,3.0126228899087174e-05,2.6778870132521933e-05,2.008415259939145e-05,1.673679383282621e-05,2.008415259939145e-05,3.0126228899087174e-05,2.6778870132521933e-05,3.3473587665652417e-06,2.6778870132521933e-05,1.3389435066260967e-05,3.347358766565242e-05,1.3389435066260967e-05,4.01683051987829e-05,1.673679383282621e-05,3.0126228899087174e-05,1.673679383282621e-05,1.3389435066260967e-05,1.673679383282621e-05,3.0126228899087174e-05,3.0126228899087174e-05,1.0042076299695725e-05,6.694717533130483e-06,1.673679383282621e-05,2.008415259939145e-05,2.3431511365956693e-05,4.351566396534814e-05,6.694717533130483e-06,3.3473587665652417e-06,1.0042076299695725e-05,1.3389435066260967e-05,1.0042076299695725e-05,2.6778870132521933e-05,1.0042076299695725e-05,1.0042076299695725e-05,3.0126228899087174e-05,1.0042076299695725e-05
1.0042076299695725e-05,2.3431511365956693e-05,6.694717533130483e-06,2.008415259939145e-05,1.673679383282621e-05,2.6778870132521933e-05,1.3389435066260967e-05,1.0042076299695725e-05,1.673679383282621e-05,1.0042076299695725e-05,0.0,6.694717533130483e-06,1.0042076299695725e-05,2.3431511365956693e-05,6.694717533130483e-06,1.0042076299695725e-05,1.673679383282621e-05,0.0,3.3473587665652417e-06,3.3473587665652417e-06,6.694717533130483e-06,3.3473587665652417e-06,0.0,0.0,6.694717533130483e-06,0.0,3.3473587665652417e-06,0.0,0.0,0.0,0.0,0.0,6.694717533130483e-06,3.3473587665652417e-06,0.0,0.0,0.0,0.0,1.0042076299695725e-05,3.3473587665652417e-06,3.3473587665652417e-06,3.3473587665652417e-06,0.0,0.0,0.0,0.0,0.0,0.0,0.0,0.0,0.0,0.0,0.0,3.3473587665652417e-06,0.0,0.0,0.0,0.0,0.0,0.0,0.0,0.0,0.0,0.0,0.0,0.0,0.0,0.0,0.0,3.3473587665652417e-06,0.0,3.3473587665652417e-06,0.0,0.0,0.0,0.0,0.0,3.3473587665652417e-06,0.0,3.3473587665652417e-06,0.0,6.694717533130483e-06,3.3473587665652417e-06,6.694717533130483e-06,3.3473587665652417e-06,0.0,3.3473587665652417e-06,6.694717533130483e-06,0.0,0.0,0.0,0.0,6.694717533130483e-06,0.0,3.3473587665652417e-06,3.3473587665652417e-06,0.0,3.3473587665652417e-06,1.0042076299695725e-05,3.3473587665652417e-06,0.0,3.3473587665652417e-06,3.3473587665652417e-06,6.694717533130483e-06,0.0,3.3473587665652417e-06,0.0,3.3473587665652417e-06,0.0,3.3473587665652417e-06,0.0,1.0042076299695725e-05,0.0,0.0,3.3473587665652417e-06,3.3473587665652417e-06,2.008415259939145e-05,6.694717533130483e-06,3.3473587665652417e-06,0.0,6.694717533130483e-06,6.694717533130483e-06,3.3473587665652417e-06,1.0042076299695725e-05,6.694717533130483e-06,6.694717533130483e-06,3.3473587665652417e-06,3.3473587665652417e-06,6.694717533130483e-06,1.0042076299695725e-05,1.3389435066260967e-05,1.0042076299695725e-05,1.3389435066260967e-05,1.673679383282621e-05,1.0042076299695725e-05,2.6778870132521933e-05,6.694717533130483e-06,2.008415259939145e-05,1.3389435066260967e-05,2.3431511365956693e-05,2.008415259939145e-05,2.6778870132521933e-05,4.01683051987829e-05,3.682094643221766e-05,1.0042076299695725e-05,1.673679383282621e-05,5.021038149847862e-05,2.6778870132521933e-05,6.35998165647396e-05,2.3431511365956693e-05,2.6778870132521933e-05,2.008415259939145e-05,3.347358766565242e-05,6.025245779817435e-05,5.3557740265043867e-05,3.347358766565242e-05,4.351566396534814e-05,2.008415259939145e-05,2.6778870132521933e-05,2.3431511365956693e-05,4.01683051987829e-05,4.01683051987829e-05,3.682094643221766e-05,3.0126228899087174e-05,3.347358766565242e-05,4.351566396534814e-05,2.6778870132521933e-05,5.3557740265043867e-05,3.682094643221766e-05,4.6863022731913386e-05,6.025245779817435e-05,3.682094643221766e-05,6.025245779817435e-05,7.029453409787007e-05,4.6863022731913386e-05,5.021038149847862e-05,8.368396916413105e-05,7.364189286443532e-05,5.690509903160911e-05,8.03366103975658e-05,0.00011046283929665297,7.364189286443532e-05,9.037868669726152e-05,8.368396916413105e-05,8.703132793069628e-05,0.0001205049155963487,9.372604546382677e-05,8.703132793069628e-05,8.703132793069628e-05,0.00010711548053008773,9.372604546382677e-05,7.029453409787007e-05,9.707340423039201e-05,8.703132793069628e-05,8.03366103975658e-05,6.025245779817435e-05,9.707340423039201e-05,5.690509903160911e-05,2.008415259939145e-05,5.3557740265043867e-05,7.029453409787007e-05,3.347358766565242e-05,3.0126228899087174e-05,2.008415259939145e-05,3.347358766565242e-05,2.3431511365956693e-05,3.0126228899087174e-05,3.0126228899087174e-05,1.0042076299695725e-05,2.6778870132521933e-05,6.694717533130483e-06,2.3431511365956693e-05,1.3389435066260967e-05,1.3389435066260967e-05,1.3389435066260967e-05,0.0,0.0,1.3389435066260967e-05,2.008415259939145e-05,6.694717533130483e-06,1.0042076299695725e-05,1.3389435066260967e-05,6.694717533130483e-06,2.6778870132521933e-05,1.3389435066260967e-05,1.673679383282621e-05,1.0042076299695725e-05,1.0042076299695725e-05,0.0,0.0,0.0,0.0,3.3473587665652417e-06,0.0,1.0042076299695725e-05,3.3473587665652417e-06,6.694717533130483e-06,1.0042076299695725e-05,1.0042076299695725e-05,6.694717533130483e-06,0.0,3.3473587665652417e-06,3.3473587665652417e-06,3.3473587665652417e-06,6.694717533130483e-06,1.0042076299695725e-05,3.3473587665652417e-06,1.0042076299695725e-05,6.694717533130483e-06,0.0,6.694717533130483e-06,1.0042076299695725e-05,6.694717533130483e-06,1.0042076299695725e-05,1.0042076299695725e-05,1.3389435066260967e-05,6.694717533130483e-06,6.694717533130483e-06,1.3389435066260967e-05,3.0126228899087174e-05,1.673679383282621e-05,1.3389435066260967e-05,6.694717533130483e-06,1.673679383282621e-05,1.673679383282621e-05,1.3389435066260967e-05,2.008415259939145e-05,5.021038149847862e-05,2.6778870132521933e-05,2.3431511365956693e-05,2.3431511365956693e-05,3.0126228899087174e-05,2.3431511365956693e-05,2.3431511365956693e-05,5.021038149847862e-05,2.3431511365956693e-05,6.694717533130483e-05,6.694717533130483e-05,5.690509903160911e-05,5.021038149847862e-05,5.021038149847862e-05,3.347358766565242e-05,9.037868669726152e-05,6.694717533130483e-05,8.368396916413105e-05,0.00011046283929665297,5.690509903160911e-05,0.00010711548053008773,8.03366103975658e-05,8.703132793069628e-05,9.372604546382677e-05,4.351566396534814e-05,7.698925163100056e-05,0.0001037681217635225,9.707340423039201e-05,5.690509903160911e-05,8.703132793069628e-05,4.351566396534814e-05,4.6863022731913386e-05,6.025245779817435e-05,5.3557740265043867e-05,6.025245779817435e-05,5.3557740265043867e-05,5.021038149847862e-05,3.0126228899087174e-05,5.3557740265043867e-05,3.347358766565242e-05,4.351566396534814e-05,4.01683051987829e-05,4.351566396534814e-05,3.0126228899087174e-05,5.3557740265043867e-05,4.01683051987829e-05,5.690509903160911e-05,4.01683051987829e-05,5.3557740265043867e-05,4.01683051987829e-05,2.3431511365956693e-05,3.347358766565242e-05,2.008415259939145e-05,2.3431511365956693e-05,2.008415259939145e-05,4.01683051987829e-05,3.347358766565242e-05,1.673679383282621e-05,3.0126228899087174e-05,1.673679383282621e-05,2.3431511365956693e-05,3.0126228899087174e-05,1.3389435066260967e-05,3.347358766565242e-05,2.3431511365956693e-05,2.008415259939145e-05,1.3389435066260967e-05,1.3389435066260967e-05,4.01683051987829e-05,2.3431511365956693e-05,3.682094643221766e-05,1.3389435066260967e-05,2.008415259939145e-05,2.008415259939145e-05,3.682094643221766e-05,1.673679383282621e-05,2.3431511365956693e-05,3.347358766565242e-05,2.3431511365956693e-05,2.008415259939145e-05,6.694717533130483e-06,3.0126228899087174e-05,9.372604546382677e-05,1.673679383282621e-05,2.3431511365956693e-05,2.008415259939145e-05,6.694717533130483e-06,6.694717533130483e-06,2.6778870132521933e-05,3.347358766565242e-05,6.694717533130483e-06,2.6778870132521933e-05,1.673679383282621e-05
2.6778870132521933e-05,6.694717533130483e-06,3.682094643221766e-05,2.008415259939145e-05,1.0042076299695725e-05,2.008415259939145e-05,1.673679383282621e-05,1.0042076299695725e-05,2.3431511365956693e-05,3.3473587665652417e-06,1.0042076299695725e-05,3.3473587665652417e-06,1.3389435066260967e-05,1.3389435066260967e-05,0.0,0.0,1.3389435066260967e-05,1.3389435066260967e-05,3.3473587665652417e-06,0.0,0.0,0.0,1.0042076299695725e-05,0.0,0.0,0.0,6.694717533130483e-06,3.3473587665652417e-06,0.0,0.0,3.3473587665652417e-06,0.0,0.0,0.0,0.0,0.0,0.0,0.0,0.0,0.0,3.3473587665652417e-06,0.0,0.0,0.0,0.0,0.0,0.0,0.0,0.0,0.0,0.0,0.0,0.0,3.3473587665652417e-06,0.0,0.0,0.0,0.0,0.0,0.0,0.0,0.0,0.0,0.0,0.0,0.0,0.0,3.3473587665652417e-06,0.0,0.0,0.0,0.0,0.0,0.0,0.0,3.3473587665652417e-06,6.694717533130483e-06,0.0,0.0,0.0,0.0,6.694717533130483e-06,0.0,0.0,0.0,0.0,3.3473587665652417e-06,0.0,0.0,0.0,0.0,0.0,0.0,3.3473587665652417e-06,3.3473587665652417e-06,0.0,0.0,0.0,3.3473587665652417e-06,0.0,3.3473587665652417e-06,3.3473587665652417e-06,3.3473587665652417e-06,3.3473587665652417e-06,3.3473587665652417e-06,0.0,0.0,0.0,3.3473587665652417e-06,3.3473587665652417e-06,0.0,0.0,0.0,3.3473587665652417e-06,0.0,6.694717533130483e-06,0.0,1.3389435066260967e-05,0.0,3.3473587665652417e-06,0.0,6.694717533130483e-06,0.0,6.694717533130483e-06,3.3473587665652417e-06,1.673679383282621e-05,0.0,0.0,1.673679383282621e-05,0.0,1.673679383282621e-05,2.008415259939145e-05,1.0042076299695725e-05,1.673679383282621e-05,6.694717533130483e-06,6.694717533130483e-06,1.673679383282621e-05,6.694717533130483e-06,1.3389435066260967e-05,2.008415259939145e-05,2.6778870132521933e-05,3.0126228899087174e-05,3.347358766565242e-05,4.01683051987829e-05,3.0126228899087174e-05,1.0042076299695725e-05,3.0126228899087174e-05,4.01683051987829e-05,2.6778870132521933e-05,2.6778870132521933e-05,4.01683051987829e-05,3.0126228899087174e-05,0.00011381019806321822,3.347358766565242e-05,4.351566396534814e-05,2.6778870132521933e-05,2.6778870132521933e-05,4.351566396534814e-05,3.682094643221766e-05,5.021038149847862e-05,3.682094643221766e-05,3.347358766565242e-05,4.6863022731913386e-05,2.3431511365956693e-05,6.025245779817435e-05,3.682094643221766e-05,4.6863022731913386e-05,6.35998165647396e-05,3.0126228899087174e-05,3.347358766565242e-05,6.694717533130483e-05,5.3557740265043867e-05,4.6863022731913386e-05,5.690509903160911e-05,3.682094643221766e-05,8.368396916413105e-05,6.025245779817435e-05,5.690509903160911e-05,9.037868669726152e-05,8.703132793069628e-05,7.029453409787007e-05,8.368396916413105e-05,0.0001037681217635225,0.00011046283929665297,0.00011046283929665297,0.00011715755682978346,7.029453409787007e-05,7.364189286443532e-05,7.364189286443532e-05,0.00014058906819574014,6.025245779817435e-05,7.364189286443532e-05,7.698925163100056e-05,0.00012385227436291393,0.00012385227436291393,5.021038149847862e-05,6.694717533130483e-05,7.029453409787007e-05,6.694717533130483e-05,4.01683051987829e-05,5.021038149847862e-05,3.347358766565242e-05,4.6863022731913386e-05,2.3431511365956693e-05,4.01683051987829e-05,2.3431511365956693e-05,3.0126228899087174e-05,4.6863022731913386e-05,1.0042076299695725e-05,3.3473587665652417e-06,3.3473587665652417e-06,6.694717533130483e-06,1.0042076299695725e-05,3.3473587665652417e-06,1.0042076299695725e-05,0.0,1.0042076299695725e-05,3.3473587665652417e-06,6.694717533130483e-06,1.673679383282621e-05,1.3389435066260967e-05,6.694717533130483e-06,6.694717533130483e-06,1.673679383282621e-05,1.0042076299695725e-05,6.694717533130483e-06,3.3473587665652417e-06,0.0,3.3473587665652417e-06,0.0,6.694717533130483e-06,6.694717533130483e-06,0.0,3.3473587665652417e-06,0.0,3.3473587665652417e-06,3.3473587665652417e-06,6.694717533130483e-06,6.694717533130483e-06,1.0042076299695725e-05,3.3473587665652417e-06,3.3473587665652417e-06,3.3473587665652417e-06,1.0042076299695725e-05,1.0042076299695725e-05,3.3473587665652417e-06,3.3473587665652417e-06,0.0,1.0042076299695725e-05,1.0042076299695725e-05,1.0042076299695725e-05,4.01683051987829e-05,1.673679383282621e-05,1.3389435066260967e-05,1.0042076299695725e-05,1.3389435066260967e-05,2.008415259939145e-05,1.0042076299695725e-05,1.0042076299695725e-05,2.3431511365956693e-05,6.694717533130483e-06,3.3473587665652417e-06,2.3431511365956693e-05,1.673679383282621e-05,3.347358766565242e-05,3.347358766565242e-05,2.008415259939145e-05,2.3431511365956693e-05,2.3431511365956693e-05,5.690509903160911e-05,2.6778870132521933e-05,1.673679383282621e-05,4.351566396534814e-05,4.01683051987829e-05,1.673679383282621e-05,4.6863022731913386e-05,6.025245779817435e-05,2.3431511365956693e-05,8.03366103975658e-05,4.6863022731913386e-05,8.368396916413105e-05,8.368396916413105e-05,5.3557740265043867e-05,7.029453409787007e-05,9.037868669726152e-05,6.025245779817435e-05,7.364189286443532e-05,0.00011715755682978346,9.707340423039201e-05,7.364189286443532e-05,8.368396916413105e-05,8.03366103975658e-05,6.025245779817435e-05,7.364189286443532e-05,8.703132793069628e-05,4.6863022731913386e-05,4.351566396534814e-05,4.6863022731913386e-05,5.3557740265043867e-05,5.690509903160911e-05,4.6863022731913386e-05,4.01683051987829e-05,0.0001037681217635225,5.021038149847862e-05,4.6863022731913386e-05,5.021038149847862e-05,3.0126228899087174e-05,3.682094643221766e-05,2.6778870132521933e-05,4.6863022731913386e-05,4.01683051987829e-05,6.025245779817435e-05,7.698925163100056e-05,4.6863022731913386e-05,4.6863022731913386e-05,3.347358766565242e-05,3.347358766565242e-05,1.673679383282621e-05,4.01683051987829e-05,1.673679383282621e-05,4.351566396534814e-05,2.6778870132521933e-05,3.0126228899087174e-05,2.6778870132521933e-05,3.347358766565242e-05,2.008415259939145e-05,3.347358766565242e-05,2.3431511365956693e-05,1.673679383282621e-05,1.3389435066260967e-05,4.01683051987829e-05,2.3431511365956693e-05,1.0042076299695725e-05,2.008415259939145e-05,1.0042076299695725e-05,3.347358766565242e-05,1.0042076299695725e-05,2.3431511365956693e-05,3.0126228899087174e-05,3.347358766565242e-05,4.01683051987829e-05,1.3389435066260967e-05,2.008415259939145e-05,3.347358766565242e-05,3.0126228899087174e-05,3.0126228899087174e-05,1.3389435066260967e-05,1.0042076299695725e-05,1.0042076299695725e-05,3.0126228899087174e-05,2.008415259939145e-05,1.0042076299695725e-05,2.008415259939145e-05,1.3389435066260967e-05,1.3389435066260967e-05,1.0042076299695725e-05,3.0126228899087174e-05,3.682094643221766e-05,3.0126228899087174e-05,3.0126228899087174e-05
1.3389435066260967e-05,2.6778870132521933e-05,1.0042076299695725e-05,4.6863022731913386e-05,2.6778870132521933e-05,6.694717533130483e-06,1.3389435066260967e-05,2.3431511365956693e-05,1.0042076299695725e-05,2.008415259939145e-05,1.0042076299695725e-05,1.673679383282621e-05,2.3431511365956693e-05,6.694717533130483e-06,1.3389435066260967e-05,1.3389435066260967e-05,1.0042076299695725e-05,1.3389435066260967e-05,6.694717533130483e-06,3.3473587665652417e-06,6.694717533130483e-06,3.3473587665652417e-06,6.694717533130483e-06,0.0,0.0,0.0,6.694717533130483e-06,3.3473587665652417e-06,0.0,3.3473587665652417e-06,3.3473587665652417e-06,0.0,3.3473587665652417e-06,0.0,0.0,0.0,0.0,3.3473587665652417e-06,0.0,0.0,0.0,3.3473587665652417e-06,0.0,3.3473587665652417e-06,3.3473587665652417e-06,0.0,3.3473587665652417e-06,0.0,0.0,0.0,0.0,0.0,0.0,0.0,0.0,0.0,0.0,0.0,0.0,0.0,0.0,0.0,0.0,3.3473587665652417e-06,0.0,0.0,0.0,0.0,0.0,0.0,0.0,0.0,0.0,0.0,0.0,0.0,0.0,0.0,0.0,0.0,3.3473587665652417e-06,0.0,3.3473587665652417e-06,0.0,0.0,0.0,0.0,0.0,0.0,0.0,0.0,3.3473587665652417e-06,0.0,0.0,0.0,0.0,3.3473587665652417e-06,0.0,0.0,0.0,0.0,3.3473587665652417e-06,0.0,0.0,3.3473587665652417e-06,3.3473587665652417e-06,0.0,6.694717533130483e-06,6.694717533130483e-06,0.0,0.0,0.0,6.694717533130483e-06,6.694717533130483e-06,0.0,0.0,6.694717533130483e-06,3.3473587665652417e-06,0.0,0.0,0.0,3.3473587665652417e-06,3.3473587665652417e-06,1.0042076299695725e-05,3.3473587665652417e-06,3.3473587665652417e-06,0.0,3.3473587665652417e-06,1.0042076299695725e-05,2.6778870132521933e-05,1.0042076299695725e-05,1.0042076299695725e-05,3.682094643221766e-05,1.0042076299695725e-05,1.673679383282621e-05,1.3389435066260967e-05,1.3389435066260967e-05,2.3431511365956693e-05,2.6778870132521933e-05,4.351566396534814e-05,4.351566396534814e-05,2.008415259939145e-05,2.3431511365956693e-05,3.347358766565242e-05,4.01683051987829e-05,2.3431511365956693e-05,2.6778870132521933e-05,2.008415259939145e-05,4.351566396534814e-05,3.347358766565242e-05,3.347358766565242e-05,5.021038149847862e-05,6.35998165647396e-05,5.021038149847862e-05,5.021038149847862e-05,7.029453409787007e-05,3.682094643221766e-05,4.6863022731913386e-05,5.690509903160911e-05,3.682094643221766e-05,4.351566396534814e-05,2.3431511365956693e-05,3.347358766565242e-05,2.6778870132521933e-05,3.347358766565242e-05,6.35998165647396e-05,2.3431511365956693e-05,2.3431511365956693e-05,3.682094643221766e-05,4.351566396534814e-05,0.00010042076299695725,4.351566396534814e-05,5.021038149847862e-05,6.35998165647396e-05,6.694717533130483e-05,7.698925163100056e-05,7.029453409787007e-05,8.368396916413105e-05,8.03366103975658e-05,9.372604546382677e-05,0.00012385227436291393,9.372604546382677e-05,6.025245779817435e-05,9.372604546382677e-05,9.707340423039201e-05,8.368396916413105e-05,8.368396916413105e-05,8.368396916413105e-05,8.03366103975658e-05,0.00011715755682978346,9.037868669726152e-05,8.03366103975658e-05,8.03366103975658e-05,0.00010042076299695725,6.35998165647396e-05,6.35998165647396e-05,0.00011046283929665297,6.35998165647396e-05,7.698925163100056e-05,7.029453409787007e-05,3.0126228899087174e-05,3.347358766565242e-05,4.6863022731913386e-05,3.682094643221766e-05,2.3431511365956693e-05,2.3431511365956693e-05,1.0042076299695725e-05,3.3473587665652417e-06,1.3389435066260967e-05,1.3389435066260967e-05,6.694717533130483e-06,1.3389435066260967e-05,6.694717533130483e-06,1.0042076299695725e-05,3.3473587665652417e-06,1.0042076299695725e-05,3.3473587665652417e-06,1.0042076299695725e-05,6.694717533130483e-06,3.3473587665652417e-06,6.694717533130483e-06,0.0,6.694717533130483e-06,3.3473587665652417e-06,0.0,1.0042076299695725e-05,3.3473587665652417e-06,3.3473587665652417e-06,0.0,6.694717533130483e-06,1.0042076299695725e-05,0.0,3.3473587665652417e-06,6.694717533130483e-06,3.3473587665652417e-06,3.3473587665652417e-06,6.694717533130483e-06,1.673679383282621e-05,3.3473587665652417e-06,3.3473587665652417e-06,3.3473587665652417e-06,1.0042076299695725e-05,2.008415259939145e-05,1.0042076299695725e-05,3.3473587665652417e-06,6.694717533130483e-06,3.3473587665652417e-06,1.673679383282621e-05,0.0,1.0042076299695725e-05,1.0042076299695725e-05,0.0,1.0042076299695725e-05,1.0042076299695725e-05,1.0042076299695725e-05,1.3389435066260967e-05,1.3389435066260967e-05,4.351566396534814e-05,1.673679383282621e-05,2.008415259939145e-05,2.008415259939145e-05,1.673679383282621e-05,2.6778870132521933e-05,1.3389435066260967e-05,3.682094643221766e-05,3.682094643221766e-05,6.694717533130483e-05,2.3431511365956693e-05,4.01683051987829e-05,3.347358766565242e-05,4.01683051987829e-05,3.347358766565242e-05,1.0042076299695725e-05,3.682094643221766e-05,5.021038149847862e-05,3.682094643221766e-05,5.690509903160911e-05,6.025245779817435e-05,4.01683051987829e-05,9.372604546382677e-05,7.698925163100056e-05,5.021038149847862e-05,9.037868669726152e-05,5.021038149847862e-05,0.00011381019806321822,8.03366103975658e-05,8.703132793069628e-05,6.025245779817435e-05,8.03366103975658e-05,7.698925163100056e-05,7.029453409787007e-05,5.3557740265043867e-05,8.03366103975658e-05,0.00011381019806321822,8.703132793069628e-05,0.00012385227436291393,0.00011046283929665297,7.029453409787007e-05,5.3557740265043867e-05,6.025245779817435e-05,6.35998165647396e-05,3.0126228899087174e-05,6.694717533130483e-05,4.01683051987829e-05,4.01683051987829e-05,4.01683051987829e-05,5.3557740265043867e-05,2.3431511365956693e-05,2.6778870132521933e-05,3.682094643221766e-05,5.3557740265043867e-05,3.347358766565242e-05,3.682094643221766e-05,4.6863022731913386e-05,4.351566396534814e-05,2.008415259939145e-05,4.351566396534814e-05,3.347358766565242e-05,5.021038149847862e-05,5.690509903160911e-05,2.3431511365956693e-05,1.3389435066260967e-05,1.673679383282621e-05,2.6778870132521933e-05,2.3431511365956693e-05,3.0126228899087174e-05,5.021038149847862e-05,2.3431511365956693e-05,5.021038149847862e-05,1.0042076299695725e-05,2.6778870132521933e-05,6.694717533130483e-06,2.008415259939145e-05,3.682094643221766e-05,2.3431511365956693e-05,2.6778870132521933e-05,2.3431511365956693e-05,3.682094643221766e-05,2.6778870132521933e-05,1.673679383282621e-05,1.3389435066260967e-05,1.3389435066260967e-05,2.008415259939145e-05,2.008415259939145e-05,2.3431511365956693e-05,6.694717533130483e-06,2.6778870132521933e-05,1.673679383282621e-05,2.3431511365956693e-05,6.694717533130483e-06,2.008415259939145e-05,1.0042076299695725e-05,1.0042076299695725e-05,1.3389435066260967e-05,1.3389435066260967e-05,2.008415259939145e-05,6.694717533130483e-06,1.673679383282621e-05,1.0042076299695725e-05,2.008415259939145e-05
2.6778870132521933e-05,3.0126228899087174e-05,3.0126228899087174e-05,3.682094643221766e-05,1.3389435066260967e-05,2.6778870132521933e-05,3.347358766565242e-05,1.3389435066260967e-05,2.008415259939145e-05,1.0042076299695725e-05,1.0042076299695725e-05,1.0042076299695725e-05,1.3389435066260967e-05,1.3389435066260967e-05,0.0,3.3473587665652417e-06,3.3473587665652417e-06,6.694717533130483e-06,3.3473587665652417e-06,0.0,0.0,3.3473587665652417e-06,0.0,3.3473587665652417e-06,0.0,0.0,0.0,0.0,6.694717533130483e-06,0.0,6.694717533130483e-06,0.0,0.0,0.0,3.3473587665652417e-06,3.3473587665652417e-06,0.0,6.694717533130483e-06,0.0,0.0,0.0,0.0,0.0,0.0,0.0,0.0,0.0,0.0,0.0,6.694717533130483e-06,0.0,0.0,0.0,0.0,0.0,0.0,0.0,0.0,0.0,3.3473587665652417e-06,0.0,0.0,0.0,0.0,0.0,0.0,0.0,0.0,0.0,0.0,3.3473587665652417e-06,0.0,0.0,0.0,0.0,0.0,0.0,3.3473587665652417e-06,0.0,0.0,0.0,0.0,3.3473587665652417e-06,0.0,0.0,0.0,0.0,0.0,0.0,0.0,0.0,0.0,0.0,0.0,0.0,0.0,0.0,3.3473587665652417e-06,0.0,0.0,0.0,0.0,3.3473587665652417e-06,0.0,3.3473587665652417e-06,3.3473587665652417e-06,3.3473587665652417e-06,3.3473587665652417e-06,6.694717533130483e-06,1.0042076299695725e-05,6.694717533130483e-06,6.694717533130483e-06,0.0,1.0042076299695725e-05,2.3431511365956693e-05,3.3473587665652417e-06,3.3473587665652417e-06,0.0,3.3473587665652417e-06,3.3473587665652417e-06,3.3473587665652417e-06,3.3473587665652417e-06,6.694717533130483e-06,1.0042076299695725e-05,3.3473587665652417e-06,6.694717533130483e-06,3.3473587665652417e-06,6.694717533130483e-06,1.0042076299695725e-05,6.694717533130483e-06,2.008415259939145e-05,1.3389435066260967e-05,3.3473587665652417e-06,1.3389435066260967e-05,6.694717533130483e-06,1.3389435066260967e-05,2.6778870132521933e-05,2.3431511365956693e-05,4.01683051987829e-05,3.0126228899087174e-05,1.0042076299695725e-05,4.351566396534814e-05,4.01683051987829e-05,3.347358766565242e-05,3.347358766565242e-05,4.6863022731913386e-05,3.347358766565242e-05,2.3431511365956693e-05,4.6863022731913386e-05,4.01683051987829e-05,3.0126228899087174e-05,4.351566396534814e-05,2.3431511365956693e-05,3.682094643221766e-05,3.0126228899087174e-05,3.682094643221766e-05,7.698925163100056e-05,6.694717533130483e-05,2.3431511365956693e-05,5.021038149847862e-05,3.0126228899087174e-05,4.6863022731913386e-05,3.347358766565242e-05,2.6778870132521933e-05,5.3557740265043867e-05,7.029453409787007e-05,4.351566396534814e-05,3.347358766565242e-05,7.698925163100056e-05,4.6863022731913386e-05,4.351566396534814e-05,6.025245779817435e-05,4.6863022731913386e-05,5.690509903160911e-05,7.698925163100056e-05,0.00010042076299695725,0.00014393642696230538,8.03366103975658e-05,7.698925163100056e-05,9.037868669726152e-05,7.364189286443532e-05,0.00010042076299695725,0.00010042076299695725,0.00013389435066260967,0.00010711548053008773,0.0001205049155963487,9.037868669726152e-05,0.00011715755682978346,0.00014728378572887064,8.368396916413105e-05,0.00010042076299695725,8.368396916413105e-05,8.703132793069628e-05,9.372604546382677e-05,9.037868669726152e-05,5.690509903160911e-05,5.021038149847862e-05,7.364189286443532e-05,5.021038149847862e-05,3.347358766565242e-05,2.3431511365956693e-05,4.351566396534814e-05,1.673679383282621e-05,5.021038149847862e-05,2.3431511365956693e-05,2.6778870132521933e-05,6.694717533130483e-06,2.008415259939145e-05,2.3431511365956693e-05,6.694717533130483e-06,7.698925163100056e-05,2.008415259939145e-05,1.3389435066260967e-05,1.673679383282621e-05,3.3473587665652417e-06,1.0042076299695725e-05,2.6778870132521933e-05,6.694717533130483e-06,3.3473587665652417e-06,3.3473587665652417e-06,0.0,1.673679383282621e-05,3.3473587665652417e-06,3.3473587665652417e-06,6.694717533130483e-06,6.694717533130483e-06,1.3389435066260967e-05,1.0042076299695725e-05,1.0042076299695725e-05,1.0042076299695725e-05,6.694717533130483e-06,1.673679383282621e-05,2.008415259939145e-05,3.3473587665652417e-06,1.3389435066260967e-05,3.3473587665652417e-06,3.3473587665652417e-06,6.694717533130483e-06,0.0,0.0,3.3473587665652417e-06,0.0,6.694717533130483e-06,1.3389435066260967e-05,6.694717533130483e-06,6.694717533130483e-06,6.694717533130483e-06,1.673679383282621e-05,6.694717533130483e-06,1.3389435066260967e-05,1.3389435066260967e-05,1.0042076299695725e-05,2.3431511365956693e-05,1.3389435066260967e-05,1.673679383282621e-05,2.008415259939145e-05,2.3431511365956693e-05,1.673679383282621e-05,2.3431511365956693e-05,1.0042076299695725e-05,2.3431511365956693e-05,2.6778870132521933e-05,4.6863022731913386e-05,2.008415259939145e-05,2.3431511365956693e-05,1.673679383282621e-05,3.682094643221766e-05,3.347358766565242e-05,5.021038149847862e-05,3.0126228899087174e-05,3.347358766565242e-05,4.01683051987829e-05,3.347358766565242e-05,4.01683051987829e-05,4.6863022731913386e-05,6.35998165647396e-05,5.690509903160911e-05,6.025245779817435e-05,5.021038149847862e-05,9.037868669726152e-05,7.698925163100056e-05,8.03366103975658e-05,7.029453409787007e-05,7.029453409787007e-05,8.703132793069628e-05,9.037868669726152e-05,9.037868669726152e-05,0.0001037681217635225,5.3557740265043867e-05,5.690509903160911e-05,9.372604546382677e-05,6.025245779817435e-05,9.037868669726152e-05,4.6863022731913386e-05,8.368396916413105e-05,0.00010042076299695725,6.35998165647396e-05,0.00010042076299695725,6.025245779817435e-05,5.3557740265043867e-05,5.690509903160911e-05,8.703132793069628e-05,5.3557740265043867e-05,2.008415259939145e-05,4.351566396534814e-05,3.0126228899087174e-05,5.690509903160911e-05,6.025245779817435e-05,5.021038149847862e-05,2.6778870132521933e-05,2.008415259939145e-05,4.6863022731913386e-05,5.690509903160911e-05,2.008415259939145e-05,3.682094643221766e-05,4.01683051987829e-05,2.6778870132521933e-05,1.673679383282621e-05,2.6778870132521933e-05,2.008415259939145e-05,4.351566396534814e-05,1.3389435066260967e-05,2.008415259939145e-05,3.682094643221766e-05,1.673679383282621e-05,2.6778870132521933e-05,3.347358766565242e-05,3.0126228899087174e-05,1.3389435066260967e-05,2.008415259939145e-05,3.347358766565242e-05,5.3557740265043867e-05,3.347358766565242e-05,1.0042076299695725e-05,2.3431511365956693e-05,2.6778870132521933e-05,2.6778870132521933e-05,2.6778870132521933e-05,1.673679383282621e-05,1.673679383282621e-05,2.6778870132521933e-05,1.673679383282621e-05,3.347358766565242e-05,3.0126228899087174e-05,4.01683051987829e-05,1.3389435066260967e-05,1.673679383282621e-05,3.682094643221766e-05,3.0126228899087174e-05,3.682094643221766e-05,1.673679383282621e-05,2.3431511365956693e-05,1.0042076299695725e-05,2.008415259939145e-05,3.3473587665652417e-06,1.3389435066260967e-05,3.0126228899087174e-05,2.3431511365956693e-05,2.3431511365956693e-05,1.3389435066260967e-05
1.3389435066260967e-05,2.3431511365956693e-05,6.694717533130483e-06,1.673679383282621e-05,3.0126228899087174e-05,2.6778870132521933e-05,2.008415259939145e-05,1.3389435066260967e-05,2.6778870132521933e-05,1.673679383282621e-05,6.694717533130483e-06,6.694717533130483e-06,3.3473587665652417e-06,1.3389435066260967e-05,2.008415259939145e-05,3.3473587665652417e-06,6.694717533130483e-06,3.3473587665652417e-06,3.3473587665652417e-06,1.0042076299695725e-05,6.694717533130483e-06,6.694717533130483e-06,0.0,3.3473587665652417e-06,0.0,0.0,0.0,6.694717533130483e-06,6.694717533130483e-06,0.0,3.3473587665652417e-06,3.3473587665652417e-06,0.0,0.0,3.3473587665652417e-06,3.3473587665652417e-06,0.0,0.0,0.0,0.0,0.0,0.0,0.0,0.0,0.0,0.0,3.3473587665652417e-06,0.0,0.0,0.0,0.0,3.3473587665652417e-06,0.0,0.0,0.0,0.0,0.0,0.0,0.0,0.0,0.0,0.0,0.0,0.0,0.0,0.0,0.0,0.0,6.694717533130483e-06,0.0,0.0,0.0,0.0,0.0,0.0,0.0,0.0,0.0,0.0,0.0,3.3473587665652417e-06,0.0,0.0,0.0,3.3473587665652417e-06,0.0,3.3473587665652417e-06,0.0,0.0,0.0,0.0,3.3473587665652417e-06,3.3473587665652417e-06,0.0,0.0,3.3473587665652417e-06,3.3473587665652417e-06,0.0,6.694717533130483e-06,0.0,3.3473587665652417e-06,0.0,3.3473587665652417e-06,3.3473587665652417e-06,0.0,3.3473587665652417e-06,3.3473587665652417e-06,0.0,6.694717533130483e-06,0.0,6.694717533130483e-06,3.3473587665652417e-06,3.3473587665652417e-06,1.3389435066260967e-05,3.3473587665652417e-06,3.3473587665652417e-06,1.0042076299695725e-05,3.3473587665652417e-06,0.0,3.3473587665652417e-06,6.694717533130483e-06,2.008415259939145e-05,1.3389435066260967e-05,1.3389435066260967e-05,1.0042076299695725e-05,0.0,1.0042076299695725e-05,1.673679383282621e-05,0.0,1.3389435066260967e-05,1.673679383282621e-05,3.0126228899087174e-05,1.0042076299695725e-05,1.673679383282621e-05,3.3473587665652417e-06,2.008415259939145e-05,3.682094643221766e-05,1.3389435066260967e-05,1.3389435066260967e-05,1.673679383282621e-05,2.6778870132521933e-05,1.0042076299695725e-05,8.703132793069628e-05,3.0126228899087174e-05,2.6778870132521933e-05,2.6778870132521933e-05,3.347358766565242e-05,5.690509903160911e-05,2.6778870132521933e-05,6.694717533130483e-05,6.35998165647396e-05,4.01683051987829e-05,2.6778870132521933e-05,5.3557740265043867e-05,7.029453409787007e-05,5.690509903160911e-05,5.3557740265043867e-05,3.0126228899087174e-05,3.0126228899087174e-05,6.025245779817435e-05,4.01683051987829e-05,3.682094643221766e-05,5.021038149847862e-05,0.00010042076299695725,4.6863022731913386e-05,4.351566396534814e-05,6.35998165647396e-05,6.025245779817435e-05,5.3557740265043867e-05,6.35998165647396e-05,7.698925163100056e-05,7.029453409787007e-05,7.698925163100056e-05,6.694717533130483e-05,9.707340423039201e-05,0.00011715755682978346,9.037868669726152e-05,8.03366103975658e-05,8.703132793069628e-05,7.029453409787007e-05,9.037868669726152e-05,0.00010042076299695725,7.698925163100056e-05,0.00010042076299695725,0.00011046283929665297,8.368396916413105e-05,9.037868669726152e-05,0.00010711548053008773,9.037868669726152e-05,0.00011715755682978346,9.707340423039201e-05,0.00010042076299695725,8.703132793069628e-05,0.0001037681217635225,8.703132793069628e-05,6.694717533130483e-05,5.690509903160911e-05,4.351566396534814e-05,7.029453409787007e-05,3.0126228899087174e-05,1.673679383282621e-05,3.0126228899087174e-05,3.682094643221766e-05,1.3389435066260967e-05,3.347358766565242e-05,2.3431511365956693e-05,2.3431511365956693e-05,1.0042076299695725e-05,0.0,0.0,3.3473587665652417e-06,2.008415259939145e-05,1.3389435066260967e-05,1.0042076299695725e-05,3.3473587665652417e-06,3.3473587665652417e-06,3.3473587665652417e-06,3.3473587665652417e-06,1.0042076299695725e-05,1.0042076299695725e-05,6.694717533130483e-06,1.0042076299695725e-05,3.3473587665652417e-06,3.3473587665652417e-06,3.3473587665652417e-06,3.3473587665652417e-06,6.694717533130483e-06,0.0,6.694717533130483e-06,3.3473587665652417e-06,0.0,3.3473587665652417e-06,1.0042076299695725e-05,1.0042076299695725e-05,1.0042076299695725e-05,1.0042076299695725e-05,1.3389435066260967e-05,2.3431511365956693e-05,6.694717533130483e-06,3.3473587665652417e-06,1.673679383282621e-05,2.008415259939145e-05,1.3389435066260967e-05,1.3389435066260967e-05,5.021038149847862e-05,1.3389435066260967e-05,3.3473587665652417e-06,3.3473587665652417e-06,6.694717533130483e-06,1.673679383282621e-05,6.694717533130483e-06,1.3389435066260967e-05,6.694717533130483e-06,1.0042076299695725e-05,1.3389435066260967e-05,1.0042076299695725e-05,2.008415259939145e-05,2.3431511365956693e-05,1.0042076299695725e-05,4.01683051987829e-05,2.008415259939145e-05,1.0042076299695725e-05,3.0126228899087174e-05,1.0042076299695725e-05,2.3431511365956693e-05,4.351566396534814e-05,1.3389435066260967e-05,3.347358766565242e-05,2.3431511365956693e-05,1.3389435066260967e-05,1.3389435066260967e-05,6.35998165647396e-05,3.682094643221766e-05,5.021038149847862e-05,4.01683051987829e-05,5.690509903160911e-05,6.35998165647396e-05,8.03366103975658e-05,6.35998165647396e-05,7.029453409787007e-05,2.008415259939145e-05,6.694717533130483e-05,8.03366103975658e-05,8.03366103975658e-05,8.703132793069628e-05,8.703132793069628e-05,0.00013054699189604443,0.00010711548053008773,0.0001037681217635225,6.025245779817435e-05,7.364189286443532e-05,8.368396916413105e-05,8.703132793069628e-05,8.703132793069628e-05,8.703132793069628e-05,9.707340423039201e-05,8.703132793069628e-05,5.021038149847862e-05,6.694717533130483e-05,0.00010711548053008773,4.351566396534814e-05,7.029453409787007e-05,6.35998165647396e-05,4.6863022731913386e-05,5.3557740265043867e-05,4.01683051987829e-05,3.0126228899087174e-05,2.3431511365956693e-05,5.690509903160911e-05,2.3431511365956693e-05,4.6863022731913386e-05,3.0126228899087174e-05,6.025245779817435e-05,3.682094643221766e-05,5.3557740265043867e-05,3.347358766565242e-05,3.347358766565242e-05,3.0126228899087174e-05,2.3431511365956693e-05,2.3431511365956693e-05,2.3431511365956693e-05,4.351566396534814e-05,3.347358766565242e-05,4.351566396534814e-05,5.690509903160911e-05,4.6863022731913386e-05,1.3389435066260967e-05,4.351566396534814e-05,1.673679383282621e-05,1.3389435066260967e-05,5.021038149847862e-05,1.0042076299695725e-05,4.6863022731913386e-05,3.0126228899087174e-05,3.0126228899087174e-05,2.008415259939145e-05,1.0042076299695725e-05,2.008415259939145e-05,5.021038149847862e-05,1.0042076299695725e-05,2.6778870132521933e-05,6.694717533130483e-06,2.3431511365956693e-05,2.3431511365956693e-05,1.673679383282621e-05,3.0126228899087174e-05,3.0126228899087174e-05,1.3389435066260967e-05,2.008415259939145e-05,2.008415259939145e-05,2.6778870132521933e-05,2.008415259939145e-05,3.0126228899087174e-05,2.6778870132521933e-05,2.008415259939145e-05,2.008415259939145e-05,2.6778870132521933e-05,2.6778870132521933e-05,2.008415259939145e-05,2.008415259939145e-05
2.3431511365956693e-05,3.682094643221766e-05,4.01683051987829e-05,1.0042076299695725e-05,3.347358766565242e-05,3.0126228899087174e-05,2.008415259939145e-05,2.3431511365956693e-05,6.694717533130483e-06,1.0042076299695725e-05,3.347358766565242e-05,1.0042076299695725e-05,2.6778870132521933e-05,3.3473587665652417e-06,3.3473587665652417e-06,3.3473587665652417e-06,6.694717533130483e-06,1.0042076299695725e-05,1.0042076299695725e-05,1.0042076299695725e-05,3.3473587665652417e-06,3.3473587665652417e-06,0.0,3.3473587665652417e-06,0.0,6.694717533130483e-06,0.0,3.3473587665652417e-06,6.694717533130483e-06,3.3473587665652417e-06,0.0,6.694717533130483e-06,3.3473587665652417e-06,0.0,0.0,0.0,0.0,0.0,0.0,0.0,0.0,0.0,0.0,0.0,3.3473587665652417e-06,3.3473587665652417e-06,0.0,0.0,0.0,3.3473587665652417e-06,0.0,0.0,0.0,0.0,0.0,0.0,3.3473587665652417e-06,0.0,0.0,0.0,3.3473587665652417e-06,0.0,0.0,0.0,0.0,0.0,0.0,0.0,0.0,0.0,0.0,0.0,0.0,0.0,0.0,0.0,0.0,0.0,0.0,0.0,0.0,6.694717533130483e-06,3.3473587665652417e-06,0.0,0.0,3.3473587665652417e-06,0.0,0.0,3.3473587665652417e-06,0.0,0.0,0.0,0.0,3.3473587665652417e-06,6.694717533130483e-06,0.0,0.0,0.0,0.0,6.694717533130483e-06,0.0,3.3473587665652417e-06,1.0042076299695725e-05,1.0042076299695725e-05,0.0,0.0,0.0,0.0,3.3473587665652417e-06,3.3473587665652417e-06,0.0,6.694717533130483e-06,3.3473587665652417e-06,0.0,6.694717533130483e-06,1.3389435066260967e-05,6.694717533130483e-06,1.673679383282621e-05,3.3473587665652417e-06,6.694717533130483e-06,3.3473587665652417e-06,6.694717533130483e-06,1.3389435066260967e-05,3.3473587665652417e-06,0.0,6.694717533130483e-06,6.694717533130483e-06,1.3389435066260967e-05,1.673679383282621e-05,2.008415259939145e-05,2.008415259939145e-05,2.008415259939145e-05,2.3431511365956693e-05,1.673679383282621e-05,5.021038149847862e-05,2.008415259939145e-05,2.3431511365956693e-05,2.3431511365956693e-05,1.673679383282621e-05,2.3431511365956693e-05,2.3431511365956693e-05,4.351566396534814e-05,4.01683051987829e-05,3.682094643221766e-05,4.6863022731913386e-05,4.351566396534814e-05,2.6778870132521933e-05,4.6863022731913386e-05,6.025245779817435e-05,5.021038149847862e-05,3.0126228899087174e-05,6.025245779817435e-05,5.3557740265043867e-05,2.008415259939145e-05,4.01683051987829e-05,5.021038149847862e-05,4.6863022731913386e-05,4.6863022731913386e-05,5.3557740265043867e-05,5.021038149847862e-05,4.6863022731913386e-05,9.372604546382677e-05,7.698925163100056e-05,5.3557740265043867e-05,6.694717533130483e-05,3.0126228899087174e-05,6.35998165647396e-05,3.347358766565242e-05,4.351566396534814e-05,5.690509903160911e-05,6.025245779817435e-05,0.00010042076299695725,9.037868669726152e-05,9.037868669726152e-05,8.703132793069628e-05,9.372604546382677e-05,9.707340423039201e-05,9.037868669726152e-05,0.00010042076299695725,9.037868669726152e-05,7.029453409787007e-05,0.00013054699189604443,7.698925163100056e-05,0.0001205049155963487,9.037868669726152e-05,0.00011381019806321822,0.00010711548053008773,0.0001205049155963487,0.0001205049155963487,9.707340423039201e-05,9.372604546382677e-05,8.03366103975658e-05,8.368396916413105e-05,5.021038149847862e-05,8.03366103975658e-05,0.00010711548053008773,5.3557740265043867e-05,5.021038149847862e-05,2.3431511365956693e-05,4.351566396534814e-05,4.01683051987829e-05,2.008415259939145e-05,2.6778870132521933e-05,3.347358766565242e-05,2.3431511365956693e-05,1.3389435066260967e-05,2.3431511365956693e-05,1.0042076299695725e-05,2.008415259939145e-05,2.008415259939145e-05,1.0042076299695725e-05,1.3389435066260967e-05,1.3389435066260967e-05,1.0042076299695725e-05,2.3431511365956693e-05,1.0042076299695725e-05,1.673679383282621e-05,1.3389435066260967e-05,3.3473587665652417e-06,3.3473587665652417e-06,6.694717533130483e-06,3.3473587665652417e-06,6.694717533130483e-06,6.694717533130483e-06,3.3473587665652417e-06,1.0042076299695725e-05,0.0,6.694717533130483e-06,6.694717533130483e-06,6.694717533130483e-06,0.0,1.0042076299695725e-05,3.3473587665652417e-06,1.0042076299695725e-05,3.3473587665652417e-06,6.694717533130483e-06,1.0042076299695725e-05,1.3389435066260967e-05,6.694717533130483e-06,0.0,2.008415259939145e-05,1.0042076299695725e-05,6.694717533130483e-06,2.3431511365956693e-05,6.694717533130483e-06,3.682094643221766e-05,1.0042076299695725e-05,0.0,1.0042076299695725e-05,1.0042076299695725e-05,2.008415259939145e-05,1.3389435066260967e-05,6.694717533130483e-06,2.6778870132521933e-05,2.3431511365956693e-05,2.3431511365956693e-05,2.3431511365956693e-05,2.008415259939145e-05,1.673679383282621e-05,3.347358766565242e-05,5.3557740265043867e-05,3.347358766565242e-05,1.673679383282621e-05,2.3431511365956693e-05,2.6778870132521933e-05,2.008415259939145e-05,3.347358766565242e-05,2.6778870132521933e-05,1.0042076299695725e-05,4.351566396534814e-05,7.364189286443532e-05,3.0126228899087174e-05,3.682094643221766e-05,4.01683051987829e-05,4.01683051987829e-05,3.682094643221766e-05,6.35998165647396e-05,5.690509903160911e-05,7.029453409787007e-05,3.0126228899087174e-05,4.6863022731913386e-05,6.35998165647396e-05,4.6863022731913386e-05,4.01683051987829e-05,6.35998165647396e-05,7.698925163100056e-05,7.029453409787007e-05,8.703132793069628e-05,0.00010042076299695725,7.029453409787007e-05,6.694717533130483e-05,7.364189286443532e-05,7.364189286443532e-05,7.029453409787007e-05,0.0001606732207951316,0.0001037681217635225,7.029453409787007e-05,8.368396916413105e-05,9.372604546382677e-05,6.694717533130483e-05,8.703132793069628e-05,6.025245779817435e-05,5.3557740265043867e-05,7.364189286443532e-05,6.025245779817435e-05,5.021038149847862e-05,3.0126228899087174e-05,5.3557740265043867e-05,3.347358766565242e-05,1.0042076299695725e-05,3.347358766565242e-05,3.0126228899087174e-05,5.021038149847862e-05,2.3431511365956693e-05,4.351566396534814e-05,3.682094643221766e-05,3.347358766565242e-05,3.3473587665652417e-06,5.3557740265043867e-05,0.0001271996331294792,1.0042076299695725e-05,3.347358766565242e-05,3.0126228899087174e-05,1.673679383282621e-05,3.347358766565242e-05,3.682094643221766e-05,3.0126228899087174e-05,3.682094643221766e-05,2.3431511365956693e-05,4.351566396534814e-05,6.025245779817435e-05,2.6778870132521933e-05,2.6778870132521933e-05,1.3389435066260967e-05,3.682094643221766e-05,2.6778870132521933e-05,1.673679383282621e-05,2.6778870132521933e-05,1.3389435066260967e-05,2.008415259939145e-05,2.008415259939145e-05,6.694717533130483e-06,1.0042076299695725e-05,2.008415259939145e-05,2.008415259939145e-05,5.021038149847862e-05,2.6778870132521933e-05,3.0126228899087174e-05,1.3389435066260967e-05,1.0042076299695725e-05,1.3389435066260967e-05,1.673679383282621e-05,2.008415259939145e-05,2.008415259939145e-05,1.0042076299695725e-05,3.3473587665652417e-06,1.0042076299695725e-05,1.673679383282621e-05,1.673679383282621e-05,6.35998165647396e-05
3.682094643221766e-05,1.3389435066260967e-05,2.008415259939145e-05,2.3431511365956693e-05,3.347358766565242e-05,2.6778870132521933e-05,2.3431511365956693e-05,3.0126228899087174e-05,2.008415259939145e-05,2.008415259939145e-05,2.6778870132521933e-05,1.0042076299695725e-05,1.3389435066260967e-05,2.3431511365956693e-05,1.0042076299695725e-05,6.694717533130483e-06,1.0042076299695725e-05,6.694717533130483e-06,1.673679383282621e-05,3.3473587665652417e-06,3.3473587665652417e-06,3.3473587665652417e-06,0.0,0.0,3.3473587665652417e-06,1.0042076299695725e-05,0.0,0.0,3.3473587665652417e-06,0.0,0.0,0.0,0.0,0.0,0.0,0.0,0.0,3.3473587665652417e-06,3.3473587665652417e-06,0.0,0.0,0.0,0.0,0.0,0.0,0.0,6.694717533130483e-06,0.0,0.0,0.0,0.0,0.0,0.0,0.0,0.0,0.0,0.0,0.0,0.0,0.0,0.0,0.0,0.0,0.0,0.0,0.0,0.0,0.0,0.0,6.694717533130483e-06,0.0,0.0,0.0,0.0,0.0,0.0,0.0,0.0,0.0,0.0,0.0,0.0,0.0,0.0,3.3473587665652417e-06,0.0,0.0,0.0,0.0,3.3473587665652417e-06,0.0,0.0,0.0,0.0,0.0,0.0,0.0,0.0,0.0,0.0,0.0,0.0,0.0,6.694717533130483e-06,3.3473587665652417e-06,0.0,0.0,0.0,0.0,3.3473587665652417e-06,0.0,3.3473587665652417e-06,0.0,1.0042076299695725e-05,3.3473587665652417e-06,3.3473587665652417e-06,0.0,3.3473587665652417e-06,3.3473587665652417e-06,1.0042076299695725e-05,1.0042076299695725e-05,0.0,1.0042076299695725e-05,1.0042076299695725e-05,0.0,6.694717533130483e-06,3.3473587665652417e-06,6.694717533130483e-06,2.3431511365956693e-05,1.3389435066260967e-05,2.6778870132521933e-05,1.0042076299695725e-05,2.3431511365956693e-05,1.3389435066260967e-05,1.3389435066260967e-05,3.682094643221766e-05,3.347358766565242e-05,2.008415259939145e-05,3.0126228899087174e-05,2.3431511365956693e-05,3.0126228899087174e-05,2.6778870132521933e-05,1.673679383282621e-05,3.0126228899087174e-05,5.690509903160911e-05,3.347358766565242e-05,6.694717533130483e-05,5.3557740265043867e-05,7.029453409787007e-05,5.021038149847862e-05,4.6863022731913386e-05,4.6863022731913386e-05,6.35998165647396e-05,5.021038149847862e-05,5.021038149847862e-05,6.35998165647396e-05,4.351566396534814e-05,7.364189286443532e-05,7.364189286443532e-05,7.364189286443532e-05,4.351566396534814e-05,5.3557740265043867e-05,7.029453409787007e-05,4.01683051987829e-05,6.694717533130483e-05,5.021038149847862e-05,6.025245779817435e-05,0.00010042076299695725,9.372604546382677e-05,0.0001037681217635225,7.029453409787007e-05,4.351566396534814e-05,9.037868669726152e-05,0.0001037681217635225,0.00011715755682978346,9.037868669726152e-05,0.0001037681217635225,8.703132793069628e-05,0.0001037681217635225,8.703132793069628e-05,7.364189286443532e-05,0.0001037681217635225,7.698925163100056e-05,0.00011046283929665297,0.0001271996331294792,0.00012385227436291393,0.0001037681217635225,0.00011715755682978346,0.0001205049155963487,7.698925163100056e-05,0.00010711548053008773,6.025245779817435e-05,5.3557740265043867e-05,6.694717533130483e-05,0.0001037681217635225,4.6863022731913386e-05,3.347358766565242e-05,2.008415259939145e-05,4.01683051987829e-05,4.01683051987829e-05,4.01683051987829e-05,3.0126228899087174e-05,1.3389435066260967e-05,1.0042076299695725e-05,1.3389435066260967e-05,3.347358766565242e-05,6.694717533130483e-06,1.0042076299695725e-05,2.6778870132521933e-05,1.0042076299695725e-05,2.6778870132521933e-05,1.3389435066260967e-05,6.694717533130483e-06,3.3473587665652417e-06,2.3431511365956693e-05,0.0,3.3473587665652417e-06,6.694717533130483e-06,3.3473587665652417e-06,1.0042076299695725e-05,6.694717533130483e-06,6.694717533130483e-06,1.0042076299695725e-05,6.694717533130483e-06,1.0042076299695725e-05,1.673679383282621e-05,1.0042076299695725e-05,3.3473587665652417e-06,6.694717533130483e-06,1.673679383282621e-05,6.694717533130483e-06,3.3473587665652417e-06,1.0042076299695725e-05,0.0,0.0,1.0042076299695725e-05,6.694717533130483e-06,2.3431511365956693e-05,1.0042076299695725e-05,1.3389435066260967e-05,3.3473587665652417e-06,1.673679383282621e-05,1.0042076299695725e-05,1.673679383282621e-05,0.0,6.694717533130483e-06,1.0042076299695725e-05,1.0042076299695725e-05,0.0,3.3473587665652417e-06,3.3473587665652417e-06,1.0042076299695725e-05,1.673679383282621e-05,2.3431511365956693e-05,3.0126228899087174e-05,1.0042076299695725e-05,2.008415259939145e-05,3.347358766565242e-05,2.3431511365956693e-05,2.6778870132521933e-05,1.673679383282621e-05,2.6778870132521933e-05,3.682094643221766e-05,1.673679383282621e-05,4.351566396534814e-05,1.3389435066260967e-05,5.021038149847862e-05,5.021038149847862e-05,2.008415259939145e-05,3.0126228899087174e-05,3.682094643221766e-05,2.3431511365956693e-05,5.690509903160911e-05,4.01683051987829e-05,6.025245779817435e-05,3.347358766565242e-05,6.025245779817435e-05,7.029453409787007e-05,4.351566396534814e-05,6.35998165647396e-05,8.703132793069628e-05,7.364189286443532e-05,4.01683051987829e-05,7.364189286443532e-05,7.698925163100056e-05,7.029453409787007e-05,6.694717533130483e-05,6.025245779817435e-05,7.698925163100056e-05,0.00011046283929665297,9.372604546382677e-05,7.029453409787007e-05,0.00010042076299695725,7.698925163100056e-05,7.698925163100056e-05,9.707340423039201e-05,5.3557740265043867e-05,9.372604546382677e-05,8.703132793069628e-05,6.35998165647396e-05,4.6863022731913386e-05,5.021038149847862e-05,7.029453409787007e-05,9.037868669726152e-05,6.025245779817435e-05,3.682094643221766e-05,5.021038149847862e-05,3.0126228899087174e-05,5.3557740265043867e-05,6.025245779817435e-05,4.351566396534814e-05,4.01683051987829e-05,4.01683051987829e-05,4.6863022731913386e-05,3.347358766565242e-05,2.6778870132521933e-05,5.021038149847862e-05,1.673679383282621e-05,4.351566396534814e-05,3.347358766565242e-05,4.01683051987829e-05,6.35998165647396e-05,4.01683051987829e-05,1.673679383282621e-05,4.01683051987829e-05,4.351566396534814e-05,3.347358766565242e-05,2.6778870132521933e-05,2.008415259939145e-05,2.3431511365956693e-05,2.3431511365956693e-05,7.364189286443532e-05,3.0126228899087174e-05,2.008415259939145e-05,2.6778870132521933e-05,1.673679383282621e-05,2.008415259939145e-05,2.3431511365956693e-05,2.3431511365956693e-05,1.0042076299695725e-05,1.3389435066260967e-05,2.3431511365956693e-05,3.0126228899087174e-05,4.01683051987829e-05,1.673679383282621e-05,2.008415259939145e-05,2.3431511365956693e-05,3.0126228899087174e-05,1.673679383282621e-05,2.3431511365956693e-05,4.351566396534814e-05,2.3431511365956693e-05,1.673679383282621e-05,2.6778870132521933e-05,1.673679383282621e-05,1.3389435066260967e-05,4.01683051987829e-05,2.3431511365956693e-05,2.008415259939145e-05,1.3389435066260967e-05
3.0126228899087174e-05,3.0126228899087174e-05,2.3431511365956693e-05,2.3431511365956693e-05,4.351566396534814e-05,2.6778870132521933e-05,4.351566396534814e-05,3.347358766565242e-05,2.008415259939145e-05,2.6778870132521933e-05,2.6778870132521933e-05,2.3431511365956693e-05,1.673679383282621e-05,1.673679383282621e-05,6.694717533130483e-06,1.0042076299695725e-05,6.694717533130483e-06,1.0042076299695725e-05,1.0042076299695725e-05,1.0042076299695725e-05,0.0,3.3473587665652417e-06,0.0,0.0,0.0,0.0,3.3473587665652417e-06,0.0,0.0,3.3473587665652417e-06,0.0,0.0,0.0,0.0,0.0,0.0,3.3473587665652417e-06,0.0,0.0,0.0,0.0,0.0,3.3473587665652417e-06,0.0,0.0,0.0,0.0,0.0,3.3473587665652417e-06,0.0,0.0,0.0,3.3473587665652417e-06,0.0,0.0,0.0,3.3473587665652417e-06,0.0,0.0,0.0,0.0,0.0,0.0,0.0,3.3473587665652417e-06,0.0,0.0,0.0,0.0,0.0,0.0,0.0,0.0,0.0,0.0,0.0,0.0,0.0,0.0,0.0,0.0,0.0,0.0,0.0,3.3473587665652417e-06,0.0,3.3473587665652417e-06,3.3473587665652417e-06,0.0,0.0,0.0,0.0,0.0,0.0,6.694717533130483e-06,3.3473587665652417e-06,3.3473587665652417e-06,0.0,0.0,0.0,3.3473587665652417e-06,3.3473587665652417e-06,0.0,3.3473587665652417e-06,0.0,0.0,0.0,0.0,3.3473587665652417e-06,6.694717533130483e-06,3.3473587665652417e-06,0.0,1.0042076299695725e-05,6.694717533130483e-06,0.0,0.0,1.0042076299695725e-05,1.0042076299695725e-05,0.0,3.3473587665652417e-06,6.694717533130483e-06,1.3389435066260967e-05,1.3389435066260967e-05,3.3473587665652417e-06,1.0042076299695725e-05,2.008415259939145e-05,3.3473587665652417e-06,1.673679383282621e-05,2.008415259939145e-05,1.3389435066260967e-05,1.0042076299695725e-05,2.6778870132521933e-05,6.694717533130483e-06,2.3431511365956693e-05,3.3473587665652417e-06,3.682094643221766e-05,3.0126228899087174e-05,1.3389435066260967e-05,2.008415259939145e-05,2.008415259939145e-05,3.682094643221766e-05,2.008415259939145e-05,4.351566396534814e-05,2.008415259939145e-05,4.351566396534814e-05,3.682094643221766e-05,6.025245779817435e-05,5.3557740265043867e-05,3.0126228899087174e-05,5.690509903160911e-05,3.347358766565242e-05,7.029453409787007e-05,4.6863022731913386e-05,7.029453409787007e-05,4.01683051987829e-05,5.021038149847862e-05,5.021038149847862e-05,7.698925163100056e-05,5.021038149847862e-05,5.021038149847862e-05,8.03366103975658e-05,6.35998165647396e-05,3.347358766565242e-05,4.6863022731913386e-05,8.368396916413105e-05,7.029453409787007e-05,8.03366103975658e-05,7.029453409787007e-05,9.372604546382677e-05,8.03366103975658e-05,8.703132793069628e-05,6.694717533130483e-05,5.3557740265043867e-05,9.707340423039201e-05,0.00010042076299695725,8.703132793069628e-05,0.00010042076299695725,0.0001037681217635225,0.00012385227436291393,0.0001271996331294792,0.00011381019806321822,0.0001271996331294792,0.00011715755682978346,9.707340423039201e-05,0.00011046283929665297,9.372604546382677e-05,0.0001205049155963487,0.00010711548053008773,0.0001037681217635225,7.698925163100056e-05,0.00011715755682978346,7.698925163100056e-05,6.025245779817435e-05,5.690509903160911e-05,7.029453409787007e-05,7.364189286443532e-05,3.682094643221766e-05,3.0126228899087174e-05,5.3557740265043867e-05,3.682094643221766e-05,4.351566396534814e-05,2.3431511365956693e-05,1.3389435066260967e-05,2.6778870132521933e-05,3.0126228899087174e-05,2.3431511365956693e-05,1.0042076299695725e-05,2.008415259939145e-05,1.0042076299695725e-05,1.3389435066260967e-05,6.694717533130483e-06,1.3389435066260967e-05,6.694717533130483e-06,6.694717533130483e-06,1.0042076299695725e-05,0.0,6.694717533130483e-06,3.3473587665652417e-06,1.0042076299695725e-05,1.673679383282621e-05,6.694717533130483e-06,3.3473587665652417e-06,4.351566396534814e-05,1.0042076299695725e-05,1.0042076299695725e-05,0.0,1.0042076299695725e-05,0.0,3.3473587665652417e-06,1.0042076299695725e-05,6.694717533130483e-06,1.0042076299695725e-05,1.0042076299695725e-05,3.3473587665652417e-06,1.673679383282621e-05,2.6778870132521933e-05,3.3473587665652417e-06,3.3473587665652417e-06,1.0042076299695725e-05,1.3389435066260967e-05,1.3389435066260967e-05,1.0042076299695725e-05,2.008415259939145e-05,6.694717533130483e-06,3.3473587665652417e-06,1.0042076299695725e-05,3.3473587665652417e-06,1.0042076299695725e-05,6.694717533130483e-06,2.008415259939145e-05,1.0042076299695725e-05,2.6778870132521933e-05,3.0126228899087174e-05,1.673679383282621e-05,1.3389435066260967e-05,1.673679383282621e-05,3.0126228899087174e-05,4.01683051987829e-05,2.008415259939145e-05,4.01683051987829e-05,3.347358766565242e-05,2.6778870132521933e-05,2.008415259939145e-05,4.01683051987829e-05,3.0126228899087174e-05,3.347358766565242e-05,3.0126228899087174e-05,4.01683051987829e-05,3.0126228899087174e-05,4.351566396534814e-05,6.35998165647396e-05,3.347358766565242e-05,3.347358766565242e-05,4.01683051987829e-05,8.03366103975658e-05,3.0126228899087174e-05,5.3557740265043867e-05,0.00010711548053008773,9.037868669726152e-05,8.703132793069628e-05,7.364189286443532e-05,6.025245779817435e-05,0.00011381019806321822,7.364189286443532e-05,7.698925163100056e-05,0.00010042076299695725,0.00010042076299695725,0.0001037681217635225,9.037868669726152e-05,9.707340423039201e-05,9.707340423039201e-05,0.00013054699189604443,0.00011381019806321822,8.03366103975658e-05,8.368396916413105e-05,7.029453409787007e-05,5.690509903160911e-05,5.690509903160911e-05,5.690509903160911e-05,7.698925163100056e-05,2.6778870132521933e-05,3.682094643221766e-05,6.35998165647396e-05,6.025245779817435e-05,3.347358766565242e-05,4.6863022731913386e-05,5.3557740265043867e-05,3.0126228899087174e-05,5.021038149847862e-05,4.351566396534814e-05,6.025245779817435e-05,6.35998165647396e-05,6.694717533130483e-05,3.0126228899087174e-05,2.6778870132521933e-05,2.3431511365956693e-05,1.0042076299695725e-05,5.021038149847862e-05,1.673679383282621e-05,3.0126228899087174e-05,3.0126228899087174e-05,2.008415259939145e-05,2.008415259939145e-05,3.0126228899087174e-05,3.347358766565242e-05,3.347358766565242e-05,2.6778870132521933e-05,4.01683051987829e-05,3.0126228899087174e-05,2.008415259939145e-05,3.347358766565242e-05,2.6778870132521933e-05,2.3431511365956693e-05,1.673679383282621e-05,3.347358766565242e-05,4.351566396534814e-05,3.347358766565242e-05,3.682094643221766e-05,2.3431511365956693e-05,1.673679383282621e-05,3.347358766565242e-05,2.6778870132521933e-05,4.6863022731913386e-05,5.021038149847862e-05,1.3389435066260967e-05,2.6778870132521933e-05,2.6778870132521933e-05,2.3431511365956693e-05,1.673679383282621e-05,2.6778870132521933e-05,2.008415259939145e-05,3.347358766565242e-05,2.3431511365956693e-05,1.673679383282621e-05,1.673679383282621e-05,1.673679383282621e-05,4.351566396534814e-05,1.673679383282621e-05,2.3431511365956693e-05,0.0
3.347358766565242e-05,2.3431511365956693e-05,4.01683051987829e-05,3.347358766565242e-05,3.682094643221766e-05,3.682094643221766e-05,3.682094643221766e-05,3.347358766565242e-05,2.3431511365956693e-05,3.682094643221766e-05,2.6778870132521933e-05,3.0126228899087174e-05,1.3389435066260967e-05,3.0126228899087174e-05,0.0,3.3473587665652417e-06,1.673679383282621e-05,3.3473587665652417e-06,1.3389435066260967e-05,0.0,0.0,0.0,0.0,6.694717533130483e-06,6.694717533130483e-06,3.3473587665652417e-06,0.0,0.0,0.0,3.3473587665652417e-06,0.0,0.0,3.3473587665652417e-06,0.0,0.0,0.0,3.3473587665652417e-06,0.0,0.0,0.0,0.0,0.0,0.0,0.0,0.0,0.0,3.3473587665652417e-06,6.694717533130483e-06,0.0,0.0,0.0,3.3473587665652417e-06,0.0,0.0,0.0,3.3473587665652417e-06,0.0,0.0,0.0,0.0,0.0,0.0,6.694717533130483e-06,0.0,0.0,0.0,0.0,0.0,0.0,0.0,0.0,0.0,0.0,0.0,0.0,0.0,3.3473587665652417e-06,0.0,0.0,0.0,3.3473587665652417e-06,0.0,0.0,6.694717533130483e-06,0.0,0.0,0.0,0.0,0.0,0.0,0.0,0.0,0.0,0.0,3.3473587665652417e-06,0.0,0.0,6.694717533130483e-06,6.694717533130483e-06,0.0,3.3473587665652417e-06,0.0,0.0,6.694717533130483e-06,3.3473587665652417e-06,0.0,3.3473587665652417e-06,6.694717533130483e-06,3.3473587665652417e-06,0.0,3.3473587665652417e-06,3.3473587665652417e-06,1.0042076299695725e-05,6.694717533130483e-06,3.3473587665652417e-06,1.0042076299695725e-05,0.0,1.0042076299695725e-05,1.0042076299695725e-05,1.3389435066260967e-05,3.3473587665652417e-06,3.3473587665652417e-06,3.3473587665652417e-06,1.673679383282621e-05,6.694717533130483e-06,3.3473587665652417e-06,0.0,2.6778870132521933e-05,3.0126228899087174e-05,1.3389435066260967e-05,1.673679383282621e-05,1.3389435066260967e-05,4.01683051987829e-05,2.3431511365956693e-05,3.0126228899087174e-05,1.3389435066260967e-05,6.025245779817435e-05,3.347358766565242e-05,2.3431511365956693e-05,3.0126228899087174e-05,3.0126228899087174e-05,3.682094643221766e-05,3.347358766565242e-05,4.351566396534814e-05,3.682094643221766e-05,5.021038149847862e-05,7.698925163100056e-05,7.029453409787007e-05,6.025245779817435e-05,7.029453409787007e-05,5.3557740265043867e-05,4.351566396534814e-05,4.351566396534814e-05,5.021038149847862e-05,4.6863022731913386e-05,4.6863022731913386e-05,6.025245779817435e-05,6.35998165647396e-05,4.01683051987829e-05,3.347358766565242e-05,3.682094643221766e-05,7.029453409787007e-05,5.690509903160911e-05,6.694717533130483e-05,6.35998165647396e-05,4.351566396534814e-05,5.690509903160911e-05,0.00011046283929665297,9.037868669726152e-05,5.3557740265043867e-05,7.364189286443532e-05,7.364189286443532e-05,9.037868669726152e-05,9.707340423039201e-05,0.00014058906819574014,0.0001372417094291749,6.35998165647396e-05,0.00010042076299695725,9.372604546382677e-05,9.707340423039201e-05,0.00011381019806321822,0.0001372417094291749,0.00017406265586139257,0.00013054699189604443,0.00012385227436291393,0.00011715755682978346,8.368396916413105e-05,0.0001271996331294792,9.037868669726152e-05,0.00011046283929665297,8.03366103975658e-05,8.703132793069628e-05,5.3557740265043867e-05,7.364189286443532e-05,7.364189286443532e-05,3.0126228899087174e-05,5.3557740265043867e-05,3.682094643221766e-05,4.6863022731913386e-05,4.6863022731913386e-05,3.0126228899087174e-05,3.682094643221766e-05,1.3389435066260967e-05,1.673679383282621e-05,2.6778870132521933e-05,1.673679383282621e-05,1.3389435066260967e-05,3.3473587665652417e-06,1.673679383282621e-05,1.673679383282621e-05,1.0042076299695725e-05,3.3473587665652417e-06,3.3473587665652417e-06,6.694717533130483e-06,0.0,2.3431511365956693e-05,6.694717533130483e-06,3.3473587665652417e-06,1.0042076299695725e-05,1.0042076299695725e-05,0.0,1.0042076299695725e-05,6.694717533130483e-06,6.694717533130483e-06,1.0042076299695725e-05,2.008415259939145e-05,3.3473587665652417e-06,0.0,1.0042076299695725e-05,1.0042076299695725e-05,3.3473587665652417e-06,3.3473587665652417e-06,1.0042076299695725e-05,6.694717533130483e-06,3.3473587665652417e-06,1.0042076299695725e-05,3.3473587665652417e-06,0.0,6.694717533130483e-06,1.673679383282621e-05,6.694717533130483e-06,0.0,6.694717533130483e-06,2.008415259939145e-05,6.694717533130483e-06,6.694717533130483e-06,2.6778870132521933e-05,1.3389435066260967e-05,2.6778870132521933e-05,1.3389435066260967e-05,2.008415259939145e-05,4.01683051987829e-05,2.3431511365956693e-05,1.3389435066260967e-05,1.673679383282621e-05,2.008415259939145e-05,1.673679383282621e-05,1.3389435066260967e-05,1.3389435066260967e-05,3.0126228899087174e-05,4.351566396534814e-05,3.682094643221766e-05,3.682094643221766e-05,4.351566396534814e-05,1.673679383282621e-05,3.347358766565242e-05,3.0126228899087174e-05,6.35998165647396e-05,3.682094643221766e-05,5.3557740265043867e-05,3.682094643221766e-05,7.698925163100056e-05,4.01683051987829e-05,7.029453409787007e-05,3.682094643221766e-05,5.690509903160911e-05,4.351566396534814e-05,5.690509903160911e-05,7.029453409787007e-05,5.690509903160911e-05,0.00011715755682978346,6.35998165647396e-05,7.029453409787007e-05,0.00012385227436291393,0.00011715755682978346,6.025245779817435e-05,9.037868669726152e-05,0.0001205049155963487,7.364189286443532e-05,0.00010711548053008773,0.0001271996331294792,0.00011381019806321822,8.368396916413105e-05,7.698925163100056e-05,5.021038149847862e-05,9.707340423039201e-05,8.368396916413105e-05,8.368396916413105e-05,8.03366103975658e-05,4.01683051987829e-05,7.364189286443532e-05,6.025245779817435e-05,6.694717533130483e-05,4.351566396534814e-05,6.025245779817435e-05,9.372604546382677e-05,3.682094643221766e-05,6.35998165647396e-05,5.3557740265043867e-05,4.351566396534814e-05,6.025245779817435e-05,5.690509903160911e-05,6.025245779817435e-05,4.6863022731913386e-05,3.347358766565242e-05,5.021038149847862e-05,2.3431511365956693e-05,4.351566396534814e-05,3.347358766565242e-05,2.6778870132521933e-05,2.3431511365956693e-05,2.3431511365956693e-05,3.682094643221766e-05,4.351566396534814e-05,4.351566396534814e-05,2.3431511365956693e-05,3.347358766565242e-05,2.3431511365956693e-05,2.008415259939145e-05,3.0126228899087174e-05,2.008415259939145e-05,3.347358766565242e-05,4.351566396534814e-05,2.008415259939145e-05,2.008415259939145e-05,5.021038149847862e-05,2.6778870132521933e-05,2.6778870132521933e-05,1.673679383282621e-05,3.347358766565242e-05,3.347358766565242e-05,2.008415259939145e-05,2.008415259939145e-05,4.351566396534814e-05,2.6778870132521933e-05,2.3431511365956693e-05,2.3431511365956693e-05,4.01683051987829e-05,2.6778870132521933e-05,1.3389435066260967e-05,2.008415259939145e-05,1.0042076299695725e-05,3.0126228899087174e-05,2.6778870132521933e-05,2.008415259939145e-05,3.682094643221766e-05,1.0042076299695725e-05,2.3431511365956693e-05,3.347358766565242e-05,6.694717533130483e-06
2.6778870132521933e-05,2.008415259939145e-05,3.0126228899087174e-05,4.351566396534814e-05,3.347358766565242e-05,2.3431511365956693e-05,4.01683051987829e-05,3.682094643221766e-05,2.6778870132521933e-05,3.0126228899087174e-05,2.6778870132521933e-05,3.682094643221766e-05,2.3431511365956693e-05,3.0126228899087174e-05,1.673679383282621e-05,0.0,1.3389435066260967e-05,1.0042076299695725e-05,6.694717533130483e-06,0.0,0.0,0.0,0.0,3.3473587665652417e-06,0.0,0.0,0.0,0.0,0.0,0.0,0.0,0.0,0.0,0.0,0.0,0.0,0.0,0.0,0.0,0.0,0.0,0.0,0.0,3.3473587665652417e-06,0.0,0.0,0.0,0.0,0.0,0.0,0.0,0.0,0.0,0.0,0.0,3.3473587665652417e-06,0.0,0.0,0.0,0.0,0.0,0.0,0.0,0.0,0.0,0.0,0.0,0.0,0.0,0.0,0.0,0.0,0.0,0.0,0.0,0.0,0.0,0.0,0.0,0.0,0.0,0.0,0.0,0.0,3.3473587665652417e-06,0.0,0.0,3.3473587665652417e-06,3.3473587665652417e-06,0.0,0.0,0.0,0.0,0.0,0.0,0.0,3.3473587665652417e-06,0.0,0.0,3.3473587665652417e-06,0.0,0.0,3.3473587665652417e-06,0.0,0.0,6.694717533130483e-06,6.694717533130483e-06,3.3473587665652417e-06,3.3473587665652417e-06,3.3473587665652417e-06,3.3473587665652417e-06,2.008415259939145e-05,1.0042076299695725e-05,1.0042076299695725e-05,3.3473587665652417e-06,3.3473587665652417e-06,3.3473587665652417e-06,1.0042076299695725e-05,1.673679383282621e-05,3.3473587665652417e-06,3.3473587665652417e-06,6.694717533130483e-06,0.0,1.0042076299695725e-05,1.0042076299695725e-05,6.694717533130483e-06,3.3473587665652417e-06,6.694717533130483e-06,1.0042076299695725e-05,1.673679383282621e-05,3.347358766565242e-05,1.673679383282621e-05,3.3473587665652417e-06,2.3431511365956693e-05,2.3431511365956693e-05,4.351566396534814e-05,2.6778870132521933e-05,4.351566396534814e-05,5.021038149847862e-05,3.0126228899087174e-05,2.6778870132521933e-05,3.682094643221766e-05,3.347358766565242e-05,1.673679383282621e-05,5.3557740265043867e-05,5.021038149847862e-05,4.351566396534814e-05,5.021038149847862e-05,5.3557740265043867e-05,5.690509903160911e-05,4.01683051987829e-05,5.3557740265043867e-05,5.3557740265043867e-05,4.01683051987829e-05,5.021038149847862e-05,7.698925163100056e-05,8.703132793069628e-05,5.690509903160911e-05,8.03366103975658e-05,7.698925163100056e-05,6.025245779817435e-05,5.690509903160911e-05,4.6863022731913386e-05,9.707340423039201e-05,9.372604546382677e-05,7.698925163100056e-05,7.698925163100056e-05,8.703132793069628e-05,0.00012385227436291393,7.698925163100056e-05,9.037868669726152e-05,6.694717533130483e-05,4.6863022731913386e-05,0.00013054699189604443,0.00010711548053008773,0.00013054699189604443,0.00010042076299695725,8.368396916413105e-05,0.00015397850326200112,0.0001606732207951316,0.00011046283929665297,0.00011715755682978346,0.00015732586202856636,0.00019749416722734925,0.00012385227436291393,8.03366103975658e-05,9.372604546382677e-05,8.03366103975658e-05,7.364189286443532e-05,9.372604546382677e-05,8.03366103975658e-05,7.698925163100056e-05,7.029453409787007e-05,7.029453409787007e-05,3.347358766565242e-05,5.3557740265043867e-05,4.01683051987829e-05,4.6863022731913386e-05,3.682094643221766e-05,4.01683051987829e-05,1.3389435066260967e-05,2.6778870132521933e-05,1.0042076299695725e-05,2.6778870132521933e-05,6.694717533130483e-06,2.008415259939145e-05,1.0042076299695725e-05,2.3431511365956693e-05,0.0,4.351566396534814e-05,0.0,1.0042076299695725e-05,1.3389435066260967e-05,1.3389435066260967e-05,1.0042076299695725e-05,6.694717533130483e-06,6.694717533130483e-06,1.673679383282621e-05,3.3473587665652417e-06,6.694717533130483e-06,1.3389435066260967e-05,1.3389435066260967e-05,0.0,3.3473587665652417e-06,0.0,6.694717533130483e-06,0.0,1.0042076299695725e-05,3.3473587665652417e-06,1.3389435066260967e-05,1.673679383282621e-05,1.0042076299695725e-05,3.3473587665652417e-06,6.694717533130483e-06,1.0042076299695725e-05,1.0042076299695725e-05,1.3389435066260967e-05,1.0042076299695725e-05,1.0042076299695725e-05,1.3389435066260967e-05,6.694717533130483e-06,1.3389435066260967e-05,1.673679383282621e-05,1.673679383282621e-05,1.0042076299695725e-05,3.0126228899087174e-05,3.0126228899087174e-05,2.008415259939145e-05,5.021038149847862e-05,3.0126228899087174e-05,1.3389435066260967e-05,1.0042076299695725e-05,3.682094643221766e-05,1.3389435066260967e-05,2.6778870132521933e-05,3.682094643221766e-05,2.6778870132521933e-05,1.3389435066260967e-05,5.3557740265043867e-05,3.0126228899087174e-05,6.025245779817435e-05,3.682094643221766e-05,4.01683051987829e-05,4.6863022731913386e-05,2.6778870132521933e-05,3.682094643221766e-05,3.0126228899087174e-05,3.347358766565242e-05,4.6863022731913386e-05,2.6778870132521933e-05,4.01683051987829e-05,5.3557740265043867e-05,5.690509903160911e-05,4.351566396534814e-05,5.021038149847862e-05,7.029453409787007e-05,3.347358766565242e-05,6.35998165647396e-05,3.347358766565242e-05,6.694717533130483e-05,4.01683051987829e-05,7.364189286443532e-05,5.3557740265043867e-05,0.00012385227436291393,9.707340423039201e-05,0.0001037681217635225,9.707340423039201e-05,0.00012385227436291393,0.00011715755682978346,0.00011046283929665297,8.368396916413105e-05,9.037868669726152e-05,9.037868669726152e-05,7.029453409787007e-05,9.372604546382677e-05,0.0001037681217635225,7.698925163100056e-05,6.35998165647396e-05,5.021038149847862e-05,5.021038149847862e-05,6.025245779817435e-05,7.029453409787007e-05,4.351566396534814e-05,6.694717533130483e-05,4.351566396534814e-05,5.3557740265043867e-05,5.021038149847862e-05,7.364189286443532e-05,3.347358766565242e-05,4.6863022731913386e-05,4.6863022731913386e-05,7.698925163100056e-05,3.682094643221766e-05,5.3557740265043867e-05,4.351566396534814e-05,4.01683051987829e-05,3.0126228899087174e-05,4.01683051987829e-05,1.673679383282621e-05,5.3557740265043867e-05,3.682094643221766e-05,2.6778870132521933e-05,4.01683051987829e-05,1.3389435066260967e-05,4.351566396534814e-05,2.008415259939145e-05,2.6778870132521933e-05,3.347358766565242e-05,1.673679383282621e-05,4.6863022731913386e-05,4.01683051987829e-05,3.347358766565242e-05,1.673679383282621e-05,3.0126228899087174e-05,1.673679383282621e-05,3.347358766565242e-05,2.6778870132521933e-05,1.673679383282621e-05,1.3389435066260967e-05,6.025245779817435e-05,2.3431511365956693e-05,2.6778870132521933e-05,1.673679383282621e-05,1.673679383282621e-05,3.682094643221766e-05,2.008415259939145e-05,3.682094643221766e-05,5.3557740265043867e-05,1.0042076299695725e-05,1.3389435066260967e-05,1.0042076299695725e-05,3.0126228899087174e-05,2.3431511365956693e-05,6.694717533130483e-06,4.01683051987829e-05,3.0126228899087174e-05,1.673679383282621e-05,3.0126228899087174e-05,2.6778870132521933e-05,2.008415259939145e-05
2.6778870132521933e-05,5.3557740265043867e-05,3.0126228899087174e-05,3.347358766565242e-05,3.0126228899087174e-05,3.347358766565242e-05,2.008415259939145e-05,2.008415259939145e-05,2.008415259939145e-05,3.0126228899087174e-05,1.673679383282621e-05,2.6778870132521933e-05,1.0042076299695725e-05,1.0042076299695725e-05,2.008415259939145e-05,1.673679383282621e-05,6.694717533130483e-06,1.3389435066260967e-05,6.694717533130483e-06,6.694717533130483e-06,6.694717533130483e-06,0.0,6.694717533130483e-06,3.3473587665652417e-06,0.0,6.694717533130483e-06,0.0,3.3473587665652417e-06,0.0,0.0,3.3473587665652417e-06,0.0,3.3473587665652417e-06,0.0,0.0,0.0,0.0,0.0,0.0,0.0,0.0,0.0,3.3473587665652417e-06,0.0,0.0,0.0,0.0,3.3473587665652417e-06,0.0,0.0,0.0,3.3473587665652417e-06,0.0,0.0,0.0,0.0,0.0,0.0,0.0,3.3473587665652417e-06,0.0,0.0,3.3473587665652417e-06,0.0,0.0,0.0,0.0,3.3473587665652417e-06,0.0,0.0,0.0,0.0,3.3473587665652417e-06,0.0,0.0,0.0,0.0,0.0,0.0,0.0,3.3473587665652417e-06,3.3473587665652417e-06,0.0,0.0,0.0,0.0,0.0,0.0,0.0,0.0,0.0,3.3473587665652417e-06,0.0,0.0,0.0,0.0,3.3473587665652417e-06,0.0,1.3389435066260967e-05,6.694717533130483e-06,0.0,0.0,0.0,0.0,6.694717533130483e-06,0.0,3.3473587665652417e-06,0.0,3.3473587665652417e-06,6.694717533130483e-06,0.0,1.0042076299695725e-05,6.694717533130483e-06,3.3473587665652417e-06,6.694717533130483e-06,1.3389435066260967e-05,6.694717533130483e-06,1.0042076299695725e-05,1.0042076299695725e-05,3.3473587665652417e-06,6.694717533130483e-06,3.3473587665652417e-06,6.694717533130483e-06,2.3431511365956693e-05,1.673679383282621e-05,6.694717533130483e-06,3.3473587665652417e-06,2.3431511365956693e-05,1.673679383282621e-05,1.3389435066260967e-05,3.0126228899087174e-05,6.694717533130483e-06,1.0042076299695725e-05,2.008415259939145e-05,3.347358766565242e-05,4.351566396534814e-05,3.682094643221766e-05,4.6863022731913386e-05,5.3557740265043867e-05,4.01683051987829e-05,6.35998165647396e-05,4.01683051987829e-05,4.01683051987829e-05,6.694717533130483e-05,3.347358766565242e-05,5.021038149847862e-05,8.03366103975658e-05,7.364189286443532e-05,9.037868669726152e-05,4.6863022731913386e-05,5.3557740265043867e-05,6.025245779817435e-05,7.364189286443532e-05,7.029453409787007e-05,6.35998165647396e-05,7.364189286443532e-05,9.372604546382677e-05,6.694717533130483e-05,7.364189286443532e-05,7.364189286443532e-05,6.35998165647396e-05,0.00010711548053008773,4.351566396534814e-05,8.703132793069628e-05,7.698925163100056e-05,7.364189286443532e-05,7.364189286443532e-05,0.00011381019806321822,8.368396916413105e-05,9.037868669726152e-05,0.00011046283929665297,9.372604546382677e-05,0.0001205049155963487,0.0001606732207951316,0.00010042076299695725,9.372604546382677e-05,0.0001271996331294792,0.00012385227436291393,0.00010711548053008773,0.00011715755682978346,0.00011715755682978346,0.00012385227436291393,0.00012385227436291393,0.00014393642696230538,0.0001205049155963487,0.00012385227436291393,0.00011046283929665297,0.00011046283929665297,9.372604546382677e-05,0.00011381019806321822,6.694717533130483e-05,5.3557740265043867e-05,4.351566396534814e-05,5.021038149847862e-05,3.0126228899087174e-05,2.008415259939145e-05,5.021038149847862e-05,4.351566396534814e-05,3.682094643221766e-05,1.3389435066260967e-05,1.673679383282621e-05,3.347358766565242e-05,3.0126228899087174e-05,1.673679383282621e-05,2.008415259939145e-05,3.3473587665652417e-06,1.3389435066260967e-05,0.0,3.3473587665652417e-06,6.694717533130483e-06,2.3431511365956693e-05,0.0,6.694717533130483e-06,1.673679383282621e-05,1.0042076299695725e-05,2.008415259939145e-05,1.0042076299695725e-05,6.694717533130483e-06,3.3473587665652417e-06,0.0,6.694717533130483e-06,6.694717533130483e-06,6.694717533130483e-06,0.0,3.3473587665652417e-06,6.694717533130483e-06,0.0,6.694717533130483e-06,1.0042076299695725e-05,3.3473587665652417e-06,1.3389435066260967e-05,1.0042076299695725e-05,6.694717533130483e-06,0.0,6.694717533130483e-06,1.3389435066260967e-05,1.0042076299695725e-05,1.0042076299695725e-05,1.0042076299695725e-05,6.694717533130483e-06,1.673679383282621e-05,1.3389435066260967e-05,2.3431511365956693e-05,6.694717533130483e-06,2.6778870132521933e-05,3.682094643221766e-05,4.01683051987829e-05,5.690509903160911e-05,2.6778870132521933e-05,2.008415259939145e-05,1.673679383282621e-05,2.3431511365956693e-05,2.008415259939145e-05,1.3389435066260967e-05,1.673679383282621e-05,4.01683051987829e-05,4.6863022731913386e-05,3.682094643221766e-05,5.690509903160911e-05,4.01683051987829e-05,3.0126228899087174e-05,3.682094643221766e-05,5.690509903160911e-05,2.008415259939145e-05,5.690509903160911e-05,5.690509903160911e-05,5.3557740265043867e-05,5.021038149847862e-05,3.682094643221766e-05,3.0126228899087174e-05,5.021038149847862e-05,4.6863022731913386e-05,5.021038149847862e-05,5.3557740265043867e-05,5.690509903160911e-05,6.35998165647396e-05,6.025245779817435e-05,4.01683051987829e-05,6.35998165647396e-05,6.025245779817435e-05,7.364189286443532e-05,5.690509903160911e-05,0.0001372417094291749,9.372604546382677e-05,9.037868669726152e-05,8.03366103975658e-05,0.00010042076299695725,5.021038149847862e-05,9.372604546382677e-05,0.00010042076299695725,9.037868669726152e-05,9.707340423039201e-05,0.00013054699189604443,7.029453409787007e-05,8.368396916413105e-05,8.03366103975658e-05,8.703132793069628e-05,6.35998165647396e-05,0.0001037681217635225,7.698925163100056e-05,5.690509903160911e-05,6.35998165647396e-05,5.690509903160911e-05,6.025245779817435e-05,8.368396916413105e-05,6.025245779817435e-05,4.6863022731913386e-05,5.690509903160911e-05,2.008415259939145e-05,5.690509903160911e-05,4.01683051987829e-05,4.351566396534814e-05,1.673679383282621e-05,5.3557740265043867e-05,3.682094643221766e-05,4.351566396534814e-05,4.351566396534814e-05,5.3557740265043867e-05,1.0042076299695725e-05,6.35998165647396e-05,4.01683051987829e-05,2.008415259939145e-05,2.6778870132521933e-05,5.690509903160911e-05,3.0126228899087174e-05,7.698925163100056e-05,3.682094643221766e-05,1.3389435066260967e-05,3.0126228899087174e-05,2.008415259939145e-05,2.3431511365956693e-05,2.008415259939145e-05,3.682094643221766e-05,3.347358766565242e-05,1.673679383282621e-05,2.6778870132521933e-05,2.008415259939145e-05,3.347358766565242e-05,4.351566396534814e-05,2.3431511365956693e-05,3.347358766565242e-05,3.682094643221766e-05,2.008415259939145e-05,4.01683051987829e-05,2.008415259939145e-05,2.3431511365956693e-05,2.008415259939145e-05,3.0126228899087174e-05,2.6778870132521933e-05,1.3389435066260967e-05,2.6778870132521933e-05,1.0042076299695725e-05,2.6778870132521933e-05,1.673679383282621e-05,2.008415259939145e-05,5.690509903160911e-05,4.351566396534814e-05,4.6863022731913386e-05,1.3389435066260967e-05,3.0126228899087174e-05
3.347358766565242e-05,3.682094643221766e-05,3.682094643221766e-05,5.021038149847862e-05,2.6778870132521933e-05,3.347358766565242e-05,1.673679383282621e-05,3.0126228899087174e-05,4.01683051987829e-05,2.008415259939145e-05,4.351566396534814e-05,2.6778870132521933e-05,3.682094643221766e-05,3.3473587665652417e-06,1.3389435066260967e-05,1.3389435066260967e-05,1.673679383282621e-05,0.0,0.0,3.3473587665652417e-06,3.3473587665652417e-06,3.3473587665652417e-06,6.694717533130483e-06,1.3389435066260967e-05,0.0,0.0,0.0,0.0,3.3473587665652417e-06,0.0,0.0,0.0,0.0,3.3473587665652417e-06,0.0,0.0,6.694717533130483e-06,3.3473587665652417e-06,0.0,0.0,0.0,0.0,0.0,0.0,0.0,0.0,0.0,0.0,0.0,0.0,0.0,0.0,0.0,0.0,3.3473587665652417e-06,0.0,0.0,0.0,0.0,0.0,0.0,0.0,0.0,0.0,0.0,0.0,0.0,0.0,0.0,0.0,0.0,3.3473587665652417e-06,0.0,0.0,0.0,0.0,0.0,0.0,0.0,0.0,0.0,0.0,1.3389435066260967e-05,0.0,0.0,0.0,0.0,0.0,0.0,0.0,0.0,0.0,0.0,0.0,3.3473587665652417e-06,0.0,0.0,0.0,3.3473587665652417e-06,3.3473587665652417e-06,0.0,0.0,3.3473587665652417e-06,6.694717533130483e-06,3.3473587665652417e-06,0.0,6.694717533130483e-06,3.3473587665652417e-06,0.0,0.0,3.3473587665652417e-06,6.694717533130483e-06,1.673679383282621e-05,1.0042076299695725e-05,6.694717533130483e-06,6.694717533130483e-06,6.694717533130483e-06,1.3389435066260967e-05,3.3473587665652417e-06,0.0,0.0,1.3389435066260967e-05,1.0042076299695725e-05,1.0042076299695725e-05,4.6863022731913386e-05,1.3389435066260967e-05,2.6778870132521933e-05,1.0042076299695725e-05,1.673679383282621e-05,1.3389435066260967e-05,1.0042076299695725e-05,1.0042076299695725e-05,1.673679383282621e-05,5.3557740265043867e-05,1.0042076299695725e-05,3.682094643221766e-05,1.673679383282621e-05,3.0126228899087174e-05,4.6863022731913386e-05,3.0126228899087174e-05,5.3557740265043867e-05,4.6863022731913386e-05,4.01683051987829e-05,5.690509903160911e-05,5.690509903160911e-05,5.3557740265043867e-05,6.025245779817435e-05,5.690509903160911e-05,5.3557740265043867e-05,7.029453409787007e-05,5.3557740265043867e-05,5.690509903160911e-05,4.351566396534814e-05,8.03366103975658e-05,6.35998165647396e-05,5.3557740265043867e-05,3.682094643221766e-05,6.35998165647396e-05,8.03366103975658e-05,7.029453409787007e-05,6.025245779817435e-05,3.682094643221766e-05,7.364189286443532e-05,8.368396916413105e-05,7.029453409787007e-05,0.0001037681217635225,0.00013054699189604443,7.029453409787007e-05,6.694717533130483e-05,9.037868669726152e-05,8.03366103975658e-05,8.368396916413105e-05,0.00011381019806321822,0.00011715755682978346,9.707340423039201e-05,0.00013054699189604443,0.0001271996331294792,0.00013054699189604443,0.00011046283929665297,0.0001037681217635225,0.00019414680846078402,0.00010711548053008773,0.00016402057956169683,0.00011046283929665297,0.00010042076299695725,0.00021088360229361023,0.00014393642696230538,0.00013389435066260967,0.00026778870132521934,9.372604546382677e-05,7.364189286443532e-05,6.694717533130483e-05,6.35998165647396e-05,8.03366103975658e-05,3.0126228899087174e-05,5.690509903160911e-05,5.690509903160911e-05,3.0126228899087174e-05,2.6778870132521933e-05,2.008415259939145e-05,3.0126228899087174e-05,1.0042076299695725e-05,1.0042076299695725e-05,6.694717533130483e-06,6.694717533130483e-06,1.673679383282621e-05,1.3389435066260967e-05,1.673679383282621e-05,3.0126228899087174e-05,6.694717533130483e-06,1.0042076299695725e-05,1.0042076299695725e-05,3.3473587665652417e-06,6.694717533130483e-06,3.3473587665652417e-06,3.3473587665652417e-06,6.694717533130483e-06,0.0,3.3473587665652417e-06,6.694717533130483e-06,0.0,1.673679383282621e-05,6.694717533130483e-06,6.694717533130483e-06,1.3389435066260967e-05,3.3473587665652417e-06,6.694717533130483e-06,3.3473587665652417e-06,1.0042076299695725e-05,3.3473587665652417e-06,1.3389435066260967e-05,3.3473587665652417e-06,1.0042076299695725e-05,1.3389435066260967e-05,6.694717533130483e-06,2.3431511365956693e-05,1.3389435066260967e-05,1.3389435066260967e-05,1.3389435066260967e-05,4.01683051987829e-05,2.3431511365956693e-05,6.694717533130483e-06,6.694717533130483e-06,1.3389435066260967e-05,1.0042076299695725e-05,3.0126228899087174e-05,2.3431511365956693e-05,1.3389435066260967e-05,2.6778870132521933e-05,3.347358766565242e-05,4.01683051987829e-05,1.3389435066260967e-05,2.3431511365956693e-05,3.0126228899087174e-05,2.008415259939145e-05,3.682094643221766e-05,3.682094643221766e-05,3.347358766565242e-05,2.6778870132521933e-05,4.6863022731913386e-05,3.0126228899087174e-05,4.01683051987829e-05,4.6863022731913386e-05,0.00011715755682978346,5.021038149847862e-05,4.01683051987829e-05,2.6778870132521933e-05,5.021038149847862e-05,3.682094643221766e-05,3.682094643221766e-05,2.3431511365956693e-05,4.6863022731913386e-05,8.368396916413105e-05,5.3557740265043867e-05,5.021038149847862e-05,4.351566396534814e-05,4.01683051987829e-05,3.347358766565242e-05,6.694717533130483e-05,5.690509903160911e-05,7.029453409787007e-05,7.364189286443532e-05,7.698925163100056e-05,0.00014728378572887064,0.0001037681217635225,0.00011046283929665297,0.00016402057956169683,0.00011046283929665297,9.037868669726152e-05,9.037868669726152e-05,0.00010711548053008773,7.698925163100056e-05,8.703132793069628e-05,7.698925163100056e-05,6.694717533130483e-05,7.698925163100056e-05,7.698925163100056e-05,4.351566396534814e-05,8.703132793069628e-05,6.694717533130483e-05,5.021038149847862e-05,6.35998165647396e-05,7.364189286443532e-05,7.364189286443532e-05,6.35998165647396e-05,5.690509903160911e-05,5.690509903160911e-05,4.01683051987829e-05,5.021038149847862e-05,6.35998165647396e-05,6.025245779817435e-05,3.0126228899087174e-05,3.682094643221766e-05,7.364189286443532e-05,4.01683051987829e-05,3.682094643221766e-05,2.008415259939145e-05,3.682094643221766e-05,1.673679383282621e-05,6.694717533130483e-05,3.682094643221766e-05,5.021038149847862e-05,3.0126228899087174e-05,1.673679383282621e-05,3.0126228899087174e-05,3.682094643221766e-05,2.6778870132521933e-05,4.351566396534814e-05,3.347358766565242e-05,3.0126228899087174e-05,5.3557740265043867e-05,2.6778870132521933e-05,3.0126228899087174e-05,1.673679383282621e-05,3.0126228899087174e-05,2.008415259939145e-05,5.690509903160911e-05,4.351566396534814e-05,5.690509903160911e-05,5.021038149847862e-05,2.3431511365956693e-05,3.682094643221766e-05,6.025245779817435e-05,2.008415259939145e-05,3.0126228899087174e-05,3.0126228899087174e-05,1.3389435066260967e-05,1.3389435066260967e-05,6.025245779817435e-05,1.0042076299695725e-05,1.673679383282621e-05,4.351566396534814e-05,3.0126228899087174e-05,2.6778870132521933e-05,3.0126228899087174e-05,0.00011046283929665297,2.008415259939145e-05,3.347358766565242e-05,3.682094643221766e-05,4.6863022731913386e-05
5.690509903160911e-05,7.698925163100056e-05,2.3431511365956693e-05,4.351566396534814e-05,4.01683051987829e-05,4.351566396534814e-05,3.347358766565242e-05,2.3431511365956693e-05,2.008415259939145e-05,3.0126228899087174e-05,0.0001271996331294792,2.6778870132521933e-05,2.3431511365956693e-05,3.347358766565242e-05,3.3473587665652417e-06,6.694717533130483e-06,0.0,3.3473587665652417e-06,1.0042076299695725e-05,0.0,0.0,6.694717533130483e-06,0.0,0.0,3.3473587665652417e-06,0.0,0.0,3.3473587665652417e-06,0.0,0.0,1.0042076299695725e-05,1.3389435066260967e-05,0.0,0.0,0.0,0.0,0.0,0.0,0.0,0.0,0.0,0.0,0.0,0.0,3.3473587665652417e-06,0.0,0.0,0.0,0.0,0.0,0.0,0.0,0.0,0.0,0.0,0.0,0.0,0.0,0.0,0.0,0.0,0.0,0.0,0.0,0.0,0.0,3.3473587665652417e-06,0.0,0.0,0.0,0.0,0.0,0.0,0.0,0.0,0.0,0.0,0.0,3.3473587665652417e-06,3.3473587665652417e-06,3.3473587665652417e-06,3.3473587665652417e-06,3.3473587665652417e-06,0.0,0.0,0.0,0.0,0.0,0.0,0.0,0.0,0.0,0.0,3.3473587665652417e-06,0.0,0.0,0.0,3.3473587665652417e-06,0.0,3.3473587665652417e-06,0.0,0.0,0.0,0.0,3.3473587665652417e-06,6.694717533130483e-06,0.0,0.0,1.0042076299695725e-05,0.0,0.0,0.0,3.3473587665652417e-06,6.694717533130483e-06,3.682094643221766e-05,6.694717533130483e-06,1.0042076299695725e-05,1.3389435066260967e-05,0.0,3.3473587665652417e-06,0.0,6.694717533130483e-06,0.0,0.0,3.3473587665652417e-06,1.673679383282621e-05,2.008415259939145e-05,2.008415259939145e-05,2.3431511365956693e-05,2.008415259939145e-05,1.673679383282621e-05,2.008415259939145e-05,1.673679383282621e-05,1.673679383282621e-05,3.347358766565242e-05,4.351566396534814e-05,2.008415259939145e-05,2.3431511365956693e-05,2.6778870132521933e-05,2.6778870132521933e-05,3.682094643221766e-05,4.351566396534814e-05,5.690509903160911e-05,5.3557740265043867e-05,8.368396916413105e-05,7.364189286443532e-05,6.025245779817435e-05,6.35998165647396e-05,5.021038149847862e-05,4.01683051987829e-05,4.01683051987829e-05,3.347358766565242e-05,7.364189286443532e-05,0.00011381019806321822,7.364189286443532e-05,5.3557740265043867e-05,7.029453409787007e-05,4.351566396534814e-05,4.351566396534814e-05,7.029453409787007e-05,8.368396916413105e-05,9.707340423039201e-05,5.690509903160911e-05,9.037868669726152e-05,5.690509903160911e-05,6.694717533130483e-05,9.372604546382677e-05,0.00010042076299695725,8.703132793069628e-05,0.0001205049155963487,0.00011715755682978346,9.707340423039201e-05,6.694717533130483e-05,0.00011715755682978346,0.0001271996331294792,0.0001606732207951316,0.0001271996331294792,0.0001271996331294792,0.00013054699189604443,0.0001271996331294792,9.707340423039201e-05,0.0001372417094291749,9.037868669726152e-05,7.029453409787007e-05,8.03366103975658e-05,0.00010711548053008773,0.00010711548053008773,8.368396916413105e-05,0.00010711548053008773,0.00011381019806321822,0.00010042076299695725,5.3557740265043867e-05,6.35998165647396e-05,2.6778870132521933e-05,5.021038149847862e-05,5.3557740265043867e-05,2.3431511365956693e-05,2.6778870132521933e-05,2.3431511365956693e-05,1.3389435066260967e-05,6.694717533130483e-06,2.008415259939145e-05,0.0,1.0042076299695725e-05,6.694717533130483e-06,1.0042076299695725e-05,1.0042076299695725e-05,6.694717533130483e-06,1.3389435066260967e-05,6.694717533130483e-06,1.0042076299695725e-05,3.3473587665652417e-06,1.0042076299695725e-05,1.673679383282621e-05,3.3473587665652417e-06,0.0,1.0042076299695725e-05,0.0,3.3473587665652417e-06,3.3473587665652417e-06,0.0,0.0,1.3389435066260967e-05,1.673679383282621e-05,3.3473587665652417e-06,1.0042076299695725e-05,1.3389435066260967e-05,1.0042076299695725e-05,1.3389435066260967e-05,1.673679383282621e-05,3.3473587665652417e-06,1.0042076299695725e-05,2.008415259939145e-05,1.0042076299695725e-05,1.0042076299695725e-05,1.0042076299695725e-05,1.3389435066260967e-05,6.694717533130483e-06,1.673679383282621e-05,1.673679383282621e-05,3.3473587665652417e-06,1.3389435066260967e-05,1.0042076299695725e-05,2.008415259939145e-05,1.673679383282621e-05,3.347358766565242e-05,1.673679383282621e-05,2.008415259939145e-05,1.3389435066260967e-05,3.682094643221766e-05,2.008415259939145e-05,1.3389435066260967e-05,3.347358766565242e-05,1.0042076299695725e-05,2.3431511365956693e-05,3.0126228899087174e-05,5.021038149847862e-05,4.01683051987829e-05,3.682094643221766e-05,5.021038149847862e-05,5.021038149847862e-05,3.0126228899087174e-05,5.021038149847862e-05,4.6863022731913386e-05,2.3431511365956693e-05,3.347358766565242e-05,6.35998165647396e-05,3.0126228899087174e-05,4.351566396534814e-05,4.01683051987829e-05,4.01683051987829e-05,4.01683051987829e-05,4.6863022731913386e-05,3.682094643221766e-05,4.6863022731913386e-05,4.01683051987829e-05,5.3557740265043867e-05,5.021038149847862e-05,6.025245779817435e-05,8.03366103975658e-05,5.690509903160911e-05,8.703132793069628e-05,5.690509903160911e-05,7.029453409787007e-05,9.037868669726152e-05,6.35998165647396e-05,6.025245779817435e-05,6.694717533130483e-05,9.372604546382677e-05,7.029453409787007e-05,9.372604546382677e-05,8.03366103975658e-05,6.694717533130483e-05,7.364189286443532e-05,0.00018075737339452304,5.021038149847862e-05,6.025245779817435e-05,7.029453409787007e-05,0.0001271996331294792,7.364189286443532e-05,7.364189286443532e-05,4.351566396534814e-05,6.694717533130483e-05,3.0126228899087174e-05,5.3557740265043867e-05,7.029453409787007e-05,3.347358766565242e-05,3.0126228899087174e-05,4.01683051987829e-05,3.347358766565242e-05,3.0126228899087174e-05,4.6863022731913386e-05,3.682094643221766e-05,3.347358766565242e-05,4.01683051987829e-05,3.682094643221766e-05,3.682094643221766e-05,4.01683051987829e-05,4.01683051987829e-05,4.351566396534814e-05,4.351566396534814e-05,1.673679383282621e-05,4.351566396534814e-05,3.682094643221766e-05,3.0126228899087174e-05,3.347358766565242e-05,3.682094643221766e-05,4.01683051987829e-05,5.3557740265043867e-05,2.6778870132521933e-05,3.347358766565242e-05,5.021038149847862e-05,4.6863022731913386e-05,4.351566396534814e-05,2.6778870132521933e-05,4.6863022731913386e-05,3.682094643221766e-05,4.6863022731913386e-05,5.021038149847862e-05,1.673679383282621e-05,3.682094643221766e-05,3.682094643221766e-05,4.01683051987829e-05,3.682094643221766e-05,6.025245779817435e-05,5.3557740265043867e-05,1.673679383282621e-05,3.347358766565242e-05,2.3431511365956693e-05,1.673679383282621e-05,1.3389435066260967e-05,3.0126228899087174e-05,2.008415259939145e-05,0.00010042076299695725,1.673679383282621e-05,4.01683051987829e-05,2.3431511365956693e-05,8.03366103975658e-05,4.01683051987829e-05,5.3557740265043867e-05
4.351566396534814e-05,1.673679383282621e-05,6.694717533130483e-05,5.3557740265043867e-05,6.694717533130483e-05,4.6863022731913386e-05,2.008415259939145e-05,3.0126228899087174e-05,2.3431511365956693e-05,2.3431511365956693e-05,2.008415259939145e-05,1.3389435066260967e-05,1.0042076299695725e-05,1.0042076299695725e-05,1.3389435066260967e-05,6.694717533130483e-06,1.0042076299695725e-05,3.3473587665652417e-06,6.694717533130483e-06,0.0,1.0042076299695725e-05,6.694717533130483e-06,0.0,0.0,0.0,0.0,0.0,3.3473587665652417e-06,0.0,0.0,0.0,0.0,0.0,0.0,0.0,0.0,0.0,0.0,0.0,0.0,0.0,0.0,0.0,0.0,0.0,0.0,0.0,0.0,0.0,0.0,0.0,3.3473587665652417e-06,0.0,0.0,0.0,0.0,0.0,0.0,0.0,0.0,0.0,0.0,0.0,0.0,0.0,0.0,0.0,0.0,0.0,0.0,0.0,0.0,0.0,0.0,3.3473587665652417e-06,0.0,0.0,0.0,1.0042076299695725e-05,0.0,1.0042076299695725e-05,1.0042076299695725e-05,0.0,0.0,6.694717533130483e-06,0.0,0.0,0.0,0.0,3.3473587665652417e-06,0.0,0.0,0.0,0.0,3.3473587665652417e-06,0.0,0.0,0.0,0.0,0.0,0.0,0.0,6.694717533130483e-06,3.3473587665652417e-06,6.694717533130483e-06,6.694717533130483e-06,0.0,3.3473587665652417e-06,3.3473587665652417e-06,3.3473587665652417e-06,1.3389435066260967e-05,1.3389435066260967e-05,0.0,0.0,1.0042076299695725e-05,0.0,3.3473587665652417e-06,0.0,3.3473587665652417e-06,1.3389435066260967e-05,1.0042076299695725e-05,2.6778870132521933e-05,1.3389435066260967e-05,6.694717533130483e-06,2.6778870132521933e-05,1.0042076299695725e-05,1.673679383282621e-05,1.0042076299695725e-05,1.673679383282621e-05,2.3431511365956693e-05,6.694717533130483e-06,6.694717533130483e-06,4.01683051987829e-05,3.682094643221766e-05,3.0126228899087174e-05,2.3431511365956693e-05,7.364189286443532e-05,4.01683051987829e-05,3.347358766565242e-05,3.682094643221766e-05,2.6778870132521933e-05,4.6863022731913386e-05,5.021038149847862e-05,7.698925163100056e-05,7.698925163100056e-05,4.6863022731913386e-05,5.3557740265043867e-05,3.347358766565242e-05,8.368396916413105e-05,9.372604546382677e-05,8.03366103975658e-05,8.703132793069628e-05,7.698925163100056e-05,7.029453409787007e-05,7.029453409787007e-05,8.03366103975658e-05,8.03366103975658e-05,4.6863022731913386e-05,4.01683051987829e-05,6.025245779817435e-05,7.029453409787007e-05,8.703132793069628e-05,8.368396916413105e-05,5.690509903160911e-05,0.00010042076299695725,0.00011381019806321822,8.03366103975658e-05,8.03366103975658e-05,7.029453409787007e-05,7.698925163100056e-05,9.707340423039201e-05,0.0001037681217635225,0.00010042076299695725,9.707340423039201e-05,0.0001372417094291749,0.00011381019806321822,0.00014393642696230538,9.037868669726152e-05,0.0001205049155963487,0.00015732586202856636,0.0001037681217635225,0.00010042076299695725,0.0001037681217635225,0.00010042076299695725,6.35998165647396e-05,7.364189286443532e-05,7.698925163100056e-05,8.703132793069628e-05,0.00012385227436291393,7.029453409787007e-05,7.029453409787007e-05,3.682094643221766e-05,5.690509903160911e-05,3.0126228899087174e-05,4.01683051987829e-05,1.3389435066260967e-05,2.6778870132521933e-05,1.3389435066260967e-05,1.673679383282621e-05,3.0126228899087174e-05,2.6778870132521933e-05,1.3389435066260967e-05,1.3389435066260967e-05,6.694717533130483e-06,1.3389435066260967e-05,6.694717533130483e-06,1.0042076299695725e-05,3.3473587665652417e-06,6.694717533130483e-06,0.0,1.0042076299695725e-05,6.694717533130483e-06,6.694717533130483e-06,1.673679383282621e-05,1.3389435066260967e-05,3.3473587665652417e-06,0.0,3.3473587665652417e-06,0.0,0.0,3.3473587665652417e-06,0.0,3.3473587665652417e-06,0.0,1.0042076299695725e-05,6.694717533130483e-06,3.3473587665652417e-06,1.673679383282621e-05,6.694717533130483e-06,3.3473587665652417e-06,1.0042076299695725e-05,3.3473587665652417e-06,6.694717533130483e-06,1.3389435066260967e-05,3.3473587665652417e-06,1.3389435066260967e-05,1.0042076299695725e-05,1.3389435066260967e-05,3.3473587665652417e-06,1.673679383282621e-05,1.673679383282621e-05,1.3389435066260967e-05,2.3431511365956693e-05,1.3389435066260967e-05,2.3431511365956693e-05,3.682094643221766e-05,2.008415259939145e-05,4.351566396534814e-05,3.682094643221766e-05,3.682094643221766e-05,3.682094643221766e-05,3.347358766565242e-05,2.3431511365956693e-05,1.673679383282621e-05,3.682094643221766e-05,2.6778870132521933e-05,4.01683051987829e-05,4.351566396534814e-05,4.351566396534814e-05,4.01683051987829e-05,3.347358766565242e-05,4.01683051987829e-05,0.00010042076299695725,4.01683051987829e-05,3.0126228899087174e-05,4.351566396534814e-05,5.3557740265043867e-05,3.347358766565242e-05,3.682094643221766e-05,7.364189286443532e-05,3.682094643221766e-05,8.368396916413105e-05,5.690509903160911e-05,3.0126228899087174e-05,7.029453409787007e-05,3.347358766565242e-05,4.01683051987829e-05,7.029453409787007e-05,4.6863022731913386e-05,5.690509903160911e-05,5.3557740265043867e-05,6.694717533130483e-05,8.703132793069628e-05,0.00010042076299695725,5.690509903160911e-05,4.6863022731913386e-05,8.03366103975658e-05,8.368396916413105e-05,8.703132793069628e-05,0.0001037681217635225,0.00010042076299695725,0.00010711548053008773,9.372604546382677e-05,0.00010042076299695725,9.037868669726152e-05,4.351566396534814e-05,8.368396916413105e-05,9.372604546382677e-05,0.0001205049155963487,7.029453409787007e-05,5.3557740265043867e-05,4.351566396534814e-05,7.364189286443532e-05,5.021038149847862e-05,6.025245779817435e-05,6.025245779817435e-05,4.351566396534814e-05,6.694717533130483e-05,3.682094643221766e-05,4.01683051987829e-05,4.351566396534814e-05,3.347358766565242e-05,5.021038149847862e-05,4.01683051987829e-05,4.01683051987829e-05,5.690509903160911e-05,5.690509903160911e-05,3.0126228899087174e-05,3.0126228899087174e-05,3.0126228899087174e-05,4.351566396534814e-05,4.01683051987829e-05,5.021038149847862e-05,3.0126228899087174e-05,7.029453409787007e-05,4.351566396534814e-05,3.682094643221766e-05,3.682094643221766e-05,3.347358766565242e-05,2.6778870132521933e-05,4.01683051987829e-05,3.682094643221766e-05,3.682094643221766e-05,2.008415259939145e-05,3.682094643221766e-05,2.3431511365956693e-05,4.01683051987829e-05,3.0126228899087174e-05,2.6778870132521933e-05,5.021038149847862e-05,1.0042076299695725e-05,2.3431511365956693e-05,2.3431511365956693e-05,3.347358766565242e-05,4.01683051987829e-05,2.3431511365956693e-05,2.008415259939145e-05,3.347358766565242e-05,4.6863022731913386e-05,4.351566396534814e-05,3.682094643221766e-05,4.01683051987829e-05,3.682094643221766e-05,6.025245779817435e-05,2.6778870132521933e-05,1.0042076299695725e-05,2.008415259939145e-05,3.0126228899087174e-05,2.008415259939145e-05,0.00011046283929665297
3.0126228899087174e-05,2.008415259939145e-05,2.3431511365956693e-05,3.347358766565242e-05,1.0042076299695725e-05,3.0126228899087174e-05,4.01683051987829e-05,2.3431511365956693e-05,2.6778870132521933e-05,2.3431511365956693e-05,2.3431511365956693e-05,1.673679383282621e-05,1.0042076299695725e-05,1.0042076299695725e-05,3.3473587665652417e-06,1.0042076299695725e-05,3.3473587665652417e-06,3.3473587665652417e-06,3.3473587665652417e-06,6.694717533130483e-06,0.0,1.0042076299695725e-05,3.3473587665652417e-06,6.694717533130483e-06,6.694717533130483e-06,0.0,0.0,0.0,0.0,3.3473587665652417e-06,3.3473587665652417e-06,0.0,0.0,0.0,0.0,0.0,0.0,6.694717533130483e-06,0.0,0.0,0.0,0.0,3.3473587665652417e-06,0.0,0.0,0.0,0.0,0.0,0.0,0.0,0.0,0.0,0.0,0.0,0.0,0.0,0.0,0.0,0.0,0.0,0.0,0.0,0.0,0.0,0.0,0.0,0.0,0.0,0.0,0.0,3.3473587665652417e-06,0.0,0.0,0.0,3.3473587665652417e-06,0.0,0.0,0.0,0.0,0.0,3.3473587665652417e-06,0.0,0.0,0.0,0.0,0.0,0.0,0.0,0.0,0.0,0.0,6.694717533130483e-06,0.0,0.0,0.0,3.3473587665652417e-06,0.0,0.0,0.0,0.0,0.0,3.3473587665652417e-06,3.3473587665652417e-06,0.0,3.3473587665652417e-06,0.0,0.0,3.3473587665652417e-06,3.3473587665652417e-06,1.0042076299695725e-05,3.3473587665652417e-06,3.3473587665652417e-06,0.0,1.0042076299695725e-05,0.0,0.0,1.3389435066260967e-05,0.0,3.3473587665652417e-06,6.694717533130483e-06,3.3473587665652417e-06,1.0042076299695725e-05,6.694717533130483e-06,1.3389435066260967e-05,2.6778870132521933e-05,6.694717533130483e-06,2.008415259939145e-05,1.3389435066260967e-05,1.3389435066260967e-05,2.008415259939145e-05,2.3431511365956693e-05,3.347358766565242e-05,2.008415259939145e-05,2.008415259939145e-05,1.3389435066260967e-05,1.673679383282621e-05,5.3557740265043867e-05,4.351566396534814e-05,5.3557740265043867e-05,2.3431511365956693e-05,4.351566396534814e-05,6.694717533130483e-05,5.021038149847862e-05,4.01683051987829e-05,5.690509903160911e-05,4.6863022731913386e-05,9.037868669726152e-05,0.00010711548053008773,8.703132793069628e-05,4.6863022731913386e-05,9.707340423039201e-05,6.35998165647396e-05,4.01683051987829e-05,3.347358766565242e-05,8.703132793069628e-05,5.690509903160911e-05,5.021038149847862e-05,5.690509903160911e-05,7.364189286443532e-05,9.707340423039201e-05,8.703132793069628e-05,0.00014058906819574014,8.03366103975658e-05,9.037868669726152e-05,0.0001205049155963487,4.351566396534814e-05,9.372604546382677e-05,6.694717533130483e-05,0.00011381019806321822,0.00010711548053008773,0.0001205049155963487,0.00014728378572887064,8.368396916413105e-05,0.00011715755682978346,9.037868669726152e-05,8.368396916413105e-05,9.707340423039201e-05,9.037868669726152e-05,0.00011381019806321822,8.368396916413105e-05,9.707340423039201e-05,9.707340423039201e-05,0.00011381019806321822,7.698925163100056e-05,0.00012385227436291393,7.698925163100056e-05,0.00011046283929665297,6.694717533130483e-05,6.35998165647396e-05,5.021038149847862e-05,4.01683051987829e-05,6.025245779817435e-05,6.35998165647396e-05,4.01683051987829e-05,2.6778870132521933e-05,3.682094643221766e-05,3.682094643221766e-05,3.347358766565242e-05,3.682094643221766e-05,3.0126228899087174e-05,1.673679383282621e-05,2.6778870132521933e-05,1.673679383282621e-05,6.694717533130483e-06,1.0042076299695725e-05,1.0042076299695725e-05,3.3473587665652417e-06,1.0042076299695725e-05,1.673679383282621e-05,3.3473587665652417e-06,6.694717533130483e-06,2.008415259939145e-05,6.694717533130483e-06,0.0,6.694717533130483e-06,3.3473587665652417e-06,1.3389435066260967e-05,6.694717533130483e-06,1.0042076299695725e-05,1.3389435066260967e-05,0.0,0.0,0.0,6.694717533130483e-06,1.3389435066260967e-05,1.673679383282621e-05,3.3473587665652417e-06,3.3473587665652417e-06,0.0,3.3473587665652417e-06,1.0042076299695725e-05,1.0042076299695725e-05,6.694717533130483e-06,3.3473587665652417e-06,3.3473587665652417e-06,1.673679383282621e-05,1.0042076299695725e-05,1.673679383282621e-05,3.0126228899087174e-05,1.0042076299695725e-05,1.0042076299695725e-05,3.0126228899087174e-05,2.6778870132521933e-05,1.0042076299695725e-05,6.694717533130483e-06,1.673679383282621e-05,2.008415259939145e-05,3.347358766565242e-05,3.347358766565242e-05,4.01683051987829e-05,2.6778870132521933e-05,1.673679383282621e-05,2.6778870132521933e-05,1.673679383282621e-05,4.6863022731913386e-05,6.35998165647396e-05,7.364189286443532e-05,5.021038149847862e-05,5.690509903160911e-05,3.347358766565242e-05,4.01683051987829e-05,5.690509903160911e-05,6.025245779817435e-05,3.347358766565242e-05,6.694717533130483e-05,2.6778870132521933e-05,3.347358766565242e-05,1.673679383282621e-05,3.347358766565242e-05,6.025245779817435e-05,4.01683051987829e-05,0.00011381019806321822,3.347358766565242e-05,3.347358766565242e-05,3.0126228899087174e-05,3.682094643221766e-05,6.694717533130483e-05,5.690509903160911e-05,4.6863022731913386e-05,5.690509903160911e-05,9.372604546382677e-05,4.6863022731913386e-05,5.3557740265043867e-05,7.029453409787007e-05,6.025245779817435e-05,0.00010711548053008773,8.703132793069628e-05,8.703132793069628e-05,6.35998165647396e-05,0.00010042076299695725,9.707340423039201e-05,4.351566396534814e-05,8.03366103975658e-05,0.00013054699189604443,7.029453409787007e-05,0.00011381019806321822,0.00013389435066260967,0.00014058906819574014,9.037868669726152e-05,7.698925163100056e-05,9.372604546382677e-05,7.364189286443532e-05,3.0126228899087174e-05,3.347358766565242e-05,8.03366103975658e-05,7.364189286443532e-05,5.3557740265043867e-05,4.351566396534814e-05,0.00010711548053008773,4.6863022731913386e-05,5.021038149847862e-05,3.682094643221766e-05,4.351566396534814e-05,4.01683051987829e-05,3.0126228899087174e-05,2.3431511365956693e-05,5.3557740265043867e-05,5.021038149847862e-05,5.3557740265043867e-05,2.6778870132521933e-05,7.364189286443532e-05,5.3557740265043867e-05,2.3431511365956693e-05,4.6863022731913386e-05,2.3431511365956693e-05,6.694717533130483e-05,5.021038149847862e-05,5.3557740265043867e-05,4.351566396534814e-05,7.029453409787007e-05,3.0126228899087174e-05,3.682094643221766e-05,3.347358766565242e-05,3.347358766565242e-05,3.0126228899087174e-05,3.347358766565242e-05,4.351566396534814e-05,3.347358766565242e-05,3.347358766565242e-05,2.3431511365956693e-05,3.682094643221766e-05,4.351566396534814e-05,4.01683051987829e-05,3.682094643221766e-05,5.690509903160911e-05,3.347358766565242e-05,2.6778870132521933e-05,3.347358766565242e-05,2.6778870132521933e-05,3.347358766565242e-05,3.0126228899087174e-05,3.682094643221766e-05,1.673679383282621e-05,3.0126228899087174e-05,5.021038149847862e-05,3.0126228899087174e-05,2.6778870132521933e-05,3.682094643221766e-05,3.0126228899087174e-05,2.008415259939145e-05
4.01683051987829e-05,3.347358766565242e-05,5.3557740265043867e-05,2.6778870132521933e-05,3.0126228899087174e-05,2.6778870132521933e-05,3.0126228899087174e-05,3.682094643221766e-05,3.0126228899087174e-05,2.008415259939145e-05,2.3431511365956693e-05,3.0126228899087174e-05,2.6778870132521933e-05,6.694717533130483e-06,3.3473587665652417e-06,1.3389435066260967e-05,1.3389435066260967e-05,1.3389435066260967e-05,3.3473587665652417e-06,0.0,0.0,6.694717533130483e-06,6.694717533130483e-06,0.0,6.694717533130483e-06,0.0,0.0,0.0,0.0,0.0,0.0,6.694717533130483e-06,0.0,0.0,0.0,0.0,0.0,0.0,0.0,0.0,0.0,3.3473587665652417e-06,6.694717533130483e-06,3.3473587665652417e-06,0.0,0.0,0.0,0.0,0.0,0.0,0.0,3.3473587665652417e-06,0.0,0.0,0.0,0.0,0.0,0.0,0.0,0.0,0.0,0.0,0.0,0.0,0.0,0.0,0.0,0.0,0.0,0.0,0.0,0.0,0.0,3.3473587665652417e-06,0.0,0.0,0.0,0.0,0.0,0.0,0.0,3.3473587665652417e-06,0.0,0.0,0.0,3.3473587665652417e-06,0.0,0.0,3.3473587665652417e-06,0.0,0.0,0.0,0.0,0.0,0.0,3.3473587665652417e-06,0.0,0.0,3.3473587665652417e-06,0.0,6.694717533130483e-06,0.0,0.0,0.0,0.0,3.3473587665652417e-06,3.3473587665652417e-06,6.694717533130483e-06,3.3473587665652417e-06,0.0,3.3473587665652417e-06,0.0,6.694717533130483e-06,3.3473587665652417e-06,1.0042076299695725e-05,6.694717533130483e-06,6.694717533130483e-06,1.0042076299695725e-05,1.3389435066260967e-05,6.694717533130483e-06,6.694717533130483e-06,1.3389435066260967e-05,3.0126228899087174e-05,2.008415259939145e-05,2.008415259939145e-05,1.673679383282621e-05,2.008415259939145e-05,1.673679383282621e-05,2.3431511365956693e-05,2.008415259939145e-05,2.6778870132521933e-05,1.673679383282621e-05,3.347358766565242e-05,4.6863022731913386e-05,1.0042076299695725e-05,4.6863022731913386e-05,3.347358766565242e-05,3.0126228899087174e-05,4.351566396534814e-05,5.3557740265043867e-05,4.6863022731913386e-05,5.690509903160911e-05,4.351566396534814e-05,6.35998165647396e-05,8.368396916413105e-05,9.037868669726152e-05,6.025245779817435e-05,4.6863022731913386e-05,9.037868669726152e-05,6.025245779817435e-05,7.364189286443532e-05,5.021038149847862e-05,5.690509903160911e-05,4.351566396534814e-05,6.35998165647396e-05,8.703132793069628e-05,6.35998165647396e-05,6.694717533130483e-05,8.03366103975658e-05,0.00017071529709482733,4.351566396534814e-05,5.3557740265043867e-05,9.037868669726152e-05,9.037868669726152e-05,0.00013054699189604443,0.0001037681217635225,7.698925163100056e-05,8.03366103975658e-05,0.00013389435066260967,8.368396916413105e-05,9.707340423039201e-05,9.372604546382677e-05,9.372604546382677e-05,7.364189286443532e-05,0.00010042076299695725,0.00011715755682978346,9.037868669726152e-05,9.037868669726152e-05,0.00011046283929665297,0.00017071529709482733,8.03366103975658e-05,8.03366103975658e-05,0.00010711548053008773,0.0001037681217635225,0.0001037681217635225,9.372604546382677e-05,5.690509903160911e-05,7.029453409787007e-05,9.037868669726152e-05,6.694717533130483e-05,5.3557740265043867e-05,4.351566396534814e-05,2.3431511365956693e-05,3.682094643221766e-05,3.347358766565242e-05,2.008415259939145e-05,3.0126228899087174e-05,2.6778870132521933e-05,2.3431511365956693e-05,3.682094643221766e-05,2.3431511365956693e-05,2.008415259939145e-05,3.3473587665652417e-06,1.0042076299695725e-05,6.694717533130483e-06,6.694717533130483e-06,1.0042076299695725e-05,2.3431511365956693e-05,2.008415259939145e-05,0.0,2.3431511365956693e-05,0.0,0.0,6.694717533130483e-06,6.694717533130483e-06,3.3473587665652417e-06,3.3473587665652417e-06,0.0,1.0042076299695725e-05,3.3473587665652417e-06,1.0042076299695725e-05,6.694717533130483e-06,6.694717533130483e-06,0.0,0.0,6.694717533130483e-06,6.694717533130483e-06,6.694717533130483e-06,6.694717533130483e-06,3.3473587665652417e-06,1.0042076299695725e-05,2.008415259939145e-05,2.008415259939145e-05,6.694717533130483e-06,1.0042076299695725e-05,1.3389435066260967e-05,1.3389435066260967e-05,3.3473587665652417e-06,1.3389435066260967e-05,1.0042076299695725e-05,3.3473587665652417e-06,1.673679383282621e-05,2.008415259939145e-05,1.673679383282621e-05,6.694717533130483e-06,1.3389435066260967e-05,4.01683051987829e-05,3.0126228899087174e-05,2.008415259939145e-05,3.347358766565242e-05,6.694717533130483e-05,4.01683051987829e-05,2.6778870132521933e-05,1.673679383282621e-05,4.01683051987829e-05,5.021038149847862e-05,8.368396916413105e-05,6.025245779817435e-05,9.707340423039201e-05,9.372604546382677e-05,6.025245779817435e-05,4.6863022731913386e-05,5.3557740265043867e-05,5.3557740265043867e-05,3.0126228899087174e-05,2.3431511365956693e-05,2.6778870132521933e-05,4.01683051987829e-05,2.3431511365956693e-05,4.351566396534814e-05,0.00010711548053008773,3.682094643221766e-05,4.351566396534814e-05,4.351566396534814e-05,2.008415259939145e-05,4.01683051987829e-05,6.025245779817435e-05,5.3557740265043867e-05,5.690509903160911e-05,5.690509903160911e-05,8.368396916413105e-05,6.694717533130483e-05,6.35998165647396e-05,8.03366103975658e-05,0.00010042076299695725,3.682094643221766e-05,6.35998165647396e-05,6.35998165647396e-05,9.372604546382677e-05,7.364189286443532e-05,8.03366103975658e-05,8.368396916413105e-05,8.03366103975658e-05,5.021038149847862e-05,8.703132793069628e-05,9.372604546382677e-05,9.037868669726152e-05,9.037868669726152e-05,0.00011381019806321822,7.364189286443532e-05,0.00010042076299695725,4.6863022731913386e-05,5.021038149847862e-05,4.01683051987829e-05,7.698925163100056e-05,4.6863022731913386e-05,7.029453409787007e-05,6.025245779817435e-05,4.6863022731913386e-05,2.3431511365956693e-05,4.351566396534814e-05,4.6863022731913386e-05,3.682094643221766e-05,4.01683051987829e-05,7.698925163100056e-05,4.6863022731913386e-05,6.025245779817435e-05,4.351566396534814e-05,3.0126228899087174e-05,2.6778870132521933e-05,2.008415259939145e-05,4.351566396534814e-05,4.351566396534814e-05,6.35998165647396e-05,4.6863022731913386e-05,3.347358766565242e-05,4.351566396534814e-05,6.694717533130483e-05,5.021038149847862e-05,6.025245779817435e-05,3.682094643221766e-05,1.673679383282621e-05,4.01683051987829e-05,7.364189286443532e-05,4.351566396534814e-05,5.690509903160911e-05,3.682094643221766e-05,3.347358766565242e-05,4.01683051987829e-05,5.021038149847862e-05,4.351566396534814e-05,7.029453409787007e-05,4.351566396534814e-05,2.6778870132521933e-05,6.35998165647396e-05,3.682094643221766e-05,5.021038149847862e-05,2.3431511365956693e-05,1.673679383282621e-05,2.6778870132521933e-05,4.351566396534814e-05,2.6778870132521933e-05,3.0126228899087174e-05,1.673679383282621e-05,4.01683051987829e-05,3.682094643221766e-05,6.35998165647396e-05,4.6863022731913386e-05,3.682094643221766e-05,3.0126228899087174e-05
4.01683051987829e-05,2.3431511365956693e-05,3.347358766565242e-05,2.3431511365956693e-05,3.682094643221766e-05,2.008415259939145e-05,5.3557740265043867e-05,1.673679383282621e-05,2.3431511365956693e-05,2.008415259939145e-05,2.3431511365956693e-05,3.347358766565242e-05,1.673679383282621e-05,1.673679383282621e-05,1.673679383282621e-05,1.3389435066260967e-05,1.0042076299695725e-05,1.0042076299695725e-05,3.3473587665652417e-06,6.694717533130483e-06,6.694717533130483e-06,3.3473587665652417e-06,0.0,3.3473587665652417e-06,0.0,3.3473587665652417e-06,3.3473587665652417e-06,0.0,3.3473587665652417e-06,3.3473587665652417e-06,3.3473587665652417e-06,0.0,0.0,0.0,0.0,0.0,0.0,0.0,3.3473587665652417e-06,6.694717533130483e-06,0.0,0.0,0.0,0.0,0.0,0.0,0.0,0.0,0.0,0.0,0.0,0.0,0.0,0.0,0.0,0.0,0.0,0.0,0.0,0.0,0.0,0.0,0.0,0.0,0.0,0.0,0.0,0.0,0.0,0.0,0.0,0.0,0.0,0.0,0.0,0.0,0.0,0.0,0.0,0.0,0.0,0.0,0.0,3.3473587665652417e-06,0.0,3.3473587665652417e-06,0.0,0.0,3.3473587665652417e-06,3.3473587665652417e-06,0.0,0.0,3.3473587665652417e-06,0.0,0.0,3.3473587665652417e-06,3.3473587665652417e-06,0.0,3.3473587665652417e-06,0.0,0.0,3.3473587665652417e-06,3.3473587665652417e-06,0.0,0.0,3.3473587665652417e-06,0.0,3.3473587665652417e-06,3.3473587665652417e-06,6.694717533130483e-06,3.3473587665652417e-06,3.3473587665652417e-06,0.0,3.3473587665652417e-06,1.673679383282621e-05,3.3473587665652417e-06,6.694717533130483e-06,6.694717533130483e-06,0.0,0.0,3.3473587665652417e-06,2.008415259939145e-05,2.3431511365956693e-05,6.694717533130483e-06,1.673679383282621e-05,2.008415259939145e-05,0.00010042076299695725,2.008415259939145e-05,1.3389435066260967e-05,2.3431511365956693e-05,2.6778870132521933e-05,4.6863022731913386e-05,2.3431511365956693e-05,3.0126228899087174e-05,4.351566396534814e-05,6.694717533130483e-05,3.0126228899087174e-05,4.351566396534814e-05,8.03366103975658e-05,6.35998165647396e-05,4.6863022731913386e-05,4.351566396534814e-05,5.690509903160911e-05,0.0001606732207951316,8.368396916413105e-05,7.029453409787007e-05,0.0001037681217635225,7.698925163100056e-05,6.694717533130483e-05,5.021038149847862e-05,9.372604546382677e-05,8.368396916413105e-05,9.372604546382677e-05,7.698925163100056e-05,8.703132793069628e-05,7.029453409787007e-05,0.0001372417094291749,8.03366103975658e-05,4.01683051987829e-05,8.368396916413105e-05,8.03366103975658e-05,0.00013054699189604443,0.00011046283929665297,0.00010042076299695725,8.368396916413105e-05,0.0001037681217635225,9.372604546382677e-05,0.00011715755682978346,0.00010711548053008773,0.0001037681217635225,0.0001271996331294792,0.00011381019806321822,0.00011715755682978346,8.368396916413105e-05,0.00010711548053008773,5.690509903160911e-05,0.00011715755682978346,8.03366103975658e-05,0.0001372417094291749,0.00014393642696230538,9.707340423039201e-05,9.037868669726152e-05,7.698925163100056e-05,0.00011715755682978346,7.364189286443532e-05,6.35998165647396e-05,5.021038149847862e-05,7.029453409787007e-05,4.01683051987829e-05,6.35998165647396e-05,7.029453409787007e-05,5.690509903160911e-05,2.3431511365956693e-05,2.3431511365956693e-05,3.347358766565242e-05,0.00011381019806321822,2.6778870132521933e-05,1.3389435066260967e-05,2.3431511365956693e-05,2.3431511365956693e-05,6.694717533130483e-06,1.3389435066260967e-05,1.0042076299695725e-05,1.3389435066260967e-05,1.0042076299695725e-05,6.694717533130483e-06,0.0,2.008415259939145e-05,3.3473587665652417e-06,0.0,1.3389435066260967e-05,1.0042076299695725e-05,3.3473587665652417e-06,1.3389435066260967e-05,1.0042076299695725e-05,6.694717533130483e-06,0.0,3.3473587665652417e-06,3.3473587665652417e-06,3.3473587665652417e-06,0.0,6.694717533130483e-06,6.694717533130483e-06,6.694717533130483e-06,6.694717533130483e-06,1.3389435066260967e-05,3.3473587665652417e-06,3.3473587665652417e-06,1.3389435066260967e-05,3.3473587665652417e-06,1.0042076299695725e-05,1.673679383282621e-05,1.3389435066260967e-05,2.008415259939145e-05,1.0042076299695725e-05,0.0,6.694717533130483e-06,3.0126228899087174e-05,1.3389435066260967e-05,2.3431511365956693e-05,1.673679383282621e-05,2.6778870132521933e-05,2.3431511365956693e-05,3.347358766565242e-05,2.3431511365956693e-05,2.3431511365956693e-05,2.008415259939145e-05,1.0042076299695725e-05,1.3389435066260967e-05,4.01683051987829e-05,2.008415259939145e-05,5.021038149847862e-05,3.347358766565242e-05,5.021038149847862e-05,3.347358766565242e-05,5.3557740265043867e-05,7.029453409787007e-05,6.694717533130483e-05,5.3557740265043867e-05,6.35998165647396e-05,3.682094643221766e-05,4.6863022731913386e-05,4.01683051987829e-05,5.021038149847862e-05,5.021038149847862e-05,4.01683051987829e-05,0.00010711548053008773,5.3557740265043867e-05,3.682094643221766e-05,6.35998165647396e-05,0.00010042076299695725,9.707340423039201e-05,5.690509903160911e-05,4.01683051987829e-05,4.6863022731913386e-05,4.351566396534814e-05,2.6778870132521933e-05,1.673679383282621e-05,4.6863022731913386e-05,5.021038149847862e-05,4.351566396534814e-05,6.025245779817435e-05,4.351566396534814e-05,6.694717533130483e-05,5.021038149847862e-05,7.029453409787007e-05,4.6863022731913386e-05,5.690509903160911e-05,6.025245779817435e-05,5.021038149847862e-05,7.364189286443532e-05,7.698925163100056e-05,0.00010042076299695725,4.351566396534814e-05,9.707340423039201e-05,0.00011046283929665297,8.03366103975658e-05,9.372604546382677e-05,6.694717533130483e-05,8.703132793069628e-05,7.029453409787007e-05,7.029453409787007e-05,5.3557740265043867e-05,3.682094643221766e-05,8.03366103975658e-05,5.021038149847862e-05,7.029453409787007e-05,4.6863022731913386e-05,5.3557740265043867e-05,6.35998165647396e-05,3.0126228899087174e-05,4.351566396534814e-05,4.6863022731913386e-05,4.351566396534814e-05,5.021038149847862e-05,5.021038149847862e-05,3.682094643221766e-05,3.682094643221766e-05,3.347358766565242e-05,2.6778870132521933e-05,8.368396916413105e-05,4.01683051987829e-05,3.682094643221766e-05,3.347358766565242e-05,4.351566396534814e-05,3.0126228899087174e-05,4.351566396534814e-05,3.347358766565242e-05,4.6863022731913386e-05,4.351566396534814e-05,4.6863022731913386e-05,7.029453409787007e-05,2.6778870132521933e-05,3.0126228899087174e-05,3.0126228899087174e-05,1.0042076299695725e-05,3.347358766565242e-05,4.351566396534814e-05,4.351566396534814e-05,3.682094643221766e-05,2.008415259939145e-05,4.01683051987829e-05,4.6863022731913386e-05,3.682094643221766e-05,4.351566396534814e-05,4.6863022731913386e-05,2.008415259939145e-05,3.0126228899087174e-05,3.682094643221766e-05,3.0126228899087174e-05,3.0126228899087174e-05,1.673679383282621e-05,3.347358766565242e-05,4.6863022731913386e-05,6.694717533130483e-05,2.6778870132521933e-05,3.0126228899087174e-05,3.682094643221766e-05,2.3431511365956693e-05,9.372604546382677e-05
5.3557740265043867e-05,2.6778870132521933e-05,4.01683051987829e-05,3.347358766565242e-05,2.3431511365956693e-05,2.008415259939145e-05,2.3431511365956693e-05,3.0126228899087174e-05,3.682094643221766e-05,1.0042076299695725e-05,1.0042076299695725e-05,1.3389435066260967e-05,1.3389435066260967e-05,2.3431511365956693e-05,1.0042076299695725e-05,3.3473587665652417e-06,3.3473587665652417e-06,0.0,2.008415259939145e-05,0.0,1.0042076299695725e-05,3.3473587665652417e-06,0.0,0.0,0.0,0.0,0.0,0.0,0.0,0.0,0.0,0.0,0.0,0.0,0.0,0.0,0.0,6.694717533130483e-06,0.0,3.3473587665652417e-06,0.0,3.3473587665652417e-06,0.0,0.0,0.0,0.0,0.0,0.0,0.0,0.0,0.0,0.0,0.0,0.0,0.0,0.0,0.0,0.0,0.0,0.0,0.0,0.0,0.0,0.0,0.0,0.0,0.0,0.0,0.0,0.0,0.0,0.0,0.0,0.0,0.0,0.0,0.0,0.0,0.0,0.0,0.0,0.0,0.0,0.0,0.0,0.0,0.0,0.0,0.0,0.0,0.0,3.3473587665652417e-06,0.0,0.0,0.0,0.0,0.0,0.0,0.0,0.0,3.3473587665652417e-06,6.694717533130483e-06,1.0042076299695725e-05,0.0,6.694717533130483e-06,3.3473587665652417e-06,0.0,6.694717533130483e-06,2.6778870132521933e-05,2.6778870132521933e-05,3.3473587665652417e-06,0.0,6.694717533130483e-06,6.694717533130483e-06,0.0,3.3473587665652417e-06,6.694717533130483e-06,3.3473587665652417e-06,1.0042076299695725e-05,6.694717533130483e-06,1.0042076299695725e-05,2.3431511365956693e-05,1.0042076299695725e-05,6.694717533130483e-06,2.008415259939145e-05,2.008415259939145e-05,2.3431511365956693e-05,1.673679383282621e-05,1.3389435066260967e-05,1.3389435066260967e-05,1.0042076299695725e-05,4.01683051987829e-05,4.351566396534814e-05,2.6778870132521933e-05,5.3557740265043867e-05,5.3557740265043867e-05,4.351566396534814e-05,3.0126228899087174e-05,5.021038149847862e-05,7.698925163100056e-05,3.347358766565242e-05,6.025245779817435e-05,7.029453409787007e-05,8.368396916413105e-05,6.025245779817435e-05,9.707340423039201e-05,9.372604546382677e-05,0.00011381019806321822,6.35998165647396e-05,0.00012385227436291393,0.00011046283929665297,0.00010711548053008773,0.0001205049155963487,0.00010711548053008773,7.029453409787007e-05,5.690509903160911e-05,6.694717533130483e-05,8.03366103975658e-05,0.00010711548053008773,7.029453409787007e-05,0.00010711548053008773,0.0001037681217635225,0.00011715755682978346,0.00013054699189604443,0.00011715755682978346,7.029453409787007e-05,0.00011715755682978346,0.00011046283929665297,0.00011046283929665297,9.037868669726152e-05,6.694717533130483e-05,9.707340423039201e-05,7.364189286443532e-05,9.707340423039201e-05,3.682094643221766e-05,0.00011381019806321822,9.037868669726152e-05,0.00010711548053008773,0.00011046283929665297,5.690509903160911e-05,9.372604546382677e-05,0.0001037681217635225,0.0001037681217635225,0.00011381019806321822,6.025245779817435e-05,9.372604546382677e-05,5.690509903160911e-05,9.037868669726152e-05,6.35998165647396e-05,4.351566396534814e-05,3.682094643221766e-05,5.021038149847862e-05,3.682094643221766e-05,3.0126228899087174e-05,2.3431511365956693e-05,2.6778870132521933e-05,3.347358766565242e-05,2.3431511365956693e-05,2.6778870132521933e-05,2.008415259939145e-05,1.0042076299695725e-05,3.3473587665652417e-06,3.3473587665652417e-06,3.3473587665652417e-06,1.3389435066260967e-05,1.0042076299695725e-05,1.0042076299695725e-05,6.694717533130483e-06,2.3431511365956693e-05,0.0,0.0,0.0,0.0,3.3473587665652417e-06,1.3389435066260967e-05,0.0,6.694717533130483e-06,3.3473587665652417e-06,0.0,1.3389435066260967e-05,1.0042076299695725e-05,0.0,0.0,3.3473587665652417e-06,3.3473587665652417e-06,0.0,0.0,0.0,3.3473587665652417e-06,3.3473587665652417e-06,6.694717533130483e-06,3.3473587665652417e-06,6.694717533130483e-06,6.694717533130483e-06,0.0,6.694717533130483e-06,1.0042076299695725e-05,6.694717533130483e-06,1.673679383282621e-05,1.0042076299695725e-05,2.008415259939145e-05,1.3389435066260967e-05,1.3389435066260967e-05,3.0126228899087174e-05,3.3473587665652417e-06,2.008415259939145e-05,2.3431511365956693e-05,3.0126228899087174e-05,3.0126228899087174e-05,4.01683051987829e-05,1.3389435066260967e-05,3.682094643221766e-05,5.021038149847862e-05,3.682094643221766e-05,1.3389435066260967e-05,3.347358766565242e-05,5.021038149847862e-05,7.364189286443532e-05,5.3557740265043867e-05,3.682094643221766e-05,4.351566396534814e-05,3.682094643221766e-05,5.021038149847862e-05,3.347358766565242e-05,4.01683051987829e-05,1.3389435066260967e-05,6.694717533130483e-05,5.3557740265043867e-05,3.682094643221766e-05,3.347358766565242e-05,4.6863022731913386e-05,4.6863022731913386e-05,5.690509903160911e-05,7.029453409787007e-05,3.347358766565242e-05,3.347358766565242e-05,4.01683051987829e-05,4.01683051987829e-05,6.35998165647396e-05,3.682094643221766e-05,7.364189286443532e-05,2.6778870132521933e-05,7.698925163100056e-05,8.03366103975658e-05,6.025245779817435e-05,4.351566396534814e-05,4.351566396534814e-05,5.690509903160911e-05,5.021038149847862e-05,0.00011715755682978346,6.35998165647396e-05,0.00011715755682978346,8.03366103975658e-05,8.368396916413105e-05,6.025245779817435e-05,5.690509903160911e-05,7.698925163100056e-05,0.0001037681217635225,6.694717533130483e-05,9.372604546382677e-05,6.694717533130483e-05,5.690509903160911e-05,6.35998165647396e-05,4.351566396534814e-05,8.368396916413105e-05,4.6863022731913386e-05,4.351566396534814e-05,3.347358766565242e-05,4.351566396534814e-05,3.682094643221766e-05,5.021038149847862e-05,6.694717533130483e-05,0.00011381019806321822,5.3557740265043867e-05,3.0126228899087174e-05,6.025245779817435e-05,3.347358766565242e-05,4.351566396534814e-05,6.694717533130483e-05,6.35998165647396e-05,4.6863022731913386e-05,4.351566396534814e-05,3.347358766565242e-05,4.6863022731913386e-05,4.6863022731913386e-05,3.682094643221766e-05,5.021038149847862e-05,3.0126228899087174e-05,3.0126228899087174e-05,5.690509903160911e-05,5.3557740265043867e-05,7.029453409787007e-05,4.01683051987829e-05,6.35998165647396e-05,7.364189286443532e-05,4.351566396534814e-05,6.025245779817435e-05,3.347358766565242e-05,3.347358766565242e-05,3.0126228899087174e-05,4.351566396534814e-05,6.694717533130483e-05,4.01683051987829e-05,3.347358766565242e-05,5.3557740265043867e-05,2.6778870132521933e-05,3.347358766565242e-05,4.01683051987829e-05,3.347358766565242e-05,3.682094643221766e-05,5.690509903160911e-05,3.682094643221766e-05,2.6778870132521933e-05,4.6863022731913386e-05,3.0126228899087174e-05,2.008415259939145e-05,1.0042076299695725e-05,2.3431511365956693e-05,3.347358766565242e-05,4.01683051987829e-05
3.0126228899087174e-05,3.682094643221766e-05,2.3431511365956693e-05,2.6778870132521933e-05,2.008415259939145e-05,2.6778870132521933e-05,5.3557740265043867e-05,3.682094643221766e-05,5.021038149847862e-05,1.3389435066260967e-05,2.6778870132521933e-05,3.0126228899087174e-05,2.3431511365956693e-05,2.3431511365956693e-05,1.0042076299695725e-05,1.0042076299695725e-05,1.3389435066260967e-05,0.0,3.3473587665652417e-06,3.3473587665652417e-06,3.3473587665652417e-06,1.3389435066260967e-05,0.0,6.694717533130483e-06,3.3473587665652417e-06,1.0042076299695725e-05,0.0,0.0,0.0,3.3473587665652417e-06,0.0,6.694717533130483e-06,0.0,0.0,0.0,0.0,0.0,0.0,0.0,0.0,0.0,0.0,0.0,0.0,0.0,0.0,0.0,3.3473587665652417e-06,0.0,0.0,0.0,0.0,0.0,0.0,6.694717533130483e-06,3.3473587665652417e-06,0.0,3.3473587665652417e-06,0.0,0.0,0.0,0.0,0.0,0.0,0.0,0.0,0.0,0.0,0.0,0.0,0.0,0.0,0.0,0.0,0.0,0.0,0.0,0.0,0.0,0.0,0.0,0.0,0.0,0.0,0.0,0.0,0.0,0.0,0.0,0.0,0.0,0.0,0.0,0.0,0.0,0.0,0.0,3.3473587665652417e-06,0.0,3.3473587665652417e-06,0.0,0.0,3.3473587665652417e-06,0.0,0.0,0.0,6.694717533130483e-06,2.6778870132521933e-05,5.690509903160911e-05,2.3431511365956693e-05,1.0042076299695725e-05,6.694717533130483e-06,6.694717533130483e-06,0.0,3.347358766565242e-05,1.0042076299695725e-05,6.694717533130483e-06,3.3473587665652417e-06,6.694717533130483e-06,1.3389435066260967e-05,1.0042076299695725e-05,1.3389435066260967e-05,1.0042076299695725e-05,2.3431511365956693e-05,3.347358766565242e-05,4.01683051987829e-05,2.6778870132521933e-05,1.673679383282621e-05,2.6778870132521933e-05,1.0042076299695725e-05,4.351566396534814e-05,2.6778870132521933e-05,2.008415259939145e-05,6.694717533130483e-05,5.690509903160911e-05,5.3557740265043867e-05,6.35998165647396e-05,6.35998165647396e-05,5.3557740265043867e-05,6.35998165647396e-05,6.025245779817435e-05,6.025245779817435e-05,0.00013054699189604443,0.00010042076299695725,0.0001037681217635225,0.0001606732207951316,8.03366103975658e-05,0.0001372417094291749,0.00011381019806321822,0.0001205049155963487,7.029453409787007e-05,8.703132793069628e-05,7.698925163100056e-05,0.0001205049155963487,0.0001271996331294792,0.00010042076299695725,4.351566396534814e-05,6.35998165647396e-05,0.00010711548053008773,0.00011381019806321822,9.037868669726152e-05,0.00010711548053008773,0.0001271996331294792,0.00011046283929665297,0.00011381019806321822,0.0001037681217635225,0.00014728378572887064,0.00011715755682978346,8.703132793069628e-05,0.0001037681217635225,0.00010042076299695725,0.00011715755682978346,0.00010042076299695725,0.00010042076299695725,0.00012385227436291393,0.00010042076299695725,9.372604546382677e-05,0.0001037681217635225,7.364189286443532e-05,0.00012385227436291393,0.0001205049155963487,8.03366103975658e-05,8.368396916413105e-05,9.037868669726152e-05,6.025245779817435e-05,0.00011046283929665297,8.368396916413105e-05,5.690509903160911e-05,5.690509903160911e-05,4.351566396534814e-05,4.6863022731913386e-05,5.3557740265043867e-05,1.3389435066260967e-05,3.347358766565242e-05,3.0126228899087174e-05,2.6778870132521933e-05,2.3431511365956693e-05,3.682094643221766e-05,1.673679383282621e-05,1.0042076299695725e-05,1.0042076299695725e-05,6.694717533130483e-06,1.0042076299695725e-05,0.0,2.008415259939145e-05,1.3389435066260967e-05,3.3473587665652417e-06,0.0,1.0042076299695725e-05,1.0042076299695725e-05,0.0,0.0,0.0,1.0042076299695725e-05,1.0042076299695725e-05,3.3473587665652417e-06,0.0,1.673679383282621e-05,0.0,3.3473587665652417e-06,3.3473587665652417e-06,0.0,6.694717533130483e-06,0.0,0.0,3.3473587665652417e-06,0.0,0.0,0.0,6.694717533130483e-06,6.694717533130483e-06,1.3389435066260967e-05,2.008415259939145e-05,1.3389435066260967e-05,2.008415259939145e-05,6.694717533130483e-06,1.673679383282621e-05,1.0042076299695725e-05,2.3431511365956693e-05,6.694717533130483e-06,6.694717533130483e-06,1.3389435066260967e-05,3.3473587665652417e-06,3.347358766565242e-05,1.3389435066260967e-05,1.673679383282621e-05,2.008415259939145e-05,1.3389435066260967e-05,3.347358766565242e-05,1.3389435066260967e-05,1.3389435066260967e-05,4.01683051987829e-05,4.01683051987829e-05,4.351566396534814e-05,3.347358766565242e-05,4.01683051987829e-05,5.690509903160911e-05,4.01683051987829e-05,5.690509903160911e-05,4.351566396534814e-05,3.682094643221766e-05,4.01683051987829e-05,4.6863022731913386e-05,2.3431511365956693e-05,4.351566396534814e-05,4.6863022731913386e-05,1.3389435066260967e-05,2.6778870132521933e-05,4.6863022731913386e-05,3.682094643221766e-05,2.6778870132521933e-05,4.351566396534814e-05,2.3431511365956693e-05,4.351566396534814e-05,4.01683051987829e-05,4.6863022731913386e-05,1.0042076299695725e-05,3.682094643221766e-05,2.3431511365956693e-05,4.01683051987829e-05,7.029453409787007e-05,7.364189286443532e-05,6.025245779817435e-05,5.021038149847862e-05,5.021038149847862e-05,5.3557740265043867e-05,3.347358766565242e-05,9.372604546382677e-05,6.35998165647396e-05,6.025245779817435e-05,7.364189286443532e-05,8.03366103975658e-05,0.00010711548053008773,8.368396916413105e-05,8.703132793069628e-05,9.037868669726152e-05,5.690509903160911e-05,6.35998165647396e-05,7.364189286443532e-05,5.690509903160911e-05,6.35998165647396e-05,7.698925163100056e-05,6.025245779817435e-05,5.690509903160911e-05,5.3557740265043867e-05,4.6863022731913386e-05,3.0126228899087174e-05,3.347358766565242e-05,4.351566396534814e-05,3.0126228899087174e-05,5.3557740265043867e-05,8.03366103975658e-05,5.021038149847862e-05,3.682094643221766e-05,5.3557740265043867e-05,5.690509903160911e-05,3.682094643221766e-05,5.021038149847862e-05,5.690509903160911e-05,6.025245779817435e-05,6.025245779817435e-05,4.351566396534814e-05,4.6863022731913386e-05,4.01683051987829e-05,6.35998165647396e-05,4.6863022731913386e-05,4.351566396534814e-05,5.690509903160911e-05,5.3557740265043867e-05,4.6863022731913386e-05,0.00010042076299695725,5.3557740265043867e-05,6.35998165647396e-05,6.025245779817435e-05,6.025245779817435e-05,2.6778870132521933e-05,5.3557740265043867e-05,4.6863022731913386e-05,3.682094643221766e-05,4.351566396534814e-05,6.35998165647396e-05,5.690509903160911e-05,4.01683051987829e-05,5.690509903160911e-05,2.008415259939145e-05,4.6863022731913386e-05,2.008415259939145e-05,3.682094643221766e-05,4.6863022731913386e-05,3.0126228899087174e-05,7.029453409787007e-05,3.347358766565242e-05,6.025245779817435e-05,4.351566396534814e-05,4.351566396534814e-05,1.3389435066260967e-05,4.351566396534814e-05,4.6863022731913386e-05,6.694717533130483e-05,3.347358766565242e-05
3.347358766565242e-05,2.3431511365956693e-05,2.008415259939145e-05,2.6778870132521933e-05,1.673679383282621e-05,2.008415259939145e-05,4.351566396534814e-05,3.682094643221766e-05,2.3431511365956693e-05,2.3431511365956693e-05,1.673679383282621e-05,3.0126228899087174e-05,1.3389435066260967e-05,2.008415259939145e-05,1.0042076299695725e-05,1.0042076299695725e-05,3.3473587665652417e-06,6.694717533130483e-06,3.3473587665652417e-06,6.694717533130483e-06,0.0,3.3473587665652417e-06,1.0042076299695725e-05,0.0,3.3473587665652417e-06,3.3473587665652417e-06,6.694717533130483e-06,0.0,0.0,3.3473587665652417e-06,3.3473587665652417e-06,3.3473587665652417e-06,0.0,3.3473587665652417e-06,0.0,0.0,0.0,0.0,0.0,0.0,0.0,0.0,0.0,0.0,0.0,0.0,3.3473587665652417e-06,0.0,0.0,0.0,0.0,0.0,0.0,0.0,0.0,0.0,0.0,0.0,3.3473587665652417e-06,0.0,0.0,0.0,0.0,0.0,0.0,0.0,0.0,0.0,0.0,0.0,3.3473587665652417e-06,3.3473587665652417e-06,0.0,0.0,0.0,0.0,0.0,0.0,0.0,0.0,0.0,0.0,0.0,0.0,0.0,0.0,0.0,0.0,6.694717533130483e-06,0.0,0.0,0.0,0.0,3.3473587665652417e-06,3.3473587665652417e-06,0.0,0.0,3.3473587665652417e-06,0.0,3.3473587665652417e-06,3.3473587665652417e-06,0.0,6.694717533130483e-06,0.0,6.694717533130483e-06,3.3473587665652417e-06,0.0,1.3389435066260967e-05,2.008415259939145e-05,3.3473587665652417e-06,0.0,0.0,1.3389435066260967e-05,0.0,2.008415259939145e-05,1.0042076299695725e-05,4.01683051987829e-05,2.3431511365956693e-05,1.3389435066260967e-05,1.0042076299695725e-05,1.3389435066260967e-05,2.3431511365956693e-05,1.673679383282621e-05,6.694717533130483e-06,2.3431511365956693e-05,3.682094643221766e-05,2.3431511365956693e-05,3.0126228899087174e-05,4.01683051987829e-05,3.0126228899087174e-05,3.347358766565242e-05,3.682094643221766e-05,5.3557740265043867e-05,4.351566396534814e-05,3.0126228899087174e-05,4.351566396534814e-05,6.35998165647396e-05,0.00010711548053008773,7.364189286443532e-05,9.707340423039201e-05,7.364189286443532e-05,0.00011715755682978346,9.372604546382677e-05,0.00011381019806321822,0.0001271996331294792,0.00011046283929665297,0.00012385227436291393,0.00014728378572887064,0.00010042076299695725,8.03366103975658e-05,9.037868669726152e-05,0.00011381019806321822,5.3557740265043867e-05,0.00010042076299695725,0.0001037681217635225,7.029453409787007e-05,0.00010042076299695725,8.368396916413105e-05,0.00013054699189604443,0.00011715755682978346,8.368396916413105e-05,8.703132793069628e-05,8.703132793069628e-05,9.372604546382677e-05,0.00010042076299695725,0.0001037681217635225,8.703132793069628e-05,8.03366103975658e-05,0.00012385227436291393,8.368396916413105e-05,0.00013389435066260967,0.00013054699189604443,0.00013389435066260967,7.029453409787007e-05,7.029453409787007e-05,9.372604546382677e-05,8.03366103975658e-05,0.0001205049155963487,9.037868669726152e-05,9.037868669726152e-05,8.703132793069628e-05,0.00010042076299695725,9.037868669726152e-05,0.00010042076299695725,7.029453409787007e-05,6.35998165647396e-05,0.00011046283929665297,7.364189286443532e-05,7.029453409787007e-05,5.3557740265043867e-05,2.6778870132521933e-05,4.351566396534814e-05,2.6778870132521933e-05,2.008415259939145e-05,1.673679383282621e-05,1.0042076299695725e-05,1.0042076299695725e-05,1.3389435066260967e-05,2.3431511365956693e-05,1.3389435066260967e-05,6.694717533130483e-06,1.0042076299695725e-05,1.0042076299695725e-05,0.0,1.3389435066260967e-05,1.673679383282621e-05,6.694717533130483e-06,0.0,1.0042076299695725e-05,0.0,6.694717533130483e-06,6.694717533130483e-06,3.3473587665652417e-06,0.0,1.3389435066260967e-05,6.694717533130483e-06,3.3473587665652417e-06,1.3389435066260967e-05,1.3389435066260967e-05,3.3473587665652417e-06,1.3389435066260967e-05,3.3473587665652417e-06,0.0,0.0,0.0,1.0042076299695725e-05,3.3473587665652417e-06,1.0042076299695725e-05,6.694717533130483e-06,3.3473587665652417e-06,0.0,1.0042076299695725e-05,1.0042076299695725e-05,3.3473587665652417e-06,0.0,6.694717533130483e-06,3.3473587665652417e-06,2.3431511365956693e-05,1.673679383282621e-05,0.0,1.3389435066260967e-05,1.0042076299695725e-05,2.6778870132521933e-05,2.008415259939145e-05,1.0042076299695725e-05,1.3389435066260967e-05,3.347358766565242e-05,3.347358766565242e-05,1.673679383282621e-05,1.673679383282621e-05,2.3431511365956693e-05,2.008415259939145e-05,3.347358766565242e-05,3.0126228899087174e-05,3.682094643221766e-05,5.690509903160911e-05,5.3557740265043867e-05,3.0126228899087174e-05,3.347358766565242e-05,4.6863022731913386e-05,6.35998165647396e-05,2.6778870132521933e-05,4.351566396534814e-05,1.0042076299695725e-05,2.008415259939145e-05,2.6778870132521933e-05,4.01683051987829e-05,3.0126228899087174e-05,4.01683051987829e-05,5.021038149847862e-05,3.682094643221766e-05,4.351566396534814e-05,3.682094643221766e-05,3.682094643221766e-05,3.682094643221766e-05,2.6778870132521933e-05,2.3431511365956693e-05,3.0126228899087174e-05,4.351566396534814e-05,2.3431511365956693e-05,3.0126228899087174e-05,5.021038149847862e-05,6.35998165647396e-05,4.6863022731913386e-05,4.6863022731913386e-05,6.694717533130483e-05,4.6863022731913386e-05,6.694717533130483e-05,5.3557740265043867e-05,7.029453409787007e-05,7.698925163100056e-05,7.698925163100056e-05,7.029453409787007e-05,6.35998165647396e-05,6.694717533130483e-05,7.698925163100056e-05,0.00010042076299695725,8.03366103975658e-05,8.703132793069628e-05,9.037868669726152e-05,5.021038149847862e-05,7.698925163100056e-05,7.029453409787007e-05,6.025245779817435e-05,5.021038149847862e-05,4.01683051987829e-05,4.6863022731913386e-05,2.008415259939145e-05,2.3431511365956693e-05,3.682094643221766e-05,5.3557740265043867e-05,4.6863022731913386e-05,7.029453409787007e-05,5.021038149847862e-05,6.694717533130483e-05,7.364189286443532e-05,3.682094643221766e-05,4.351566396534814e-05,5.021038149847862e-05,5.021038149847862e-05,7.698925163100056e-05,5.690509903160911e-05,7.364189286443532e-05,7.698925163100056e-05,8.03366103975658e-05,6.694717533130483e-05,7.029453409787007e-05,5.021038149847862e-05,4.6863022731913386e-05,6.35998165647396e-05,4.6863022731913386e-05,4.6863022731913386e-05,5.021038149847862e-05,6.025245779817435e-05,5.3557740265043867e-05,3.347358766565242e-05,3.347358766565242e-05,5.3557740265043867e-05,6.694717533130483e-05,6.694717533130483e-05,5.690509903160911e-05,2.6778870132521933e-05,6.025245779817435e-05,3.0126228899087174e-05,2.3431511365956693e-05,6.025245779817435e-05,5.690509903160911e-05,4.351566396534814e-05,3.0126228899087174e-05,4.6863022731913386e-05,4.351566396534814e-05,3.682094643221766e-05,3.347358766565242e-05,2.6778870132521933e-05,4.351566396534814e-05,3.682094643221766e-05,3.347358766565242e-05,6.694717533130483e-06,3.682094643221766e-05,3.347358766565242e-05
2.3431511365956693e-05,2.008415259939145e-05,3.347358766565242e-05,1.673679383282621e-05,2.3431511365956693e-05,1.673679383282621e-05,3.347358766565242e-05,2.008415259939145e-05,2.3431511365956693e-05,1.673679383282621e-05,2.3431511365956693e-05,1.673679383282621e-05,3.3473587665652417e-06,6.694717533130483e-06,3.3473587665652417e-06,1.0042076299695725e-05,3.3473587665652417e-06,3.3473587665652417e-06,3.3473587665652417e-06,0.0,0.0,3.3473587665652417e-06,3.3473587665652417e-06,0.0,0.0,0.0,0.0,0.0,0.0,0.0,0.0,0.0,0.0,0.0,0.0,0.0,3.3473587665652417e-06,0.0,0.0,0.0,0.0,0.0,0.0,0.0,0.0,0.0,0.0,6.694717533130483e-06,0.0,0.0,0.0,0.0,0.0,0.0,0.0,0.0,0.0,0.0,0.0,0.0,0.0,0.0,0.0,0.0,0.0,0.0,0.0,0.0,0.0,0.0,3.3473587665652417e-06,0.0,3.3473587665652417e-06,0.0,0.0,0.0,0.0,0.0,0.0,0.0,3.3473587665652417e-06,0.0,0.0,0.0,0.0,0.0,0.0,0.0,0.0,0.0,0.0,0.0,0.0,0.0,0.0,0.0,0.0,0.0,0.0,0.0,0.0,6.694717533130483e-06,0.0,0.0,0.0,0.0,6.694717533130483e-06,3.3473587665652417e-06,3.3473587665652417e-06,3.3473587665652417e-06,0.0,0.0,6.694717533130483e-06,1.3389435066260967e-05,3.3473587665652417e-06,3.3473587665652417e-06,2.6778870132521933e-05,3.3473587665652417e-06,1.673679383282621e-05,2.008415259939145e-05,2.008415259939145e-05,1.3389435066260967e-05,3.0126228899087174e-05,6.694717533130483e-06,4.351566396534814e-05,1.673679383282621e-05,1.673679383282621e-05,4.01683051987829e-05,4.01683051987829e-05,3.347358766565242e-05,3.682094643221766e-05,3.347358766565242e-05,4.01683051987829e-05,5.021038149847862e-05,6.025245779817435e-05,0.00017071529709482733,8.03366103975658e-05,6.025245779817435e-05,7.364189286443532e-05,0.00014393642696230538,9.037868669726152e-05,0.00013054699189604443,0.00014393642696230538,0.00010711548053008773,0.00010711548053008773,0.00017406265586139257,0.00019414680846078402,0.0001774100146279578,0.00013389435066260967,0.00016402057956169683,0.00011715755682978346,0.00018075737339452304,0.00011381019806321822,0.00013389435066260967,0.00011046283929665297,0.00010711548053008773,8.03366103975658e-05,0.0001372417094291749,0.00010711548053008773,0.00013054699189604443,7.364189286443532e-05,0.0001271996331294792,0.00011715755682978346,0.00013389435066260967,0.00011715755682978346,7.364189286443532e-05,0.00010042076299695725,0.00010042076299695725,0.00011046283929665297,0.00011381019806321822,9.707340423039201e-05,9.037868669726152e-05,0.00012385227436291393,0.00015063114449543588,0.00011715755682978346,0.00011046283929665297,0.0001037681217635225,7.364189286443532e-05,0.00010042076299695725,0.00013054699189604443,6.35998165647396e-05,7.698925163100056e-05,5.3557740265043867e-05,9.707340423039201e-05,5.690509903160911e-05,6.694717533130483e-05,6.694717533130483e-05,7.698925163100056e-05,4.351566396534814e-05,5.021038149847862e-05,4.01683051987829e-05,2.3431511365956693e-05,2.3431511365956693e-05,3.3473587665652417e-06,2.008415259939145e-05,1.3389435066260967e-05,1.0042076299695725e-05,6.694717533130483e-06,1.0042076299695725e-05,1.3389435066260967e-05,3.3473587665652417e-06,1.0042076299695725e-05,6.694717533130483e-06,6.694717533130483e-06,1.0042076299695725e-05,3.3473587665652417e-06,1.3389435066260967e-05,6.694717533130483e-06,0.0,0.0,3.3473587665652417e-06,1.0042076299695725e-05,3.3473587665652417e-06,0.0,4.351566396534814e-05,0.0,6.694717533130483e-06,0.0,6.694717533130483e-06,1.0042076299695725e-05,3.3473587665652417e-06,0.0,3.3473587665652417e-06,6.694717533130483e-06,6.694717533130483e-06,0.0,3.3473587665652417e-06,0.0,3.3473587665652417e-06,3.3473587665652417e-06,3.3473587665652417e-06,3.3473587665652417e-06,6.694717533130483e-06,3.3473587665652417e-06,1.0042076299695725e-05,6.694717533130483e-06,2.3431511365956693e-05,1.3389435066260967e-05,3.3473587665652417e-06,3.3473587665652417e-06,6.694717533130483e-06,2.008415259939145e-05,1.3389435066260967e-05,1.0042076299695725e-05,1.673679383282621e-05,1.673679383282621e-05,6.694717533130483e-06,1.3389435066260967e-05,2.3431511365956693e-05,6.694717533130483e-06,3.3473587665652417e-06,1.673679383282621e-05,3.0126228899087174e-05,3.0126228899087174e-05,4.351566396534814e-05,3.682094643221766e-05,2.008415259939145e-05,3.0126228899087174e-05,4.351566396534814e-05,2.6778870132521933e-05,4.01683051987829e-05,2.3431511365956693e-05,2.008415259939145e-05,4.01683051987829e-05,5.3557740265043867e-05,1.673679383282621e-05,2.6778870132521933e-05,4.01683051987829e-05,2.6778870132521933e-05,5.690509903160911e-05,2.3431511365956693e-05,3.0126228899087174e-05,4.01683051987829e-05,1.3389435066260967e-05,3.0126228899087174e-05,2.008415259939145e-05,1.673679383282621e-05,2.008415259939145e-05,2.6778870132521933e-05,3.0126228899087174e-05,2.6778870132521933e-05,2.3431511365956693e-05,3.682094643221766e-05,4.01683051987829e-05,3.0126228899087174e-05,3.682094643221766e-05,5.690509903160911e-05,5.021038149847862e-05,6.35998165647396e-05,4.6863022731913386e-05,4.6863022731913386e-05,6.35998165647396e-05,5.690509903160911e-05,7.364189286443532e-05,9.372604546382677e-05,9.037868669726152e-05,8.703132793069628e-05,8.03366103975658e-05,5.3557740265043867e-05,5.021038149847862e-05,8.368396916413105e-05,9.037868669726152e-05,6.35998165647396e-05,3.347358766565242e-05,6.694717533130483e-05,8.368396916413105e-05,5.3557740265043867e-05,4.01683051987829e-05,7.698925163100056e-05,2.3431511365956693e-05,5.3557740265043867e-05,4.351566396534814e-05,7.029453409787007e-05,5.3557740265043867e-05,5.690509903160911e-05,4.6863022731913386e-05,6.025245779817435e-05,3.347358766565242e-05,5.3557740265043867e-05,7.698925163100056e-05,4.351566396534814e-05,6.35998165647396e-05,4.6863022731913386e-05,3.347358766565242e-05,5.3557740265043867e-05,5.3557740265043867e-05,7.029453409787007e-05,9.037868669726152e-05,6.025245779817435e-05,6.35998165647396e-05,7.364189286443532e-05,0.0001037681217635225,5.3557740265043867e-05,6.35998165647396e-05,7.029453409787007e-05,3.682094643221766e-05,5.3557740265043867e-05,5.690509903160911e-05,5.3557740265043867e-05,5.021038149847862e-05,5.3557740265043867e-05,4.01683051987829e-05,4.351566396534814e-05,4.01683051987829e-05,3.0126228899087174e-05,7.698925163100056e-05,4.351566396534814e-05,4.6863022731913386e-05,7.029453409787007e-05,6.694717533130483e-05,3.347358766565242e-05,2.6778870132521933e-05,4.6863022731913386e-05,3.682094643221766e-05,2.6778870132521933e-05,2.6778870132521933e-05,2.3431511365956693e-05,3.347358766565242e-05,3.0126228899087174e-05,1.3389435066260967e-05
1.3389435066260967e-05,1.3389435066260967e-05,2.3431511365956693e-05,6.694717533130483e-06,2.3431511365956693e-05,3.0126228899087174e-05,2.6778870132521933e-05,1.673679383282621e-05,1.673679383282621e-05,3.0126228899087174e-05,1.3389435066260967e-05,1.673679383282621e-05,1.3389435066260967e-05,3.3473587665652417e-06,0.0,1.3389435066260967e-05,0.0,3.3473587665652417e-06,3.3473587665652417e-06,0.0,0.0,0.0,6.694717533130483e-06,0.0,3.3473587665652417e-06,6.694717533130483e-06,0.0,0.0,0.0,6.694717533130483e-06,3.3473587665652417e-06,0.0,0.0,0.0,0.0,0.0,0.0,0.0,0.0,0.0,0.0,0.0,0.0,0.0,0.0,3.3473587665652417e-06,0.0,0.0,0.0,3.3473587665652417e-06,0.0,0.0,0.0,0.0,0.0,3.3473587665652417e-06,3.3473587665652417e-06,0.0,0.0,0.0,0.0,0.0,0.0,0.0,0.0,0.0,0.0,0.0,0.0,0.0,0.0,0.0,0.0,0.0,0.0,0.0,0.0,0.0,3.3473587665652417e-06,3.3473587665652417e-06,0.0,0.0,0.0,3.3473587665652417e-06,0.0,0.0,0.0,0.0,0.0,0.0,0.0,0.0,0.0,0.0,0.0,0.0,0.0,0.0,1.0042076299695725e-05,0.0,0.0,3.3473587665652417e-06,0.0,0.0,0.0,6.694717533130483e-06,3.3473587665652417e-06,6.694717533130483e-06,0.0,3.3473587665652417e-06,3.3473587665652417e-06,0.0,0.0,3.3473587665652417e-06,1.3389435066260967e-05,6.694717533130483e-06,0.0,1.3389435066260967e-05,2.3431511365956693e-05,1.0042076299695725e-05,3.3473587665652417e-06,2.6778870132521933e-05,6.694717533130483e-06,2.008415259939145e-05,1.673679383282621e-05,3.347358766565242e-05,3.0126228899087174e-05,4.351566396534814e-05,4.351566396534814e-05,5.3557740265043867e-05,3.347358766565242e-05,7.029453409787007e-05,1.673679383282621e-05,6.694717533130483e-05,8.703132793069628e-05,6.35998165647396e-05,8.703132793069628e-05,0.0001271996331294792,0.00010711548053008773,0.0001037681217635225,0.0001372417094291749,0.00012385227436291393,0.00019749416722734925,0.00015063114449543588,0.0001774100146279578,0.00014728378572887064,0.00016402057956169683,0.00014728378572887064,0.00014728378572887064,0.0001606732207951316,0.0001673679383282621,0.0001205049155963487,0.0001372417094291749,0.00012385227436291393,9.707340423039201e-05,8.368396916413105e-05,7.698925163100056e-05,0.0001205049155963487,9.037868669726152e-05,0.00011715755682978346,0.00014728378572887064,0.00010711548053008773,0.0001372417094291749,9.372604546382677e-05,0.00011715755682978346,7.698925163100056e-05,0.00010042076299695725,0.0001205049155963487,9.707340423039201e-05,0.00011715755682978346,0.00011715755682978346,7.364189286443532e-05,0.0001205049155963487,9.707340423039201e-05,9.707340423039201e-05,0.0001037681217635225,9.707340423039201e-05,0.00011715755682978346,8.703132793069628e-05,8.368396916413105e-05,7.029453409787007e-05,6.694717533130483e-05,5.690509903160911e-05,9.037868669726152e-05,3.682094643221766e-05,8.03366103975658e-05,5.021038149847862e-05,4.6863022731913386e-05,7.698925163100056e-05,1.673679383282621e-05,2.6778870132521933e-05,2.3431511365956693e-05,2.6778870132521933e-05,2.008415259939145e-05,2.008415259939145e-05,6.694717533130483e-06,1.0042076299695725e-05,1.673679383282621e-05,1.0042076299695725e-05,2.008415259939145e-05,6.694717533130483e-06,3.3473587665652417e-06,1.0042076299695725e-05,1.0042076299695725e-05,1.673679383282621e-05,6.694717533130483e-06,3.3473587665652417e-06,3.3473587665652417e-06,3.3473587665652417e-06,1.3389435066260967e-05,6.694717533130483e-06,3.3473587665652417e-06,1.3389435066260967e-05,3.3473587665652417e-06,0.0,3.3473587665652417e-06,6.694717533130483e-06,3.3473587665652417e-06,3.3473587665652417e-06,6.694717533130483e-06,3.3473587665652417e-06,6.694717533130483e-06,3.3473587665652417e-06,0.0,0.0,0.0,3.3473587665652417e-06,0.0,0.0,3.3473587665652417e-06,3.3473587665652417e-06,1.0042076299695725e-05,6.694717533130483e-06,6.694717533130483e-06,6.694717533130483e-06,0.0,0.0,3.3473587665652417e-06,6.694717533130483e-06,1.0042076299695725e-05,6.694717533130483e-06,1.0042076299695725e-05,0.0,6.694717533130483e-06,1.673679383282621e-05,1.3389435066260967e-05,1.3389435066260967e-05,2.008415259939145e-05,2.008415259939145e-05,2.008415259939145e-05,3.347358766565242e-05,7.364189286443532e-05,1.3389435066260967e-05,3.0126228899087174e-05,5.3557740265043867e-05,3.0126228899087174e-05,2.008415259939145e-05,5.3557740265043867e-05,3.0126228899087174e-05,4.01683051987829e-05,3.682094643221766e-05,1.3389435066260967e-05,4.6863022731913386e-05,2.3431511365956693e-05,1.3389435066260967e-05,1.673679383282621e-05,3.0126228899087174e-05,2.008415259939145e-05,1.673679383282621e-05,3.682094643221766e-05,3.682094643221766e-05,1.0042076299695725e-05,3.347358766565242e-05,3.347358766565242e-05,4.01683051987829e-05,2.3431511365956693e-05,4.01683051987829e-05,5.690509903160911e-05,4.351566396534814e-05,2.008415259939145e-05,2.008415259939145e-05,1.673679383282621e-05,5.690509903160911e-05,3.682094643221766e-05,6.694717533130483e-05,2.3431511365956693e-05,5.690509903160911e-05,7.698925163100056e-05,3.682094643221766e-05,5.690509903160911e-05,5.690509903160911e-05,5.690509903160911e-05,7.364189286443532e-05,7.698925163100056e-05,7.698925163100056e-05,5.3557740265043867e-05,8.368396916413105e-05,8.368396916413105e-05,3.682094643221766e-05,5.690509903160911e-05,6.35998165647396e-05,3.682094643221766e-05,4.6863022731913386e-05,8.368396916413105e-05,7.029453409787007e-05,4.351566396534814e-05,6.35998165647396e-05,5.690509903160911e-05,7.029453409787007e-05,3.682094643221766e-05,8.03366103975658e-05,8.368396916413105e-05,7.364189286443532e-05,7.698925163100056e-05,6.35998165647396e-05,5.690509903160911e-05,4.6863022731913386e-05,4.6863022731913386e-05,3.682094643221766e-05,3.682094643221766e-05,5.690509903160911e-05,9.372604546382677e-05,6.025245779817435e-05,7.698925163100056e-05,5.3557740265043867e-05,5.021038149847862e-05,6.35998165647396e-05,6.694717533130483e-05,6.694717533130483e-05,4.351566396534814e-05,8.03366103975658e-05,8.03366103975658e-05,4.351566396534814e-05,7.029453409787007e-05,6.694717533130483e-05,5.690509903160911e-05,7.698925163100056e-05,6.025245779817435e-05,6.025245779817435e-05,7.029453409787007e-05,6.35998165647396e-05,7.029453409787007e-05,5.021038149847862e-05,6.35998165647396e-05,6.025245779817435e-05,3.0126228899087174e-05,3.347358766565242e-05,5.690509903160911e-05,4.6863022731913386e-05,3.347358766565242e-05,3.347358766565242e-05,5.3557740265043867e-05,2.008415259939145e-05,1.673679383282621e-05,1.673679383282621e-05,3.347358766565242e-05,3.0126228899087174e-05,2.6778870132521933e-05,2.008415259939145e-05,2.008415259939145e-05
2.6778870132521933e-05,4.01683051987829e-05,2.008415259939145e-05,2.3431511365956693e-05,1.0042076299695725e-05,1.3389435066260967e-05,2.3431511365956693e-05,1.3389435066260967e-05,1.3389435066260967e-05,6.694717533130483e-06,1.3389435066260967e-05,3.3473587665652417e-06,1.0042076299695725e-05,3.3473587665652417e-06,0.0,6.694717533130483e-06,1.0042076299695725e-05,0.0,0.0,0.0,0.0,0.0,0.0,0.0,0.0,0.0,1.3389435066260967e-05,3.3473587665652417e-06,0.0,3.3473587665652417e-06,3.3473587665652417e-06,0.0,0.0,0.0,0.0,6.694717533130483e-06,0.0,0.0,0.0,0.0,0.0,0.0,0.0,0.0,0.0,1.3389435066260967e-05,0.0,0.0,0.0,6.694717533130483e-06,0.0,6.694717533130483e-06,0.0,0.0,0.0,0.0,0.0,0.0,3.3473587665652417e-06,0.0,0.0,0.0,0.0,0.0,0.0,0.0,0.0,0.0,0.0,0.0,0.0,3.3473587665652417e-06,0.0,0.0,0.0,0.0,0.0,0.0,0.0,0.0,0.0,0.0,0.0,0.0,3.3473587665652417e-06,0.0,0.0,0.0,0.0,3.3473587665652417e-06,0.0,0.0,0.0,3.3473587665652417e-06,0.0,0.0,0.0,0.0,0.0,0.0,0.0,6.694717533130483e-06,0.0,0.0,0.0,0.0,3.3473587665652417e-06,0.0,0.0,0.0,6.694717533130483e-06,0.0,6.694717533130483e-06,3.3473587665652417e-06,1.3389435066260967e-05,1.3389435066260967e-05,1.673679383282621e-05,2.008415259939145e-05,1.673679383282621e-05,1.3389435066260967e-05,1.3389435066260967e-05,6.694717533130483e-06,1.673679383282621e-05,2.6778870132521933e-05,1.673679383282621e-05,1.673679383282621e-05,2.008415259939145e-05,4.01683051987829e-05,5.021038149847862e-05,5.021038149847862e-05,2.008415259939145e-05,6.694717533130483e-05,8.703132793069628e-05,6.35998165647396e-05,6.35998165647396e-05,7.364189286443532e-05,0.00010711548053008773,9.707340423039201e-05,0.00014728378572887064,0.0001271996331294792,0.0001372417094291749,0.0001673679383282621,0.00013389435066260967,0.0001841047321610883,0.0002008415259939145,0.00014393642696230538,0.000207536243527045,0.00017406265586139257,0.00018075737339452304,0.00014728378572887064,0.0001372417094291749,0.00017071529709482733,0.00015063114449543588,0.0001205049155963487,0.00011046283929665297,0.0001205049155963487,9.372604546382677e-05,0.00011715755682978346,9.372604546382677e-05,0.00011046283929665297,0.00012385227436291393,0.00010711548053008773,0.0001205049155963487,0.00013054699189604443,0.00013389435066260967,0.00012385227436291393,8.368396916413105e-05,0.00010711548053008773,9.707340423039201e-05,0.00010042076299695725,0.0001037681217635225,0.00012385227436291393,0.0001271996331294792,0.00013389435066260967,0.0001606732207951316,0.00011046283929665297,0.00011046283929665297,6.694717533130483e-05,6.35998165647396e-05,0.00010042076299695725,5.3557740265043867e-05,8.03366103975658e-05,6.35998165647396e-05,6.694717533130483e-05,7.364189286443532e-05,5.021038149847862e-05,5.3557740265043867e-05,3.347358766565242e-05,3.347358766565242e-05,3.0126228899087174e-05,3.0126228899087174e-05,1.673679383282621e-05,1.3389435066260967e-05,1.0042076299695725e-05,2.3431511365956693e-05,1.673679383282621e-05,6.694717533130483e-06,1.673679383282621e-05,1.0042076299695725e-05,0.0,1.3389435066260967e-05,3.3473587665652417e-06,3.3473587665652417e-06,0.0,0.0,1.673679383282621e-05,6.694717533130483e-06,3.3473587665652417e-06,6.694717533130483e-06,1.3389435066260967e-05,3.3473587665652417e-06,0.0,0.0,6.694717533130483e-06,0.0,0.0,0.0,6.694717533130483e-06,0.0,0.0,0.0,1.3389435066260967e-05,3.3473587665652417e-06,0.0,0.0,1.3389435066260967e-05,0.0,3.3473587665652417e-06,1.0042076299695725e-05,6.694717533130483e-06,0.0,6.694717533130483e-06,3.3473587665652417e-06,6.694717533130483e-06,0.0,3.3473587665652417e-06,6.694717533130483e-06,6.694717533130483e-06,2.3431511365956693e-05,2.008415259939145e-05,1.0042076299695725e-05,6.694717533130483e-06,1.3389435066260967e-05,6.694717533130483e-06,6.694717533130483e-06,2.008415259939145e-05,6.694717533130483e-06,2.6778870132521933e-05,2.3431511365956693e-05,5.021038149847862e-05,2.6778870132521933e-05,4.6863022731913386e-05,1.3389435066260967e-05,3.0126228899087174e-05,2.3431511365956693e-05,2.3431511365956693e-05,3.347358766565242e-05,2.6778870132521933e-05,1.3389435066260967e-05,4.351566396534814e-05,2.6778870132521933e-05,2.3431511365956693e-05,2.3431511365956693e-05,2.008415259939145e-05,4.351566396534814e-05,1.3389435066260967e-05,3.0126228899087174e-05,2.6778870132521933e-05,3.347358766565242e-05,3.347358766565242e-05,3.0126228899087174e-05,3.0126228899087174e-05,3.682094643221766e-05,1.673679383282621e-05,6.694717533130483e-06,1.673679383282621e-05,2.008415259939145e-05,1.3389435066260967e-05,3.682094643221766e-05,3.682094643221766e-05,3.0126228899087174e-05,2.6778870132521933e-05,2.008415259939145e-05,2.6778870132521933e-05,5.690509903160911e-05,3.347358766565242e-05,3.682094643221766e-05,5.021038149847862e-05,5.3557740265043867e-05,5.021038149847862e-05,5.3557740265043867e-05,7.364189286443532e-05,7.698925163100056e-05,7.364189286443532e-05,8.03366103975658e-05,9.372604546382677e-05,6.025245779817435e-05,0.00010711548053008773,7.029453409787007e-05,7.698925163100056e-05,8.703132793069628e-05,0.0001271996331294792,7.364189286443532e-05,6.35998165647396e-05,5.021038149847862e-05,7.029453409787007e-05,4.01683051987829e-05,4.351566396534814e-05,6.694717533130483e-05,7.029453409787007e-05,3.0126228899087174e-05,3.347358766565242e-05,4.01683051987829e-05,7.029453409787007e-05,4.01683051987829e-05,0.0001037681217635225,8.703132793069628e-05,8.703132793069628e-05,6.025245779817435e-05,6.35998165647396e-05,5.021038149847862e-05,4.01683051987829e-05,5.3557740265043867e-05,6.694717533130483e-05,6.694717533130483e-05,4.6863022731913386e-05,5.021038149847862e-05,0.0001037681217635225,8.03366103975658e-05,5.3557740265043867e-05,6.694717533130483e-05,5.3557740265043867e-05,5.3557740265043867e-05,4.351566396534814e-05,2.008415259939145e-05,4.01683051987829e-05,7.029453409787007e-05,3.347358766565242e-05,4.351566396534814e-05,6.35998165647396e-05,4.6863022731913386e-05,4.6863022731913386e-05,5.021038149847862e-05,3.682094643221766e-05,3.347358766565242e-05,8.03366103975658e-05,3.347358766565242e-05,3.682094643221766e-05,5.690509903160911e-05,4.351566396534814e-05,2.3431511365956693e-05,6.694717533130483e-05,3.0126228899087174e-05,3.3473587665652417e-06,2.6778870132521933e-05,6.694717533130483e-06,2.6778870132521933e-05,1.673679383282621e-05,2.6778870132521933e-05,1.3389435066260967e-05
3.0126228899087174e-05,2.008415259939145e-05,1.0042076299695725e-05,2.3431511365956693e-05,2.3431511365956693e-05,1.3389435066260967e-05,1.3389435066260967e-05,1.0042076299695725e-05,0.0,6.694717533130483e-06,3.3473587665652417e-06,1.0042076299695725e-05,3.3473587665652417e-06,3.3473587665652417e-06,3.3473587665652417e-06,3.3473587665652417e-06,0.0,0.0,3.3473587665652417e-06,0.0,0.0,0.0,0.0,0.0,0.0,0.0,0.0,0.0,3.3473587665652417e-06,0.0,0.0,0.0,3.3473587665652417e-06,3.3473587665652417e-06,0.0,0.0,0.0,0.0,0.0,0.0,0.0,0.0,0.0,0.0,0.0,0.0,0.0,0.0,0.0,0.0,0.0,0.0,0.0,3.3473587665652417e-06,0.0,0.0,0.0,0.0,0.0,0.0,0.0,0.0,0.0,0.0,0.0,0.0,0.0,0.0,0.0,0.0,0.0,3.3473587665652417e-06,0.0,3.3473587665652417e-06,0.0,0.0,0.0,0.0,0.0,0.0,0.0,0.0,3.3473587665652417e-06,0.0,0.0,6.694717533130483e-06,0.0,0.0,0.0,0.0,0.0,0.0,0.0,3.3473587665652417e-06,0.0,0.0,0.0,3.3473587665652417e-06,0.0,0.0,6.694717533130483e-06,0.0,6.694717533130483e-06,6.694717533130483e-06,0.0,0.0,3.3473587665652417e-06,0.0,3.3473587665652417e-06,0.0,0.0,6.694717533130483e-06,6.694717533130483e-06,1.0042076299695725e-05,1.3389435066260967e-05,1.0042076299695725e-05,6.694717533130483e-06,1.673679383282621e-05,1.0042076299695725e-05,1.673679383282621e-05,6.694717533130483e-06,1.0042076299695725e-05,3.0126228899087174e-05,3.0126228899087174e-05,2.6778870132521933e-05,2.3431511365956693e-05,2.3431511365956693e-05,3.0126228899087174e-05,6.025245779817435e-05,7.364189286443532e-05,4.01683051987829e-05,9.372604546382677e-05,0.00011715755682978346,8.703132793069628e-05,0.0001037681217635225,0.00012385227436291393,0.00010042076299695725,0.00012385227436291393,0.00015063114449543588,0.0001606732207951316,0.00014393642696230538,0.00017406265586139257,0.0001606732207951316,0.00023096775489300168,0.00019079944969421878,0.0001673679383282621,0.000207536243527045,0.00017071529709482733,0.0001673679383282621,0.00013389435066260967,0.0001673679383282621,0.0001606732207951316,0.00016402057956169683,0.0001271996331294792,0.00014393642696230538,0.0001372417094291749,0.00011715755682978346,8.03366103975658e-05,0.00010042076299695725,0.00011715755682978346,0.00013054699189604443,9.037868669726152e-05,0.00011046283929665297,0.0001372417094291749,0.00010711548053008773,0.00011381019806321822,0.00015732586202856636,0.0001037681217635225,0.00015397850326200112,0.00017071529709482733,0.00011715755682978346,8.703132793069628e-05,0.0001205049155963487,0.00010711548053008773,9.037868669726152e-05,0.00010711548053008773,0.0001271996331294792,8.703132793069628e-05,9.037868669726152e-05,8.368396916413105e-05,7.364189286443532e-05,5.021038149847862e-05,6.694717533130483e-05,5.3557740265043867e-05,3.347358766565242e-05,3.0126228899087174e-05,4.01683051987829e-05,3.347358766565242e-05,4.01683051987829e-05,2.6778870132521933e-05,4.01683051987829e-05,1.3389435066260967e-05,1.0042076299695725e-05,1.3389435066260967e-05,0.0,1.3389435066260967e-05,3.3473587665652417e-06,1.3389435066260967e-05,3.3473587665652417e-06,1.0042076299695725e-05,0.0,6.694717533130483e-06,1.0042076299695725e-05,2.3431511365956693e-05,1.0042076299695725e-05,1.3389435066260967e-05,0.0,6.694717533130483e-06,3.3473587665652417e-06,3.3473587665652417e-06,0.0,0.0,3.3473587665652417e-06,0.0,0.0,1.0042076299695725e-05,6.694717533130483e-06,0.0,3.3473587665652417e-06,6.694717533130483e-06,1.0042076299695725e-05,3.3473587665652417e-06,6.694717533130483e-06,0.0,6.694717533130483e-06,0.0,0.0,0.0,3.3473587665652417e-06,0.0,1.0042076299695725e-05,0.0,3.3473587665652417e-06,3.3473587665652417e-06,0.0,0.0,1.673679383282621e-05,1.3389435066260967e-05,3.3473587665652417e-06,3.3473587665652417e-06,6.694717533130483e-06,6.694717533130483e-06,3.3473587665652417e-06,1.3389435066260967e-05,1.3389435066260967e-05,3.0126228899087174e-05,1.3389435066260967e-05,3.3473587665652417e-06,3.347358766565242e-05,1.673679383282621e-05,2.3431511365956693e-05,1.0042076299695725e-05,1.673679383282621e-05,2.008415259939145e-05,2.008415259939145e-05,4.351566396534814e-05,4.01683051987829e-05,2.6778870132521933e-05,3.0126228899087174e-05,1.3389435066260967e-05,3.3473587665652417e-06,3.3473587665652417e-06,1.673679383282621e-05,3.347358766565242e-05,1.673679383282621e-05,2.6778870132521933e-05,2.6778870132521933e-05,1.0042076299695725e-05,4.6863022731913386e-05,2.008415259939145e-05,3.347358766565242e-05,6.694717533130483e-06,1.0042076299695725e-05,2.008415259939145e-05,1.0042076299695725e-05,1.3389435066260967e-05,1.0042076299695725e-05,1.673679383282621e-05,2.3431511365956693e-05,3.347358766565242e-05,2.3431511365956693e-05,3.0126228899087174e-05,3.347358766565242e-05,4.01683051987829e-05,4.6863022731913386e-05,3.682094643221766e-05,6.35998165647396e-05,5.690509903160911e-05,5.3557740265043867e-05,5.021038149847862e-05,8.368396916413105e-05,6.025245779817435e-05,7.029453409787007e-05,4.6863022731913386e-05,6.025245779817435e-05,0.0001037681217635225,9.707340423039201e-05,5.690509903160911e-05,6.025245779817435e-05,0.00010042076299695725,6.694717533130483e-05,7.029453409787007e-05,0.0001037681217635225,6.35998165647396e-05,8.368396916413105e-05,7.698925163100056e-05,7.698925163100056e-05,5.3557740265043867e-05,5.3557740265043867e-05,2.6778870132521933e-05,6.694717533130483e-05,7.029453409787007e-05,4.351566396534814e-05,4.351566396534814e-05,8.368396916413105e-05,4.6863022731913386e-05,7.698925163100056e-05,7.029453409787007e-05,6.35998165647396e-05,0.00012385227436291393,5.690509903160911e-05,6.35998165647396e-05,6.694717533130483e-05,6.025245779817435e-05,7.029453409787007e-05,5.3557740265043867e-05,6.025245779817435e-05,7.698925163100056e-05,0.0001037681217635225,9.037868669726152e-05,8.368396916413105e-05,7.698925163100056e-05,6.694717533130483e-05,5.3557740265043867e-05,7.698925163100056e-05,6.35998165647396e-05,8.03366103975658e-05,7.029453409787007e-05,4.01683051987829e-05,4.351566396534814e-05,3.682094643221766e-05,3.0126228899087174e-05,6.694717533130483e-05,4.01683051987829e-05,5.3557740265043867e-05,4.351566396534814e-05,4.01683051987829e-05,4.6863022731913386e-05,6.694717533130483e-06,2.6778870132521933e-05,4.01683051987829e-05,4.351566396534814e-05,1.673679383282621e-05,2.3431511365956693e-05,2.3431511365956693e-05,2.6778870132521933e-05,1.673679383282621e-05,2.3431511365956693e-05,1.673679383282621e-05,1.673679383282621e-05
2.008415259939145e-05,3.347358766565242e-05,1.0042076299695725e-05,3.3473587665652417e-06,1.0042076299695725e-05,3.3473587665652417e-06,1.0042076299695725e-05,3.3473587665652417e-06,1.0042076299695725e-05,6.694717533130483e-06,0.0,3.3473587665652417e-06,6.694717533130483e-06,3.3473587665652417e-06,6.694717533130483e-06,3.3473587665652417e-06,0.0,0.0,3.3473587665652417e-06,0.0,0.0,6.694717533130483e-06,6.694717533130483e-06,3.3473587665652417e-06,3.3473587665652417e-06,0.0,0.0,0.0,0.0,0.0,0.0,0.0,0.0,0.0,0.0,0.0,0.0,0.0,0.0,0.0,0.0,0.0,0.0,0.0,0.0,3.3473587665652417e-06,0.0,3.3473587665652417e-06,3.3473587665652417e-06,0.0,0.0,0.0,0.0,0.0,0.0,0.0,0.0,0.0,0.0,0.0,0.0,0.0,0.0,0.0,3.3473587665652417e-06,0.0,0.0,0.0,0.0,0.0,3.3473587665652417e-06,0.0,0.0,0.0,0.0,0.0,0.0,0.0,3.3473587665652417e-06,0.0,0.0,0.0,0.0,0.0,0.0,0.0,0.0,0.0,0.0,0.0,0.0,0.0,0.0,0.0,3.3473587665652417e-06,0.0,3.3473587665652417e-06,3.3473587665652417e-06,6.694717533130483e-06,3.3473587665652417e-06,0.0,0.0,3.3473587665652417e-06,2.008415259939145e-05,3.3473587665652417e-06,0.0,0.0,0.0,6.694717533130483e-06,0.0,3.3473587665652417e-06,3.3473587665652417e-06,1.0042076299695725e-05,0.0,2.008415259939145e-05,1.673679383282621e-05,3.3473587665652417e-06,1.3389435066260967e-05,6.694717533130483e-06,1.0042076299695725e-05,1.0042076299695725e-05,6.694717533130483e-06,3.682094643221766e-05,4.351566396534814e-05,3.0126228899087174e-05,3.682094643221766e-05,1.673679383282621e-05,4.6863022731913386e-05,5.690509903160911e-05,7.364189286443532e-05,5.3557740265043867e-05,7.698925163100056e-05,0.00010042076299695725,7.029453409787007e-05,0.00015397850326200112,0.0001673679383282621,0.00013054699189604443,0.00015732586202856636,0.0001774100146279578,0.00022092567859330594,0.00019079944969421878,0.0002443571899592626,0.0002644413425586541,0.0002811781363914803,0.00023431511365956692,0.0002008415259939145,0.00022762039612643644,0.00023766247242613215,0.00019414680846078402,0.00019749416722734925,0.0002443571899592626,0.00016402057956169683,0.00019414680846078402,0.0001205049155963487,0.0001606732207951316,9.372604546382677e-05,0.0001372417094291749,0.00014393642696230538,9.372604546382677e-05,0.00013054699189604443,0.00014058906819574014,0.00012385227436291393,0.00014058906819574014,9.707340423039201e-05,8.03366103975658e-05,0.0001037681217635225,0.00010711548053008773,0.00011715755682978346,0.00014058906819574014,0.00011046283929665297,9.037868669726152e-05,0.00010042076299695725,0.00010711548053008773,0.00015732586202856636,9.707340423039201e-05,0.00011381019806321822,7.364189286443532e-05,8.703132793069628e-05,6.025245779817435e-05,5.690509903160911e-05,5.3557740265043867e-05,6.694717533130483e-05,5.3557740265043867e-05,5.690509903160911e-05,5.690509903160911e-05,3.682094643221766e-05,2.3431511365956693e-05,2.6778870132521933e-05,2.3431511365956693e-05,1.0042076299695725e-05,1.0042076299695725e-05,2.008415259939145e-05,1.673679383282621e-05,3.3473587665652417e-06,1.673679383282621e-05,3.3473587665652417e-06,1.673679383282621e-05,1.3389435066260967e-05,1.3389435066260967e-05,3.3473587665652417e-06,2.008415259939145e-05,6.694717533130483e-06,3.3473587665652417e-06,6.694717533130483e-06,3.3473587665652417e-06,6.694717533130483e-06,3.3473587665652417e-06,6.694717533130483e-06,3.0126228899087174e-05,3.3473587665652417e-06,0.0,6.694717533130483e-06,6.694717533130483e-06,3.3473587665652417e-06,0.0,6.694717533130483e-06,3.3473587665652417e-06,0.0,3.3473587665652417e-06,0.0,0.0,3.3473587665652417e-06,0.0,0.0,0.0,3.3473587665652417e-06,3.3473587665652417e-06,0.0,3.3473587665652417e-06,3.3473587665652417e-06,3.3473587665652417e-06,3.3473587665652417e-06,2.6778870132521933e-05,3.3473587665652417e-06,3.3473587665652417e-06,0.0,0.0,0.0,6.694717533130483e-06,0.0,6.694717533130483e-06,1.0042076299695725e-05,0.0,6.694717533130483e-06,2.3431511365956693e-05,1.0042076299695725e-05,1.3389435066260967e-05,6.694717533130483e-06,6.694717533130483e-06,1.3389435066260967e-05,1.0042076299695725e-05,1.3389435066260967e-05,2.008415259939145e-05,2.6778870132521933e-05,1.3389435066260967e-05,3.347358766565242e-05,3.682094643221766e-05,2.008415259939145e-05,1.3389435066260967e-05,3.3473587665652417e-06,1.673679383282621e-05,1.0042076299695725e-05,3.3473587665652417e-06,1.3389435066260967e-05,1.673679383282621e-05,1.3389435066260967e-05,1.3389435066260967e-05,6.694717533130483e-06,2.008415259939145e-05,1.3389435066260967e-05,3.347358766565242e-05,3.0126228899087174e-05,2.008415259939145e-05,4.351566396534814e-05,1.673679383282621e-05,2.008415259939145e-05,2.6778870132521933e-05,2.008415259939145e-05,6.694717533130483e-06,2.6778870132521933e-05,5.3557740265043867e-05,3.682094643221766e-05,4.01683051987829e-05,4.01683051987829e-05,3.0126228899087174e-05,5.3557740265043867e-05,5.021038149847862e-05,3.347358766565242e-05,3.682094643221766e-05,5.690509903160911e-05,6.694717533130483e-05,6.694717533130483e-05,6.025245779817435e-05,4.351566396534814e-05,6.025245779817435e-05,4.6863022731913386e-05,9.707340423039201e-05,6.694717533130483e-05,8.368396916413105e-05,8.703132793069628e-05,7.698925163100056e-05,6.35998165647396e-05,8.368396916413105e-05,6.35998165647396e-05,5.690509903160911e-05,4.6863022731913386e-05,5.690509903160911e-05,6.025245779817435e-05,0.0001037681217635225,7.029453409787007e-05,4.6863022731913386e-05,3.0126228899087174e-05,8.368396916413105e-05,6.025245779817435e-05,7.698925163100056e-05,7.698925163100056e-05,8.03366103975658e-05,7.698925163100056e-05,6.694717533130483e-05,5.021038149847862e-05,6.35998165647396e-05,8.703132793069628e-05,5.3557740265043867e-05,4.351566396534814e-05,7.364189286443532e-05,6.025245779817435e-05,0.00011381019806321822,7.698925163100056e-05,8.703132793069628e-05,6.694717533130483e-05,9.372604546382677e-05,5.021038149847862e-05,6.025245779817435e-05,6.35998165647396e-05,7.364189286443532e-05,6.35998165647396e-05,7.029453409787007e-05,5.3557740265043867e-05,8.703132793069628e-05,4.6863022731913386e-05,4.6863022731913386e-05,7.029453409787007e-05,6.35998165647396e-05,3.347358766565242e-05,3.682094643221766e-05,3.0126228899087174e-05,4.01683051987829e-05,3.682094643221766e-05,3.347358766565242e-05,4.6863022731913386e-05,5.3557740265043867e-05,2.6778870132521933e-05,2.3431511365956693e-05,3.347358766565242e-05,3.682094643221766e-05,2.008415259939145e-05,2.008415259939145e-05,1.673679383282621e-05,1.673679383282621e-05,1.3389435066260967e-05
6.694717533130483e-06,2.3431511365956693e-05,2.3431511365956693e-05,3.347358766565242e-05,6.694717533130483e-06,2.3431511365956693e-05,6.694717533130483e-06,6.694717533130483e-06,1.3389435066260967e-05,1.3389435066260967e-05,6.694717533130483e-06,3.3473587665652417e-06,6.694717533130483e-06,3.3473587665652417e-06,3.3473587665652417e-06,1.3389435066260967e-05,3.3473587665652417e-06,0.0,0.0,0.0,0.0,0.0,0.0,3.3473587665652417e-06,6.694717533130483e-06,0.0,0.0,0.0,0.0,3.3473587665652417e-06,0.0,0.0,0.0,0.0,0.0,0.0,0.0,0.0,0.0,0.0,3.3473587665652417e-06,0.0,0.0,0.0,0.0,0.0,0.0,0.0,0.0,0.0,0.0,0.0,0.0,0.0,0.0,0.0,0.0,0.0,0.0,0.0,0.0,0.0,0.0,0.0,0.0,0.0,0.0,0.0,0.0,0.0,0.0,0.0,0.0,0.0,0.0,0.0,0.0,0.0,3.3473587665652417e-06,0.0,0.0,0.0,0.0,0.0,0.0,0.0,0.0,0.0,0.0,0.0,0.0,3.3473587665652417e-06,0.0,0.0,0.0,0.0,3.3473587665652417e-06,6.694717533130483e-06,0.0,0.0,0.0,3.3473587665652417e-06,1.0042076299695725e-05,1.0042076299695725e-05,0.0,3.3473587665652417e-06,0.0,0.0,3.3473587665652417e-06,3.3473587665652417e-06,3.3473587665652417e-06,6.694717533130483e-06,6.694717533130483e-06,3.3473587665652417e-06,1.0042076299695725e-05,1.3389435066260967e-05,3.3473587665652417e-06,0.0,1.3389435066260967e-05,1.3389435066260967e-05,1.673679383282621e-05,2.3431511365956693e-05,3.0126228899087174e-05,2.6778870132521933e-05,2.6778870132521933e-05,2.3431511365956693e-05,8.03366103975658e-05,5.021038149847862e-05,7.029453409787007e-05,6.35998165647396e-05,9.037868669726152e-05,7.698925163100056e-05,9.372604546382677e-05,9.372604546382677e-05,0.00015063114449543588,0.00015732586202856636,0.00015063114449543588,0.00019749416722734925,0.00033138851788995895,0.0002410098311926974,0.0002744834188583498,0.0003213464415902632,0.00026109398379208887,0.0002543992662589584,0.00033138851788995895,0.0002945675714577413,0.0002510519074923931,0.0002543992662589584,0.00021088360229361023,0.00021088360229361023,0.0002008415259939145,0.0001841047321610883,0.00016402057956169683,0.00012385227436291393,0.00015063114449543588,0.0001037681217635225,9.372604546382677e-05,0.0001205049155963487,9.037868669726152e-05,0.00012385227436291393,0.00013389435066260967,0.00010711548053008773,9.707340423039201e-05,0.00015397850326200112,0.00012385227436291393,0.0001205049155963487,0.00014393642696230538,0.00014393642696230538,0.00014393642696230538,0.00013389435066260967,0.00017406265586139257,0.00010711548053008773,0.00012385227436291393,0.00011046283929665297,0.0001037681217635225,9.707340423039201e-05,7.698925163100056e-05,6.35998165647396e-05,6.694717533130483e-05,8.368396916413105e-05,5.3557740265043867e-05,6.35998165647396e-05,3.0126228899087174e-05,7.029453409787007e-05,2.3431511365956693e-05,4.351566396534814e-05,2.008415259939145e-05,4.01683051987829e-05,3.682094643221766e-05,1.3389435066260967e-05,2.3431511365956693e-05,1.0042076299695725e-05,6.694717533130483e-06,1.673679383282621e-05,1.3389435066260967e-05,0.0,0.0,2.008415259939145e-05,6.694717533130483e-06,3.3473587665652417e-06,3.3473587665652417e-06,3.3473587665652417e-06,0.0,6.694717533130483e-06,3.3473587665652417e-06,1.3389435066260967e-05,6.694717533130483e-06,6.694717533130483e-06,3.3473587665652417e-06,3.3473587665652417e-06,0.0,6.694717533130483e-06,0.0,0.0,3.3473587665652417e-06,1.673679383282621e-05,3.3473587665652417e-06,3.3473587665652417e-06,3.3473587665652417e-06,0.0,0.0,0.0,0.0,3.3473587665652417e-06,0.0,0.0,0.0,0.0,3.3473587665652417e-06,0.0,0.0,6.694717533130483e-06,0.0,3.3473587665652417e-06,3.3473587665652417e-06,3.3473587665652417e-06,3.3473587665652417e-06,0.0,0.0,3.3473587665652417e-06,0.0,6.694717533130483e-06,1.0042076299695725e-05,6.694717533130483e-06,3.3473587665652417e-06,1.0042076299695725e-05,0.0,1.0042076299695725e-05,1.0042076299695725e-05,2.3431511365956693e-05,6.694717533130483e-06,6.694717533130483e-06,1.3389435066260967e-05,2.3431511365956693e-05,3.0126228899087174e-05,3.3473587665652417e-06,1.0042076299695725e-05,4.351566396534814e-05,1.0042076299695725e-05,6.694717533130483e-06,2.008415259939145e-05,1.0042076299695725e-05,3.3473587665652417e-06,1.0042076299695725e-05,2.008415259939145e-05,1.673679383282621e-05,6.694717533130483e-06,1.0042076299695725e-05,3.347358766565242e-05,1.673679383282621e-05,2.008415259939145e-05,2.6778870132521933e-05,2.3431511365956693e-05,3.0126228899087174e-05,2.008415259939145e-05,2.008415259939145e-05,3.3473587665652417e-06,3.347358766565242e-05,2.3431511365956693e-05,2.6778870132521933e-05,4.01683051987829e-05,1.673679383282621e-05,1.0042076299695725e-05,3.0126228899087174e-05,3.0126228899087174e-05,1.3389435066260967e-05,3.682094643221766e-05,7.698925163100056e-05,3.347358766565242e-05,3.347358766565242e-05,6.025245779817435e-05,3.682094643221766e-05,3.0126228899087174e-05,5.021038149847862e-05,5.3557740265043867e-05,4.351566396534814e-05,9.037868669726152e-05,5.021038149847862e-05,5.021038149847862e-05,7.698925163100056e-05,8.03366103975658e-05,0.00015397850326200112,4.01683051987829e-05,7.698925163100056e-05,4.6863022731913386e-05,3.0126228899087174e-05,6.694717533130483e-05,6.025245779817435e-05,7.698925163100056e-05,4.6863022731913386e-05,3.682094643221766e-05,6.694717533130483e-05,5.690509903160911e-05,5.690509903160911e-05,2.6778870132521933e-05,7.364189286443532e-05,6.35998165647396e-05,6.35998165647396e-05,7.364189286443532e-05,6.694717533130483e-05,6.025245779817435e-05,7.698925163100056e-05,6.694717533130483e-05,6.694717533130483e-05,7.029453409787007e-05,6.025245779817435e-05,6.025245779817435e-05,6.694717533130483e-05,4.6863022731913386e-05,8.703132793069628e-05,5.021038149847862e-05,7.698925163100056e-05,7.029453409787007e-05,7.029453409787007e-05,0.0001037681217635225,8.368396916413105e-05,5.690509903160911e-05,5.3557740265043867e-05,4.01683051987829e-05,6.025245779817435e-05,3.0126228899087174e-05,2.6778870132521933e-05,4.351566396534814e-05,4.6863022731913386e-05,2.6778870132521933e-05,6.025245779817435e-05,3.0126228899087174e-05,2.6778870132521933e-05,3.682094643221766e-05,3.682094643221766e-05,4.351566396534814e-05,1.3389435066260967e-05,3.347358766565242e-05,1.0042076299695725e-05,3.0126228899087174e-05,1.3389435066260967e-05,1.3389435066260967e-05,1.673679383282621e-05,1.0042076299695725e-05,6.694717533130483e-06
1.0042076299695725e-05,3.0126228899087174e-05,3.3473587665652417e-06,6.694717533130483e-06,3.3473587665652417e-06,3.3473587665652417e-06,1.0042076299695725e-05,2.008415259939145e-05,1.0042076299695725e-05,1.0042076299695725e-05,1.0042076299695725e-05,6.694717533130483e-06,0.0,0.0,0.0,0.0,0.0,3.3473587665652417e-06,3.3473587665652417e-06,0.0,0.0,3.3473587665652417e-06,3.3473587665652417e-06,0.0,0.0,3.3473587665652417e-06,3.3473587665652417e-06,0.0,0.0,0.0,6.694717533130483e-06,0.0,3.3473587665652417e-06,0.0,3.3473587665652417e-06,0.0,0.0,0.0,0.0,0.0,6.694717533130483e-06,0.0,0.0,0.0,0.0,3.3473587665652417e-06,3.3473587665652417e-06,0.0,0.0,0.0,0.0,0.0,0.0,0.0,0.0,0.0,0.0,0.0,0.0,0.0,0.0,0.0,3.3473587665652417e-06,0.0,0.0,0.0,3.3473587665652417e-06,0.0,0.0,0.0,0.0,0.0,0.0,0.0,0.0,0.0,0.0,0.0,0.0,0.0,0.0,0.0,3.3473587665652417e-06,0.0,0.0,0.0,0.0,0.0,0.0,0.0,0.0,0.0,0.0,0.0,0.0,0.0,0.0,0.0,3.3473587665652417e-06,3.3473587665652417e-06,3.3473587665652417e-06,0.0,3.3473587665652417e-06,0.0,3.3473587665652417e-06,3.3473587665652417e-06,0.0,6.694717533130483e-06,0.0,3.3473587665652417e-06,1.0042076299695725e-05,3.3473587665652417e-06,6.694717533130483e-06,0.0,1.3389435066260967e-05,6.694717533130483e-06,3.3473587665652417e-06,3.3473587665652417e-06,1.3389435066260967e-05,1.0042076299695725e-05,4.01683051987829e-05,1.673679383282621e-05,6.694717533130483e-06,3.0126228899087174e-05,3.0126228899087174e-05,2.3431511365956693e-05,3.0126228899087174e-05,7.698925163100056e-05,5.3557740265043867e-05,7.698925163100056e-05,8.703132793069628e-05,8.03366103975658e-05,0.0001372417094291749,0.00014728378572887064,0.00019079944969421878,0.00019414680846078402,0.00019079944969421878,0.00023431511365956692,0.00029122021269117605,0.00027783077762491505,0.0003749041818553071,0.00031799908282369795,0.0003648621055556113,0.0003548200292559156,0.00035147267048935037,0.0003213464415902632,0.00023766247242613215,0.00024770454872582786,0.0002945675714577413,0.0002744834188583498,0.00026778870132521934,0.00022092567859330594,0.00017406265586139257,0.00019749416722734925,0.00017406265586139257,0.00014393642696230538,0.0001372417094291749,0.00015063114449543588,0.0001841047321610883,0.00014728378572887064,0.0001271996331294792,0.00017406265586139257,0.0001606732207951316,0.00018075737339452304,0.0001271996331294792,0.00016402057956169683,0.0001372417094291749,0.0001037681217635225,0.00012385227436291393,0.0001271996331294792,8.368396916413105e-05,0.0001037681217635225,0.0001372417094291749,0.00011715755682978346,0.00013054699189604443,8.03366103975658e-05,9.037868669726152e-05,3.682094643221766e-05,7.698925163100056e-05,6.694717533130483e-05,8.03366103975658e-05,4.351566396534814e-05,2.008415259939145e-05,3.0126228899087174e-05,3.0126228899087174e-05,1.3389435066260967e-05,2.3431511365956693e-05,6.694717533130483e-06,1.0042076299695725e-05,1.673679383282621e-05,2.008415259939145e-05,3.3473587665652417e-06,0.0,6.694717533130483e-06,1.0042076299695725e-05,3.3473587665652417e-06,0.0,3.3473587665652417e-06,6.694717533130483e-06,3.3473587665652417e-06,3.3473587665652417e-06,1.3389435066260967e-05,3.3473587665652417e-06,0.0,3.3473587665652417e-06,1.0042076299695725e-05,1.0042076299695725e-05,0.0,6.694717533130483e-06,0.0,0.0,0.0,3.3473587665652417e-06,1.0042076299695725e-05,0.0,0.0,3.3473587665652417e-06,0.0,0.0,3.3473587665652417e-06,6.694717533130483e-06,0.0,3.3473587665652417e-06,0.0,3.3473587665652417e-06,0.0,0.0,3.3473587665652417e-06,3.3473587665652417e-06,0.0,6.694717533130483e-06,0.0,3.3473587665652417e-06,0.0,0.0,0.0,3.3473587665652417e-06,3.3473587665652417e-06,1.0042076299695725e-05,0.0,0.0,1.3389435066260967e-05,3.3473587665652417e-06,3.3473587665652417e-06,0.0,0.0,3.3473587665652417e-06,1.3389435066260967e-05,2.008415259939145e-05,6.694717533130483e-06,2.3431511365956693e-05,2.008415259939145e-05,3.0126228899087174e-05,1.0042076299695725e-05,1.3389435066260967e-05,1.0042076299695725e-05,1.0042076299695725e-05,1.3389435066260967e-05,3.3473587665652417e-06,2.6778870132521933e-05,6.694717533130483e-06,1.0042076299695725e-05,3.3473587665652417e-06,1.0042076299695725e-05,1.3389435066260967e-05,6.694717533130483e-06,1.3389435066260967e-05,1.673679383282621e-05,3.0126228899087174e-05,3.0126228899087174e-05,1.3389435066260967e-05,1.3389435066260967e-05,2.008415259939145e-05,2.3431511365956693e-05,2.008415259939145e-05,3.0126228899087174e-05,1.3389435066260967e-05,2.6778870132521933e-05,5.690509903160911e-05,6.694717533130483e-06,1.673679383282621e-05,6.694717533130483e-06,2.3431511365956693e-05,5.690509903160911e-05,5.021038149847862e-05,3.682094643221766e-05,4.6863022731913386e-05,2.008415259939145e-05,3.682094643221766e-05,3.347358766565242e-05,7.029453409787007e-05,5.021038149847862e-05,8.03366103975658e-05,6.694717533130483e-05,4.351566396534814e-05,7.029453409787007e-05,6.35998165647396e-05,5.690509903160911e-05,8.03366103975658e-05,7.698925163100056e-05,5.690509903160911e-05,8.368396916413105e-05,9.707340423039201e-05,3.682094643221766e-05,6.025245779817435e-05,7.029453409787007e-05,4.6863022731913386e-05,5.690509903160911e-05,5.3557740265043867e-05,4.6863022731913386e-05,3.347358766565242e-05,3.0126228899087174e-05,6.35998165647396e-05,4.351566396534814e-05,8.703132793069628e-05,0.0001037681217635225,5.3557740265043867e-05,4.6863022731913386e-05,5.690509903160911e-05,6.694717533130483e-05,6.025245779817435e-05,5.690509903160911e-05,7.364189286443532e-05,6.025245779817435e-05,9.372604546382677e-05,7.364189286443532e-05,9.372604546382677e-05,6.694717533130483e-05,9.037868669726152e-05,8.368396916413105e-05,4.6863022731913386e-05,7.364189286443532e-05,4.01683051987829e-05,0.00011715755682978346,6.694717533130483e-05,8.703132793069628e-05,7.698925163100056e-05,4.6863022731913386e-05,7.364189286443532e-05,3.347358766565242e-05,6.694717533130483e-05,3.682094643221766e-05,6.025245779817435e-05,5.3557740265043867e-05,4.01683051987829e-05,3.0126228899087174e-05,2.3431511365956693e-05,3.0126228899087174e-05,5.021038149847862e-05,3.0126228899087174e-05,2.3431511365956693e-05,2.3431511365956693e-05,3.682094643221766e-05,3.682094643221766e-05,2.008415259939145e-05,1.3389435066260967e-05,2.008415259939145e-05,1.673679383282621e-05,1.0042076299695725e-05,1.673679383282621e-05
3.3473587665652417e-06,1.0042076299695725e-05,1.3389435066260967e-05,6.694717533130483e-06,0.0,1.0042076299695725e-05,1.0042076299695725e-05,1.0042076299695725e-05,6.694717533130483e-06,3.3473587665652417e-06,3.3473587665652417e-06,0.0,3.3473587665652417e-06,0.0,0.0,0.0,3.3473587665652417e-06,0.0,0.0,0.0,0.0,0.0,3.3473587665652417e-06,6.694717533130483e-06,0.0,3.3473587665652417e-06,6.694717533130483e-06,0.0,3.3473587665652417e-06,3.3473587665652417e-06,0.0,3.3473587665652417e-06,0.0,0.0,0.0,0.0,0.0,0.0,0.0,0.0,3.3473587665652417e-06,0.0,0.0,3.3473587665652417e-06,0.0,0.0,0.0,0.0,0.0,0.0,0.0,0.0,3.3473587665652417e-06,0.0,0.0,0.0,0.0,0.0,0.0,0.0,3.3473587665652417e-06,0.0,0.0,0.0,0.0,0.0,0.0,0.0,0.0,0.0,0.0,3.3473587665652417e-06,0.0,0.0,0.0,0.0,0.0,0.0,3.3473587665652417e-06,0.0,3.3473587665652417e-06,0.0,3.3473587665652417e-06,0.0,0.0,0.0,0.0,0.0,0.0,0.0,0.0,6.694717533130483e-06,0.0,3.3473587665652417e-06,0.0,0.0,3.3473587665652417e-06,6.694717533130483e-06,3.3473587665652417e-06,3.3473587665652417e-06,0.0,3.3473587665652417e-06,6.694717533130483e-06,0.0,3.3473587665652417e-06,3.3473587665652417e-06,0.0,0.0,6.694717533130483e-06,3.3473587665652417e-06,6.694717533130483e-06,3.3473587665652417e-06,0.0,3.3473587665652417e-06,1.673679383282621e-05,1.3389435066260967e-05,0.0,6.694717533130483e-06,1.673679383282621e-05,1.3389435066260967e-05,2.008415259939145e-05,3.0126228899087174e-05,1.0042076299695725e-05,4.6863022731913386e-05,3.347358766565242e-05,4.6863022731913386e-05,4.6863022731913386e-05,9.037868669726152e-05,6.694717533130483e-05,8.703132793069628e-05,0.00011381019806321822,0.0001372417094291749,0.00014058906819574014,0.00015063114449543588,0.00023096775489300168,0.0002711360600917846,0.00034812531172278514,0.0002979149302243065,0.000401683051987829,0.0003749041818553071,0.0004552407922528729,0.0004184198458206552,0.0004351566396534814,0.00044519871595317717,0.00039833569322126374,0.00033138851788995895,0.000401683051987829,0.00030126228899087176,0.00030126228899087176,0.0002644413425586541,0.0002543992662589584,0.0002510519074923931,0.00022092567859330594,0.00019749416722734925,0.0001606732207951316,0.00015063114449543588,0.00011046283929665297,0.0001372417094291749,0.00011046283929665297,0.00015063114449543588,0.00011715755682978346,0.0001606732207951316,0.0001372417094291749,0.0001673679383282621,0.00014393642696230538,0.00014058906819574014,0.00014393642696230538,0.00013389435066260967,0.00015732586202856636,0.0001271996331294792,0.00013054699189604443,9.372604546382677e-05,9.707340423039201e-05,8.703132793069628e-05,0.00010711548053008773,4.01683051987829e-05,8.03366103975658e-05,6.025245779817435e-05,8.03366103975658e-05,6.694717533130483e-05,2.3431511365956693e-05,2.6778870132521933e-05,2.008415259939145e-05,3.0126228899087174e-05,4.01683051987829e-05,2.6778870132521933e-05,2.3431511365956693e-05,3.347358766565242e-05,6.694717533130483e-06,1.3389435066260967e-05,6.694717533130483e-06,1.0042076299695725e-05,0.0,1.0042076299695725e-05,6.694717533130483e-06,6.694717533130483e-06,3.3473587665652417e-06,3.3473587665652417e-06,3.347358766565242e-05,0.0,3.3473587665652417e-06,0.0,0.0,3.3473587665652417e-06,3.3473587665652417e-06,3.3473587665652417e-06,0.0,6.694717533130483e-06,0.0,3.3473587665652417e-06,0.0,0.0,0.0,0.0,0.0,0.0,0.0,3.3473587665652417e-06,3.3473587665652417e-06,3.3473587665652417e-06,0.0,1.0042076299695725e-05,0.0,0.0,0.0,0.0,3.3473587665652417e-06,3.3473587665652417e-06,6.694717533130483e-06,0.0,3.3473587665652417e-06,0.0,0.0,3.3473587665652417e-06,3.3473587665652417e-06,0.0,0.0,1.3389435066260967e-05,6.694717533130483e-06,0.0,0.0,3.3473587665652417e-06,6.694717533130483e-06,0.0,3.3473587665652417e-06,0.0,1.3389435066260967e-05,2.008415259939145e-05,1.0042076299695725e-05,1.0042076299695725e-05,1.0042076299695725e-05,1.0042076299695725e-05,6.694717533130483e-06,1.0042076299695725e-05,1.3389435066260967e-05,6.694717533130483e-06,1.3389435066260967e-05,6.694717533130483e-06,1.673679383282621e-05,3.3473587665652417e-06,1.673679383282621e-05,2.008415259939145e-05,0.0,3.3473587665652417e-06,1.673679383282621e-05,6.694717533130483e-06,3.3473587665652417e-06,1.0042076299695725e-05,1.0042076299695725e-05,1.0042076299695725e-05,1.0042076299695725e-05,1.0042076299695725e-05,1.3389435066260967e-05,1.0042076299695725e-05,2.008415259939145e-05,1.673679383282621e-05,2.008415259939145e-05,1.3389435066260967e-05,1.673679383282621e-05,2.3431511365956693e-05,1.3389435066260967e-05,1.3389435066260967e-05,2.3431511365956693e-05,2.3431511365956693e-05,4.351566396534814e-05,1.3389435066260967e-05,7.698925163100056e-05,4.6863022731913386e-05,2.6778870132521933e-05,2.008415259939145e-05,5.3557740265043867e-05,5.690509903160911e-05,7.364189286443532e-05,4.6863022731913386e-05,7.364189286443532e-05,5.690509903160911e-05,6.694717533130483e-05,9.037868669726152e-05,6.025245779817435e-05,7.029453409787007e-05,5.3557740265043867e-05,7.029453409787007e-05,8.03366103975658e-05,3.682094643221766e-05,4.01683051987829e-05,5.3557740265043867e-05,4.351566396534814e-05,5.3557740265043867e-05,8.703132793069628e-05,9.707340423039201e-05,3.0126228899087174e-05,6.35998165647396e-05,6.35998165647396e-05,4.351566396534814e-05,5.690509903160911e-05,8.368396916413105e-05,7.029453409787007e-05,4.351566396534814e-05,9.037868669726152e-05,8.03366103975658e-05,9.372604546382677e-05,7.364189286443532e-05,7.698925163100056e-05,0.00010042076299695725,7.364189286443532e-05,5.690509903160911e-05,6.694717533130483e-05,8.03366103975658e-05,6.35998165647396e-05,7.698925163100056e-05,7.364189286443532e-05,7.029453409787007e-05,7.364189286443532e-05,6.694717533130483e-05,7.364189286443532e-05,5.690509903160911e-05,5.690509903160911e-05,7.698925163100056e-05,3.0126228899087174e-05,6.025245779817435e-05,5.021038149847862e-05,2.3431511365956693e-05,2.008415259939145e-05,5.021038149847862e-05,4.01683051987829e-05,3.347358766565242e-05,3.347358766565242e-05,1.0042076299695725e-05,2.6778870132521933e-05,2.3431511365956693e-05,1.673679383282621e-05,1.3389435066260967e-05,2.008415259939145e-05,2.008415259939145e-05,1.3389435066260967e-05,2.3431511365956693e-05,2.008415259939145e-05,2.008415259939145e-05,2.008415259939145e-05,1.0042076299695725e-05
1.3389435066260967e-05,6.694717533130483e-06,3.3473587665652417e-06,1.3389435066260967e-05,1.0042076299695725e-05,3.3473587665652417e-06,0.0,6.694717533130483e-06,3.3473587665652417e-06,6.694717533130483e-06,6.694717533130483e-06,3.3473587665652417e-06,6.694717533130483e-06,6.694717533130483e-06,6.694717533130483e-06,6.694717533130483e-06,3.3473587665652417e-06,3.3473587665652417e-06,0.0,3.3473587665652417e-06,3.3473587665652417e-06,0.0,0.0,0.0,0.0,0.0,0.0,0.0,0.0,0.0,0.0,0.0,6.694717533130483e-06,0.0,0.0,6.694717533130483e-06,0.0,0.0,0.0,0.0,0.0,0.0,0.0,0.0,0.0,0.0,0.0,0.0,0.0,0.0,0.0,0.0,0.0,0.0,0.0,0.0,0.0,0.0,0.0,0.0,0.0,0.0,0.0,0.0,0.0,0.0,0.0,0.0,0.0,0.0,0.0,0.0,0.0,0.0,0.0,0.0,0.0,0.0,0.0,0.0,0.0,0.0,0.0,0.0,0.0,0.0,0.0,0.0,0.0,6.694717533130483e-06,0.0,3.3473587665652417e-06,0.0,3.3473587665652417e-06,0.0,0.0,3.3473587665652417e-06,0.0,0.0,6.694717533130483e-06,0.0,0.0,3.3473587665652417e-06,0.0,0.0,1.673679383282621e-05,1.0042076299695725e-05,6.694717533130483e-06,0.0,1.0042076299695725e-05,3.3473587665652417e-06,3.3473587665652417e-06,0.0,6.694717533130483e-06,2.3431511365956693e-05,0.0,2.008415259939145e-05,1.673679383282621e-05,1.3389435066260967e-05,2.008415259939145e-05,2.008415259939145e-05,2.6778870132521933e-05,5.690509903160911e-05,2.008415259939145e-05,4.01683051987829e-05,5.690509903160911e-05,5.690509903160911e-05,0.0001372417094291749,9.037868669726152e-05,7.364189286443532e-05,9.707340423039201e-05,0.0001372417094291749,0.00021088360229361023,0.00021423096106017547,0.00019414680846078402,0.00021423096106017547,0.0003380832354230894,0.00038159889938843756,0.00041507248705409,0.0004184198458206552,0.00048536702115196007,0.0005087985325179168,0.0005991772192151782,0.0004552407922528729,0.0004954090974516557,0.0004485460747197424,0.000401683051987829,0.0003548200292559156,0.00030126228899087176,0.00027783077762491505,0.0003447779529562199,0.00026778870132521934,0.00021088360229361023,0.0002510519074923931,0.0002008415259939145,0.00019749416722734925,0.00013389435066260967,0.00013389435066260967,0.00014058906819574014,0.00018075737339452304,0.00015732586202856636,0.00019414680846078402,0.00015397850326200112,0.00014728378572887064,0.00015063114449543588,0.00015063114449543588,0.00014058906819574014,0.00018745209092765354,0.00010711548053008773,0.00013054699189604443,0.00013054699189604443,0.0001037681217635225,5.3557740265043867e-05,8.03366103975658e-05,7.698925163100056e-05,7.029453409787007e-05,5.690509903160911e-05,5.690509903160911e-05,4.351566396534814e-05,4.01683051987829e-05,3.682094643221766e-05,4.6863022731913386e-05,6.35998165647396e-05,3.0126228899087174e-05,1.0042076299695725e-05,1.3389435066260967e-05,1.3389435066260967e-05,6.694717533130483e-06,1.3389435066260967e-05,2.3431511365956693e-05,0.0,1.3389435066260967e-05,3.3473587665652417e-06,1.3389435066260967e-05,2.6778870132521933e-05,0.0,3.3473587665652417e-06,0.0,6.694717533130483e-06,1.0042076299695725e-05,0.0,0.0,0.0,1.0042076299695725e-05,0.0,6.694717533130483e-06,6.694717533130483e-06,0.0,0.0,0.0,1.3389435066260967e-05,0.0,3.3473587665652417e-06,0.0,0.0,0.0,3.3473587665652417e-06,6.694717533130483e-06,3.3473587665652417e-06,0.0,0.0,0.0,3.3473587665652417e-06,0.0,0.0,6.694717533130483e-06,0.0,3.3473587665652417e-06,6.694717533130483e-06,0.0,3.3473587665652417e-06,0.0,3.3473587665652417e-06,0.0,0.0,0.0,6.694717533130483e-06,3.3473587665652417e-06,0.0,0.0,0.0,3.3473587665652417e-06,3.3473587665652417e-06,3.3473587665652417e-06,0.0,3.3473587665652417e-06,3.3473587665652417e-06,1.3389435066260967e-05,1.0042076299695725e-05,6.694717533130483e-06,6.694717533130483e-06,1.0042076299695725e-05,6.694717533130483e-06,1.0042076299695725e-05,3.3473587665652417e-06,1.673679383282621e-05,1.673679383282621e-05,3.3473587665652417e-06,1.0042076299695725e-05,1.673679383282621e-05,1.0042076299695725e-05,2.008415259939145e-05,1.0042076299695725e-05,0.0,1.3389435066260967e-05,1.3389435066260967e-05,3.0126228899087174e-05,1.3389435066260967e-05,6.694717533130483e-06,6.694717533130483e-06,3.3473587665652417e-06,2.008415259939145e-05,1.0042076299695725e-05,1.673679383282621e-05,6.694717533130483e-06,1.673679383282621e-05,1.0042076299695725e-05,2.008415259939145e-05,3.682094643221766e-05,1.0042076299695725e-05,3.0126228899087174e-05,3.682094643221766e-05,1.3389435066260967e-05,2.008415259939145e-05,2.008415259939145e-05,2.008415259939145e-05,5.3557740265043867e-05,1.0042076299695725e-05,4.01683051987829e-05,2.3431511365956693e-05,5.021038149847862e-05,4.01683051987829e-05,6.35998165647396e-05,5.021038149847862e-05,3.347358766565242e-05,6.694717533130483e-05,5.3557740265043867e-05,5.690509903160911e-05,5.690509903160911e-05,5.021038149847862e-05,5.3557740265043867e-05,8.03366103975658e-05,5.690509903160911e-05,4.351566396534814e-05,9.372604546382677e-05,5.021038149847862e-05,6.694717533130483e-05,5.021038149847862e-05,0.0001037681217635225,9.372604546382677e-05,8.03366103975658e-05,7.698925163100056e-05,6.35998165647396e-05,7.698925163100056e-05,6.35998165647396e-05,9.037868669726152e-05,6.35998165647396e-05,8.03366103975658e-05,9.372604546382677e-05,0.00011381019806321822,7.364189286443532e-05,9.372604546382677e-05,0.0001037681217635225,7.698925163100056e-05,7.364189286443532e-05,8.368396916413105e-05,8.368396916413105e-05,8.03366103975658e-05,6.694717533130483e-05,6.025245779817435e-05,5.021038149847862e-05,9.372604546382677e-05,9.372604546382677e-05,7.029453409787007e-05,6.025245779817435e-05,6.35998165647396e-05,0.00011715755682978346,6.35998165647396e-05,5.690509903160911e-05,6.025245779817435e-05,5.3557740265043867e-05,5.021038149847862e-05,5.3557740265043867e-05,4.6863022731913386e-05,4.6863022731913386e-05,3.682094643221766e-05,2.008415259939145e-05,4.351566396534814e-05,6.694717533130483e-06,3.0126228899087174e-05,3.0126228899087174e-05,1.673679383282621e-05,2.008415259939145e-05,1.673679383282621e-05,1.673679383282621e-05,6.694717533130483e-06,6.694717533130483e-06,3.682094643221766e-05,3.3473587665652417e-06,1.3389435066260967e-05
1.3389435066260967e-05,1.0042076299695725e-05,6.694717533130483e-06,6.694717533130483e-06,6.694717533130483e-06,6.694717533130483e-06,6.694717533130483e-06,3.3473587665652417e-06,0.0,3.3473587665652417e-06,0.0,0.0,1.0042076299695725e-05,1.0042076299695725e-05,6.694717533130483e-06,6.694717533130483e-06,6.694717533130483e-06,0.0,3.3473587665652417e-06,0.0,0.0,0.0,0.0,0.0,0.0,3.3473587665652417e-06,0.0,0.0,0.0,0.0,0.0,0.0,0.0,0.0,0.0,0.0,0.0,0.0,0.0,0.0,0.0,0.0,0.0,0.0,0.0,0.0,0.0,0.0,0.0,3.3473587665652417e-06,0.0,0.0,0.0,0.0,0.0,0.0,0.0,0.0,0.0,0.0,0.0,0.0,0.0,0.0,0.0,0.0,0.0,0.0,0.0,3.3473587665652417e-06,0.0,0.0,0.0,0.0,0.0,0.0,0.0,0.0,0.0,0.0,0.0,0.0,0.0,0.0,0.0,0.0,0.0,0.0,0.0,0.0,0.0,0.0,0.0,3.3473587665652417e-06,0.0,0.0,0.0,0.0,0.0,3.3473587665652417e-06,0.0,0.0,3.3473587665652417e-06,3.3473587665652417e-06,0.0,3.3473587665652417e-06,3.3473587665652417e-06,0.0,1.0042076299695725e-05,3.3473587665652417e-06,6.694717533130483e-06,0.0,1.673679383282621e-05,1.0042076299695725e-05,1.0042076299695725e-05,0.0,6.694717533130483e-06,6.694717533130483e-06,2.3431511365956693e-05,1.673679383282621e-05,2.6778870132521933e-05,4.6863022731913386e-05,3.347358766565242e-05,3.0126228899087174e-05,4.351566396534814e-05,8.703132793069628e-05,7.364189286443532e-05,6.694717533130483e-05,0.00015397850326200112,0.0001372417094291749,0.00011381019806321822,0.0002008415259939145,0.0001841047321610883,0.0002543992662589584,0.00032804115912339366,0.0002644413425586541,0.00043180928088691617,0.0004753249448522643,0.0004418513571866119,0.0005456194789501344,0.0005824404253823521,0.0005590089140163954,0.0006259560893477002,0.0005188406088176124,0.0005556615552498301,0.00047197758608569907,0.0004920617386850905,0.0003246938003568284,0.00041172512828752475,0.00037155682308874185,0.0002443571899592626,0.00028787285392461076,0.0002443571899592626,0.0002242730373598712,0.00014728378572887064,0.00016402057956169683,0.00014393642696230538,0.00015063114449543588,0.00014728378572887064,0.00014058906819574014,0.00021423096106017547,0.00018075737339452304,0.00014728378572887064,0.00011381019806321822,0.00017071529709482733,0.0001673679383282621,0.00014393642696230538,0.0001205049155963487,0.00011046283929665297,0.00014393642696230538,0.00011381019806321822,0.00011715755682978346,7.029453409787007e-05,7.364189286443532e-05,4.351566396534814e-05,6.694717533130483e-05,7.029453409787007e-05,0.00012385227436291393,5.690509903160911e-05,5.021038149847862e-05,3.347358766565242e-05,2.008415259939145e-05,3.347358766565242e-05,1.673679383282621e-05,2.3431511365956693e-05,1.673679383282621e-05,1.0042076299695725e-05,1.673679383282621e-05,2.008415259939145e-05,1.0042076299695725e-05,3.3473587665652417e-06,6.694717533130483e-06,3.3473587665652417e-06,0.0,1.0042076299695725e-05,6.694717533130483e-06,0.0,3.3473587665652417e-06,3.3473587665652417e-06,3.3473587665652417e-06,3.3473587665652417e-06,0.0,0.0,0.0,0.0,0.0,0.0,0.0,0.0,0.0,0.0,1.0042076299695725e-05,0.0,1.0042076299695725e-05,0.0,0.0,0.0,0.0,3.3473587665652417e-06,0.0,6.694717533130483e-06,0.0,0.0,0.0,3.3473587665652417e-06,0.0,0.0,0.0,0.0,0.0,0.0,0.0,0.0,6.694717533130483e-06,0.0,6.694717533130483e-06,0.0,3.3473587665652417e-06,0.0,6.694717533130483e-06,3.3473587665652417e-06,0.0,1.3389435066260967e-05,3.3473587665652417e-06,0.0,0.0,0.0,3.3473587665652417e-06,0.0,0.0,6.694717533130483e-06,6.694717533130483e-06,1.673679383282621e-05,0.0,3.3473587665652417e-06,1.0042076299695725e-05,3.3473587665652417e-06,2.008415259939145e-05,2.3431511365956693e-05,6.694717533130483e-06,6.694717533130483e-06,6.694717533130483e-06,6.694717533130483e-06,0.0,6.694717533130483e-06,1.0042076299695725e-05,1.673679383282621e-05,3.3473587665652417e-06,3.3473587665652417e-06,0.0,6.694717533130483e-06,1.3389435066260967e-05,6.694717533130483e-06,1.673679383282621e-05,1.3389435066260967e-05,1.0042076299695725e-05,3.3473587665652417e-06,1.673679383282621e-05,1.3389435066260967e-05,1.0042076299695725e-05,1.673679383282621e-05,1.673679383282621e-05,1.0042076299695725e-05,6.694717533130483e-06,4.351566396534814e-05,2.3431511365956693e-05,1.673679383282621e-05,3.347358766565242e-05,2.6778870132521933e-05,4.01683051987829e-05,3.347358766565242e-05,7.364189286443532e-05,3.0126228899087174e-05,3.682094643221766e-05,5.690509903160911e-05,4.351566396534814e-05,6.35998165647396e-05,3.0126228899087174e-05,4.351566396534814e-05,7.029453409787007e-05,3.347358766565242e-05,6.694717533130483e-05,8.368396916413105e-05,6.025245779817435e-05,7.364189286443532e-05,6.35998165647396e-05,6.025245779817435e-05,5.021038149847862e-05,4.351566396534814e-05,4.6863022731913386e-05,5.3557740265043867e-05,7.698925163100056e-05,6.694717533130483e-05,6.694717533130483e-05,5.690509903160911e-05,2.6778870132521933e-05,8.703132793069628e-05,0.00014728378572887064,0.00010042076299695725,8.703132793069628e-05,0.00010711548053008773,5.690509903160911e-05,0.00011046283929665297,6.025245779817435e-05,0.00014058906819574014,0.00010711548053008773,0.0001037681217635225,6.025245779817435e-05,6.025245779817435e-05,7.698925163100056e-05,0.0001205049155963487,7.029453409787007e-05,5.3557740265043867e-05,7.364189286443532e-05,4.01683051987829e-05,7.698925163100056e-05,5.021038149847862e-05,6.35998165647396e-05,6.694717533130483e-05,5.3557740265043867e-05,3.682094643221766e-05,3.682094643221766e-05,3.347358766565242e-05,5.690509903160911e-05,2.008415259939145e-05,3.347358766565242e-05,2.008415259939145e-05,2.6778870132521933e-05,3.0126228899087174e-05,2.008415259939145e-05,1.673679383282621e-05,2.6778870132521933e-05,3.682094643221766e-05,1.3389435066260967e-05,2.008415259939145e-05,1.3389435066260967e-05,2.3431511365956693e-05,1.3389435066260967e-05,6.694717533130483e-06,0.0
3.3473587665652417e-06,1.0042076299695725e-05,1.0042076299695725e-05,6.694717533130483e-06,6.694717533130483e-06,3.3473587665652417e-06,6.694717533130483e-06,3.3473587665652417e-06,6.694717533130483e-06,0.0,0.0,0.0,0.0,1.0042076299695725e-05,3.3473587665652417e-06,6.694717533130483e-06,0.0,3.3473587665652417e-06,6.694717533130483e-06,0.0,0.0,0.0,0.0,0.0,3.3473587665652417e-06,0.0,3.3473587665652417e-06,0.0,0.0,0.0,0.0,3.3473587665652417e-06,6.694717533130483e-06,3.3473587665652417e-06,0.0,0.0,3.3473587665652417e-06,0.0,0.0,0.0,0.0,0.0,0.0,0.0,0.0,0.0,0.0,0.0,0.0,0.0,3.3473587665652417e-06,0.0,6.694717533130483e-06,0.0,3.3473587665652417e-06,0.0,0.0,0.0,0.0,0.0,0.0,2.008415259939145e-05,0.0,0.0,0.0,0.0,0.0,0.0,0.0,0.0,0.0,0.0,0.0,0.0,3.3473587665652417e-06,0.0,0.0,0.0,3.3473587665652417e-06,0.0,3.3473587665652417e-06,0.0,0.0,0.0,3.3473587665652417e-06,0.0,0.0,0.0,0.0,0.0,3.3473587665652417e-06,3.3473587665652417e-06,3.3473587665652417e-06,0.0,3.3473587665652417e-06,0.0,1.0042076299695725e-05,0.0,0.0,3.3473587665652417e-06,1.0042076299695725e-05,0.0,0.0,3.3473587665652417e-06,0.0,0.0,3.3473587665652417e-06,3.3473587665652417e-06,3.3473587665652417e-06,3.3473587665652417e-06,3.3473587665652417e-06,3.3473587665652417e-06,1.673679383282621e-05,3.3473587665652417e-06,3.3473587665652417e-06,3.0126228899087174e-05,3.3473587665652417e-06,2.6778870132521933e-05,1.3389435066260967e-05,2.6778870132521933e-05,5.690509903160911e-05,2.6778870132521933e-05,5.3557740265043867e-05,0.00013389435066260967,8.703132793069628e-05,7.364189286443532e-05,8.03366103975658e-05,9.037868669726152e-05,0.00012385227436291393,0.00011381019806321822,0.00018075737339452304,0.00019414680846078402,0.0002811781363914803,0.0002945675714577413,0.0003682094643221766,0.00042846192212035093,0.0005021038149847862,0.0006192613718145698,0.000679513829612744,0.0007297242111112226,0.0006560823182467873,0.0006895559059124398,0.0007230294935780922,0.0006828611883793093,0.0005857877841489173,0.0005188406088176124,0.0004351566396534814,0.0003949883344546985,0.000401683051987829,0.000304609647757437,0.0003146517240571327,0.00031799908282369795,0.0002443571899592626,0.00023096775489300168,0.0002008415259939145,0.00019079944969421878,0.00019079944969421878,0.00019079944969421878,0.0001841047321610883,0.00017071529709482733,0.00019414680846078402,0.0001774100146279578,0.0001841047321610883,0.0001271996331294792,0.0001841047321610883,8.368396916413105e-05,0.00014058906819574014,0.00013389435066260967,0.00014058906819574014,0.00010042076299695725,0.00010042076299695725,0.00012385227436291393,9.037868669726152e-05,5.3557740265043867e-05,5.690509903160911e-05,7.698925163100056e-05,4.6863022731913386e-05,6.025245779817435e-05,7.029453409787007e-05,2.6778870132521933e-05,6.35998165647396e-05,1.0042076299695725e-05,2.6778870132521933e-05,1.673679383282621e-05,6.694717533130483e-06,1.0042076299695725e-05,1.673679383282621e-05,1.0042076299695725e-05,6.694717533130483e-06,3.3473587665652417e-06,1.0042076299695725e-05,1.0042076299695725e-05,3.3473587665652417e-06,1.3389435066260967e-05,6.694717533130483e-06,2.3431511365956693e-05,6.694717533130483e-06,6.694717533130483e-06,2.008415259939145e-05,6.694717533130483e-06,0.0,3.3473587665652417e-06,3.3473587665652417e-06,3.3473587665652417e-06,0.0,1.0042076299695725e-05,0.0,6.694717533130483e-06,3.3473587665652417e-06,0.0,6.694717533130483e-06,0.0,0.0,0.0,3.3473587665652417e-06,0.0,0.0,0.0,1.0042076299695725e-05,0.0,3.3473587665652417e-06,0.0,3.3473587665652417e-06,0.0,0.0,0.0,0.0,0.0,6.694717533130483e-06,3.3473587665652417e-06,3.3473587665652417e-06,3.3473587665652417e-06,0.0,3.3473587665652417e-06,0.0,3.3473587665652417e-06,0.0,3.3473587665652417e-06,0.0,0.0,1.0042076299695725e-05,0.0,0.0,0.0,0.0,3.3473587665652417e-06,3.3473587665652417e-06,3.3473587665652417e-06,6.694717533130483e-06,0.0,6.694717533130483e-06,3.3473587665652417e-06,3.3473587665652417e-06,1.0042076299695725e-05,6.694717533130483e-06,1.0042076299695725e-05,1.0042076299695725e-05,3.3473587665652417e-06,1.0042076299695725e-05,0.0,3.3473587665652417e-06,1.0042076299695725e-05,3.3473587665652417e-06,1.0042076299695725e-05,3.3473587665652417e-06,1.0042076299695725e-05,1.3389435066260967e-05,3.3473587665652417e-06,2.3431511365956693e-05,1.3389435066260967e-05,6.694717533130483e-06,3.3473587665652417e-06,0.0,6.694717533130483e-06,1.3389435066260967e-05,2.008415259939145e-05,6.694717533130483e-06,6.694717533130483e-06,1.673679383282621e-05,2.3431511365956693e-05,4.01683051987829e-05,1.3389435066260967e-05,1.673679383282621e-05,3.0126228899087174e-05,2.008415259939145e-05,4.6863022731913386e-05,2.6778870132521933e-05,4.351566396534814e-05,2.008415259939145e-05,3.0126228899087174e-05,5.021038149847862e-05,7.698925163100056e-05,4.01683051987829e-05,4.6863022731913386e-05,6.025245779817435e-05,5.021038149847862e-05,5.690509903160911e-05,4.351566396534814e-05,2.6778870132521933e-05,8.03366103975658e-05,4.6863022731913386e-05,5.3557740265043867e-05,6.025245779817435e-05,3.682094643221766e-05,5.690509903160911e-05,6.35998165647396e-05,4.351566396534814e-05,8.03366103975658e-05,8.703132793069628e-05,6.694717533130483e-05,8.03366103975658e-05,8.368396916413105e-05,9.372604546382677e-05,0.0001037681217635225,6.025245779817435e-05,4.6863022731913386e-05,9.037868669726152e-05,9.372604546382677e-05,6.025245779817435e-05,0.00013389435066260967,0.00010042076299695725,0.00010711548053008773,9.372604546382677e-05,0.00011715755682978346,0.00011715755682978346,0.0001372417094291749,0.00010042076299695725,0.00017406265586139257,7.698925163100056e-05,6.025245779817435e-05,8.03366103975658e-05,4.351566396534814e-05,5.3557740265043867e-05,7.029453409787007e-05,6.694717533130483e-05,5.021038149847862e-05,8.703132793069628e-05,7.364189286443532e-05,0.00017406265586139257,8.368396916413105e-05,3.347358766565242e-05,4.6863022731913386e-05,5.021038149847862e-05,5.690509903160911e-05,2.3431511365956693e-05,2.008415259939145e-05,2.008415259939145e-05,4.6863022731913386e-05,2.6778870132521933e-05,2.6778870132521933e-05,2.6778870132521933e-05,2.3431511365956693e-05,2.6778870132521933e-05,1.673679383282621e-05,2.3431511365956693e-05,1.0042076299695725e-05,1.0042076299695725e-05,0.0,3.3473587665652417e-06,6.694717533130483e-06
6.694717533130483e-06,6.694717533130483e-06,3.3473587665652417e-06,0.0,0.0,3.3473587665652417e-06,6.694717533130483e-06,0.0,6.694717533130483e-06,3.3473587665652417e-06,0.0,3.3473587665652417e-06,0.0,1.0042076299695725e-05,3.3473587665652417e-06,0.0,0.0,0.0,0.0,3.3473587665652417e-06,3.3473587665652417e-06,0.0,0.0,0.0,0.0,0.0,0.0,0.0,6.694717533130483e-06,3.3473587665652417e-06,0.0,0.0,3.3473587665652417e-06,0.0,3.3473587665652417e-06,0.0,0.0,0.0,0.0,0.0,0.0,0.0,3.3473587665652417e-06,0.0,0.0,0.0,0.0,0.0,0.0,0.0,0.0,0.0,0.0,0.0,0.0,0.0,0.0,0.0,0.0,0.0,6.694717533130483e-06,0.0,0.0,0.0,0.0,0.0,0.0,0.0,3.3473587665652417e-06,0.0,0.0,0.0,0.0,0.0,0.0,0.0,0.0,0.0,0.0,0.0,0.0,0.0,0.0,0.0,0.0,0.0,3.3473587665652417e-06,0.0,0.0,0.0,0.0,0.0,3.3473587665652417e-06,0.0,0.0,3.3473587665652417e-06,0.0,0.0,0.0,0.0,0.0,6.694717533130483e-06,3.3473587665652417e-06,3.3473587665652417e-06,1.0042076299695725e-05,1.0042076299695725e-05,0.0,0.0,3.3473587665652417e-06,1.0042076299695725e-05,0.0,3.3473587665652417e-06,6.694717533130483e-06,3.3473587665652417e-06,2.6778870132521933e-05,1.3389435066260967e-05,5.3557740265043867e-05,1.673679383282621e-05,1.3389435066260967e-05,2.3431511365956693e-05,4.6863022731913386e-05,5.021038149847862e-05,4.6863022731913386e-05,7.029453409787007e-05,5.3557740265043867e-05,0.00010042076299695725,6.35998165647396e-05,0.00014393642696230538,0.00015397850326200112,0.00015732586202856636,0.00018745209092765354,0.00020418888476047976,0.0002811781363914803,0.00033138851788995895,0.0004887143799185253,0.0005422721201835692,0.0006493876007136568,0.0007464610049440489,0.0008636185617738323,0.0008401870504078756,0.0008903974319063543,0.000913828943272311,0.0008535764854741367,0.000595829860448613,0.000719682134811527,0.00046863022731913383,0.00042846192212035093,0.00038829361692156803,0.0002845254951580455,0.00034143059418965466,0.00032804115912339366,0.00029122021269117605,0.0002644413425586541,0.0002543992662589584,0.000207536243527045,0.00018075737339452304,0.00019749416722734925,0.0002410098311926974,0.00015732586202856636,0.000207536243527045,0.000207536243527045,0.0002008415259939145,0.00013054699189604443,0.00015063114449543588,0.0001606732207951316,0.0001037681217635225,0.00011046283929665297,0.00017071529709482733,9.707340423039201e-05,0.0001372417094291749,7.364189286443532e-05,6.694717533130483e-05,7.698925163100056e-05,6.025245779817435e-05,4.6863022731913386e-05,5.690509903160911e-05,1.673679383282621e-05,6.025245779817435e-05,2.3431511365956693e-05,3.682094643221766e-05,3.347358766565242e-05,4.01683051987829e-05,3.0126228899087174e-05,6.694717533130483e-06,2.3431511365956693e-05,2.008415259939145e-05,1.0042076299695725e-05,6.694717533130483e-06,6.694717533130483e-06,6.694717533130483e-06,3.3473587665652417e-06,1.0042076299695725e-05,3.3473587665652417e-06,6.694717533130483e-06,6.694717533130483e-06,6.694717533130483e-06,1.673679383282621e-05,3.3473587665652417e-06,0.0,0.0,0.0,0.0,0.0,0.0,0.0,0.0,0.0,0.0,6.694717533130483e-06,3.3473587665652417e-06,3.347358766565242e-05,0.0,3.3473587665652417e-06,0.0,0.0,3.3473587665652417e-06,0.0,0.0,0.0,0.0,0.0,0.0,0.0,0.0,0.0,0.0,0.0,3.3473587665652417e-06,0.0,0.0,3.3473587665652417e-06,0.0,0.0,0.0,3.3473587665652417e-06,3.3473587665652417e-06,6.694717533130483e-06,3.3473587665652417e-06,0.0,0.0,0.0,3.3473587665652417e-06,0.0,3.3473587665652417e-06,3.3473587665652417e-06,0.0,6.694717533130483e-06,0.0,3.3473587665652417e-06,6.694717533130483e-06,1.3389435066260967e-05,6.694717533130483e-06,3.3473587665652417e-06,0.0,0.0,1.3389435066260967e-05,0.0,3.3473587665652417e-06,1.0042076299695725e-05,1.3389435066260967e-05,6.694717533130483e-06,1.3389435066260967e-05,6.694717533130483e-06,1.3389435066260967e-05,6.694717533130483e-06,1.3389435066260967e-05,1.0042076299695725e-05,2.008415259939145e-05,1.3389435066260967e-05,3.3473587665652417e-06,1.0042076299695725e-05,1.3389435066260967e-05,6.694717533130483e-06,3.3473587665652417e-06,3.3473587665652417e-06,1.3389435066260967e-05,1.0042076299695725e-05,0.0,1.0042076299695725e-05,3.347358766565242e-05,2.6778870132521933e-05,6.694717533130483e-06,3.347358766565242e-05,1.673679383282621e-05,2.008415259939145e-05,3.347358766565242e-05,2.6778870132521933e-05,4.351566396534814e-05,3.347358766565242e-05,3.682094643221766e-05,5.690509903160911e-05,4.351566396534814e-05,3.347358766565242e-05,6.025245779817435e-05,9.372604546382677e-05,6.694717533130483e-05,3.347358766565242e-05,4.6863022731913386e-05,7.029453409787007e-05,5.690509903160911e-05,5.690509903160911e-05,5.021038149847862e-05,8.03366103975658e-05,6.025245779817435e-05,7.698925163100056e-05,5.3557740265043867e-05,7.364189286443532e-05,4.6863022731913386e-05,9.707340423039201e-05,8.03366103975658e-05,3.0126228899087174e-05,5.3557740265043867e-05,9.037868669726152e-05,5.3557740265043867e-05,0.00014393642696230538,6.694717533130483e-05,9.707340423039201e-05,9.037868669726152e-05,9.037868669726152e-05,0.00011715755682978346,0.00010711548053008773,0.00011046283929665297,0.0001271996331294792,9.037868669726152e-05,0.00010711548053008773,8.368396916413105e-05,0.00010711548053008773,8.03366103975658e-05,8.703132793069628e-05,6.35998165647396e-05,4.351566396534814e-05,6.35998165647396e-05,5.3557740265043867e-05,4.01683051987829e-05,5.021038149847862e-05,9.037868669726152e-05,4.6863022731913386e-05,4.351566396534814e-05,4.6863022731913386e-05,4.351566396534814e-05,5.021038149847862e-05,3.347358766565242e-05,2.3431511365956693e-05,2.6778870132521933e-05,2.008415259939145e-05,2.6778870132521933e-05,2.008415259939145e-05,2.6778870132521933e-05,4.351566396534814e-05,3.347358766565242e-05,1.3389435066260967e-05,2.008415259939145e-05,6.694717533130483e-06,1.0042076299695725e-05,3.3473587665652417e-06,3.3473587665652417e-06,1.0042076299695725e-05,1.673679383282621e-05,3.3473587665652417e-06,6.694717533130483e-06
6.694717533130483e-06,6.694717533130483e-06,0.0,3.3473587665652417e-06,0.0,3.3473587665652417e-06,3.3473587665652417e-06,3.3473587665652417e-06,6.694717533130483e-06,0.0,0.0,0.0,6.694717533130483e-06,1.0042076299695725e-05,0.0,3.3473587665652417e-06,0.0,1.0042076299695725e-05,0.0,3.3473587665652417e-06,0.0,1.3389435066260967e-05,3.3473587665652417e-06,0.0,0.0,0.0,0.0,0.0,0.0,0.0,0.0,0.0,0.0,0.0,0.0,0.0,0.0,0.0,0.0,0.0,0.0,0.0,0.0,0.0,0.0,0.0,3.3473587665652417e-06,0.0,6.694717533130483e-06,0.0,0.0,0.0,0.0,0.0,0.0,0.0,0.0,0.0,0.0,0.0,0.0,0.0,0.0,0.0,3.3473587665652417e-06,0.0,0.0,0.0,0.0,0.0,0.0,0.0,0.0,6.694717533130483e-06,0.0,0.0,0.0,0.0,0.0,0.0,0.0,0.0,0.0,0.0,0.0,0.0,0.0,0.0,0.0,3.3473587665652417e-06,3.3473587665652417e-06,0.0,0.0,0.0,0.0,0.0,0.0,0.0,0.0,0.0,0.0,0.0,3.3473587665652417e-06,6.694717533130483e-06,0.0,0.0,6.694717533130483e-06,6.694717533130483e-06,3.3473587665652417e-06,1.3389435066260967e-05,3.3473587665652417e-06,1.0042076299695725e-05,3.3473587665652417e-06,1.3389435066260967e-05,1.673679383282621e-05,3.3473587665652417e-06,1.673679383282621e-05,1.3389435066260967e-05,4.351566396534814e-05,5.021038149847862e-05,3.682094643221766e-05,5.021038149847862e-05,5.021038149847862e-05,6.35998165647396e-05,8.03366103975658e-05,9.037868669726152e-05,0.00011046283929665297,0.0001606732207951316,0.0001841047321610883,0.0002175783198267407,0.0002510519074923931,0.0002744834188583498,0.0003246938003568284,0.0004552407922528729,0.0005623562727829606,0.0006326508068808307,0.0006828611883793093,0.0008267976153416147,0.000940607813404833,0.0009071342257391805,0.0008636185617738323,0.000913828943272311,0.0008903974319063543,0.0007631977987768751,0.0007263768523446575,0.0006293034481142654,0.0004887143799185253,0.0003782515406218723,0.00039833569322126374,0.00030795700652400224,0.0002979149302243065,0.0002543992662589584,0.0002644413425586541,0.00030126228899087176,0.0002242730373598712,0.00022762039612643644,0.00021088360229361023,0.00020418888476047976,0.00019079944969421878,0.00019414680846078402,0.0001606732207951316,0.00019749416722734925,0.00017071529709482733,0.0001774100146279578,0.00015732586202856636,0.0001606732207951316,8.03366103975658e-05,0.0001372417094291749,0.00010711548053008773,8.03366103975658e-05,6.694717533130483e-05,5.021038149847862e-05,5.021038149847862e-05,3.682094643221766e-05,3.682094643221766e-05,5.3557740265043867e-05,4.6863022731913386e-05,5.021038149847862e-05,6.694717533130483e-06,2.3431511365956693e-05,4.351566396534814e-05,4.01683051987829e-05,1.0042076299695725e-05,1.673679383282621e-05,1.673679383282621e-05,1.3389435066260967e-05,1.673679383282621e-05,3.3473587665652417e-06,6.694717533130483e-06,0.0,1.0042076299695725e-05,0.0,1.3389435066260967e-05,3.3473587665652417e-06,1.3389435066260967e-05,3.3473587665652417e-06,0.0,3.3473587665652417e-06,0.0,3.3473587665652417e-06,0.0,0.0,3.3473587665652417e-06,3.3473587665652417e-06,0.0,0.0,6.694717533130483e-06,3.3473587665652417e-06,3.3473587665652417e-06,0.0,0.0,3.3473587665652417e-06,6.694717533130483e-06,0.0,0.0,0.0,0.0,0.0,0.0,3.3473587665652417e-06,0.0,0.0,3.3473587665652417e-06,0.0,0.0,0.0,3.3473587665652417e-06,0.0,0.0,0.0,0.0,6.694717533130483e-06,0.0,0.0,0.0,0.0,0.0,0.0,0.0,0.0,6.694717533130483e-06,1.3389435066260967e-05,0.0,0.0,0.0,3.3473587665652417e-06,0.0,0.0,0.0,1.0042076299695725e-05,0.0,3.3473587665652417e-06,6.694717533130483e-06,0.0,1.0042076299695725e-05,0.0,6.694717533130483e-06,3.3473587665652417e-06,3.3473587665652417e-06,6.694717533130483e-06,6.694717533130483e-06,0.0,1.673679383282621e-05,0.0,0.0,1.0042076299695725e-05,3.3473587665652417e-06,3.3473587665652417e-06,3.3473587665652417e-06,0.0,1.0042076299695725e-05,0.0,1.3389435066260967e-05,0.0,1.0042076299695725e-05,3.3473587665652417e-06,1.0042076299695725e-05,6.694717533130483e-06,1.0042076299695725e-05,1.0042076299695725e-05,6.694717533130483e-06,2.008415259939145e-05,3.3473587665652417e-06,1.673679383282621e-05,3.347358766565242e-05,2.3431511365956693e-05,1.673679383282621e-05,2.3431511365956693e-05,1.673679383282621e-05,4.01683051987829e-05,4.351566396534814e-05,2.008415259939145e-05,5.021038149847862e-05,4.01683051987829e-05,7.029453409787007e-05,4.351566396534814e-05,5.3557740265043867e-05,4.01683051987829e-05,5.021038149847862e-05,0.0001037681217635225,6.025245779817435e-05,6.694717533130483e-05,6.694717533130483e-05,7.698925163100056e-05,4.351566396534814e-05,4.6863022731913386e-05,5.3557740265043867e-05,8.703132793069628e-05,6.35998165647396e-05,8.368396916413105e-05,8.368396916413105e-05,9.037868669726152e-05,9.037868669726152e-05,0.00011715755682978346,7.029453409787007e-05,8.703132793069628e-05,0.00010042076299695725,7.698925163100056e-05,6.694717533130483e-05,6.694717533130483e-05,0.00013389435066260967,6.694717533130483e-05,9.707340423039201e-05,0.00012385227436291393,0.00010042076299695725,8.368396916413105e-05,9.037868669726152e-05,6.35998165647396e-05,6.694717533130483e-05,5.021038149847862e-05,0.0001037681217635225,5.690509903160911e-05,6.35998165647396e-05,4.6863022731913386e-05,6.694717533130483e-05,5.3557740265043867e-05,3.682094643221766e-05,7.698925163100056e-05,6.025245779817435e-05,5.3557740265043867e-05,4.01683051987829e-05,3.0126228899087174e-05,4.6863022731913386e-05,3.682094643221766e-05,1.3389435066260967e-05,3.0126228899087174e-05,2.6778870132521933e-05,6.694717533130483e-06,1.673679383282621e-05,0.0,1.0042076299695725e-05,0.0,1.3389435066260967e-05,1.3389435066260967e-05,0.0,3.3473587665652417e-06,1.0042076299695725e-05,1.0042076299695725e-05,6.694717533130483e-06,1.0042076299695725e-05
0.0,6.694717533130483e-06,0.0,1.3389435066260967e-05,3.3473587665652417e-06,0.0,0.0,3.3473587665652417e-06,3.3473587665652417e-06,6.694717533130483e-06,1.0042076299695725e-05,0.0,0.0,0.0,0.0,6.694717533130483e-06,0.0,6.694717533130483e-06,0.0,0.0,3.3473587665652417e-06,3.3473587665652417e-06,0.0,0.0,0.0,0.0,0.0,3.3473587665652417e-06,3.3473587665652417e-06,0.0,0.0,0.0,0.0,0.0,0.0,0.0,0.0,0.0,0.0,0.0,0.0,0.0,0.0,0.0,0.0,0.0,0.0,0.0,0.0,0.0,0.0,0.0,0.0,0.0,0.0,0.0,0.0,0.0,6.694717533130483e-06,0.0,0.0,0.0,0.0,0.0,0.0,0.0,0.0,0.0,0.0,0.0,0.0,0.0,0.0,0.0,0.0,0.0,0.0,0.0,0.0,0.0,3.3473587665652417e-06,0.0,0.0,0.0,0.0,0.0,0.0,0.0,0.0,0.0,3.3473587665652417e-06,0.0,3.3473587665652417e-06,0.0,0.0,0.0,0.0,3.3473587665652417e-06,3.3473587665652417e-06,0.0,0.0,6.694717533130483e-06,0.0,3.3473587665652417e-06,0.0,1.0042076299695725e-05,0.0,6.694717533130483e-06,6.694717533130483e-06,1.3389435066260967e-05,3.3473587665652417e-06,1.3389435066260967e-05,1.673679383282621e-05,1.3389435066260967e-05,1.673679383282621e-05,2.008415259939145e-05,3.0126228899087174e-05,1.0042076299695725e-05,3.0126228899087174e-05,3.347358766565242e-05,4.01683051987829e-05,3.0126228899087174e-05,9.707340423039201e-05,0.0001037681217635225,9.707340423039201e-05,0.00010711548053008773,0.00012385227436291393,0.00019079944969421878,0.0001271996331294792,0.00019749416722734925,0.00035147267048935037,0.00033138851788995895,0.00045189343348630765,0.00047867230361882954,0.0006326508068808307,0.0007565030812437446,0.000816755539041919,0.0009104815845057458,0.0011113231104996602,0.0010778495228340077,0.0009473025309379634,0.0009037868669726153,0.0008569238442407019,0.0008000187452090928,0.0006862085471458745,0.0005657036315495259,0.0004351566396534814,0.0003347358766565242,0.0003347358766565242,0.00039164097568813327,0.00034812531172278514,0.00039833569322126374,0.0002644413425586541,0.00026778870132521934,0.00018745209092765354,0.00026109398379208887,0.0002543992662589584,0.00021423096106017547,0.00018745209092765354,0.00020418888476047976,0.00019414680846078402,0.0001841047321610883,0.00015063114449543588,0.00020418888476047976,0.00013389435066260967,0.00011381019806321822,0.0001673679383282621,8.368396916413105e-05,0.00013054699189604443,8.368396916413105e-05,7.029453409787007e-05,5.3557740265043867e-05,7.364189286443532e-05,5.3557740265043867e-05,2.6778870132521933e-05,5.021038149847862e-05,3.0126228899087174e-05,3.0126228899087174e-05,2.008415259939145e-05,3.0126228899087174e-05,1.3389435066260967e-05,2.008415259939145e-05,2.3431511365956693e-05,6.694717533130483e-06,1.673679383282621e-05,3.3473587665652417e-06,0.0,3.3473587665652417e-06,2.008415259939145e-05,6.694717533130483e-06,0.0,1.0042076299695725e-05,6.694717533130483e-06,6.694717533130483e-06,2.3431511365956693e-05,0.0,6.694717533130483e-06,0.0,0.0,0.0,0.0,0.0,0.0,0.0,0.0,6.694717533130483e-06,0.0,3.3473587665652417e-06,0.0,0.0,0.0,3.682094643221766e-05,0.0,0.0,3.3473587665652417e-06,0.0,3.3473587665652417e-06,0.0,0.0,0.0,0.0,0.0,0.0,0.0,0.0,0.0,0.0,0.0,0.0,6.694717533130483e-06,3.3473587665652417e-06,0.0,0.0,0.0,0.0,1.0042076299695725e-05,0.0,3.3473587665652417e-06,6.694717533130483e-06,0.0,0.0,0.0,3.3473587665652417e-06,3.3473587665652417e-06,0.0,3.3473587665652417e-06,3.3473587665652417e-06,0.0,0.0,0.0,0.0,3.3473587665652417e-06,6.694717533130483e-06,6.694717533130483e-06,3.3473587665652417e-06,6.694717533130483e-06,6.694717533130483e-06,0.0,1.3389435066260967e-05,6.694717533130483e-06,0.0,6.694717533130483e-06,0.0,1.0042076299695725e-05,0.0,3.3473587665652417e-06,0.0,3.3473587665652417e-06,3.3473587665652417e-06,0.0,1.3389435066260967e-05,1.3389435066260967e-05,1.3389435066260967e-05,3.3473587665652417e-06,6.694717533130483e-06,6.694717533130483e-06,0.0,6.694717533130483e-06,3.3473587665652417e-06,1.673679383282621e-05,1.673679383282621e-05,3.3473587665652417e-06,6.694717533130483e-06,1.0042076299695725e-05,1.673679383282621e-05,1.3389435066260967e-05,6.694717533130483e-06,1.0042076299695725e-05,4.01683051987829e-05,4.351566396534814e-05,6.694717533130483e-06,3.682094643221766e-05,2.008415259939145e-05,1.0042076299695725e-05,4.6863022731913386e-05,5.021038149847862e-05,6.025245779817435e-05,4.6863022731913386e-05,2.3431511365956693e-05,6.35998165647396e-05,0.0001037681217635225,3.682094643221766e-05,6.025245779817435e-05,3.347358766565242e-05,7.029453409787007e-05,3.682094643221766e-05,6.35998165647396e-05,7.698925163100056e-05,6.35998165647396e-05,0.0001037681217635225,7.364189286443532e-05,0.00011046283929665297,8.03366103975658e-05,0.0001037681217635225,9.372604546382677e-05,9.707340423039201e-05,9.707340423039201e-05,8.03366103975658e-05,7.029453409787007e-05,0.0002008415259939145,0.00013389435066260967,0.00012385227436291393,9.372604546382677e-05,5.3557740265043867e-05,0.00010042076299695725,6.35998165647396e-05,8.368396916413105e-05,8.368396916413105e-05,6.025245779817435e-05,0.00010042076299695725,5.3557740265043867e-05,7.698925163100056e-05,4.6863022731913386e-05,5.3557740265043867e-05,4.351566396534814e-05,3.682094643221766e-05,2.3431511365956693e-05,3.682094643221766e-05,2.6778870132521933e-05,7.364189286443532e-05,5.021038149847862e-05,1.673679383282621e-05,3.347358766565242e-05,3.347358766565242e-05,2.6778870132521933e-05,1.3389435066260967e-05,2.3431511365956693e-05,2.3431511365956693e-05,2.3431511365956693e-05,2.6778870132521933e-05,1.3389435066260967e-05,6.694717533130483e-06,2.008415259939145e-05,3.3473587665652417e-06,3.3473587665652417e-06,1.0042076299695725e-05,0.0,6.694717533130483e-06,1.0042076299695725e-05,0.0
6.694717533130483e-06,3.3473587665652417e-06,3.3473587665652417e-06,3.3473587665652417e-06,0.0,0.0,0.0,6.694717533130483e-06,3.3473587665652417e-06,0.0,0.0,0.0,6.694717533130483e-06,0.0,0.0,0.0,0.0,0.0,3.3473587665652417e-06,0.0,0.0,6.694717533130483e-06,0.0,0.0,0.0,0.0,0.0,0.0,0.0,0.0,0.0,0.0,0.0,0.0,0.0,0.0,0.0,0.0,0.0,0.0,0.0,3.3473587665652417e-06,0.0,0.0,0.0,0.0,0.0,0.0,0.0,0.0,0.0,0.0,0.0,0.0,0.0,0.0,0.0,0.0,0.0,6.694717533130483e-06,0.0,0.0,0.0,0.0,0.0,0.0,0.0,0.0,0.0,0.0,0.0,0.0,0.0,0.0,0.0,0.0,0.0,0.0,3.3473587665652417e-06,0.0,0.0,0.0,3.3473587665652417e-06,6.694717533130483e-06,0.0,0.0,3.3473587665652417e-06,0.0,0.0,0.0,0.0,3.3473587665652417e-06,0.0,0.0,3.3473587665652417e-06,0.0,0.0,0.0,3.3473587665652417e-06,3.3473587665652417e-06,0.0,0.0,3.3473587665652417e-06,3.3473587665652417e-06,0.0,0.0,3.3473587665652417e-06,1.0042076299695725e-05,3.3473587665652417e-06,2.3431511365956693e-05,1.0042076299695725e-05,6.694717533130483e-06,6.694717533130483e-06,1.673679383282621e-05,1.3389435066260967e-05,3.347358766565242e-05,6.694717533130483e-06,2.008415259939145e-05,3.0126228899087174e-05,4.01683051987829e-05,4.351566396534814e-05,5.3557740265043867e-05,6.35998165647396e-05,0.00010042076299695725,0.00010711548053008773,0.00013054699189604443,0.00014728378572887064,0.0001606732207951316,0.00026109398379208887,0.00029122021269117605,0.00035816738802248085,0.00041172512828752475,0.0005355774026504387,0.000622608730581135,0.0006995979822121356,0.00090043950820605,0.000913828943272311,0.0009774287598370505,0.0009473025309379634,0.0010477232939349206,0.0010175970650358336,0.0008669659205403976,0.0008970921494394848,0.0007397662874109184,0.0007163347760449617,0.0006694717533130484,0.00045189343348630765,0.0004652828685525686,0.00042176720458722046,0.0002811781363914803,0.00028787285392461076,0.0002945675714577413,0.00027783077762491505,0.0002443571899592626,0.00023431511365956692,0.00026778870132521934,0.00023096775489300168,0.0001774100146279578,0.0001841047321610883,0.00017406265586139257,0.00019414680846078402,0.00014058906819574014,0.00019414680846078402,0.00011046283929665297,0.00011381019806321822,0.00014728378572887064,0.0001205049155963487,6.35998165647396e-05,5.690509903160911e-05,5.690509903160911e-05,6.025245779817435e-05,2.6778870132521933e-05,3.682094643221766e-05,3.347358766565242e-05,4.351566396534814e-05,2.6778870132521933e-05,1.673679383282621e-05,1.3389435066260967e-05,1.673679383282621e-05,3.0126228899087174e-05,1.673679383282621e-05,3.3473587665652417e-06,3.347358766565242e-05,1.0042076299695725e-05,1.0042076299695725e-05,0.0,2.008415259939145e-05,1.0042076299695725e-05,6.694717533130483e-06,6.694717533130483e-06,0.0,3.3473587665652417e-06,1.0042076299695725e-05,6.694717533130483e-06,3.3473587665652417e-06,0.0,0.0,3.3473587665652417e-06,0.0,0.0,0.0,0.0,0.0,0.0,0.0,0.0,0.0,0.0,3.3473587665652417e-06,0.0,0.0,3.3473587665652417e-06,0.0,0.0,0.0,0.0,0.0,0.0,0.0,0.0,0.0,3.3473587665652417e-06,0.0,0.0,0.0,0.0,0.0,0.0,0.0,0.0,0.0,0.0,0.0,0.0,3.3473587665652417e-06,0.0,3.3473587665652417e-06,0.0,0.0,0.0,0.0,0.0,0.0,6.694717533130483e-06,0.0,0.0,0.0,3.3473587665652417e-06,0.0,1.0042076299695725e-05,0.0,1.0042076299695725e-05,6.694717533130483e-06,0.0,0.0,3.3473587665652417e-06,6.694717533130483e-06,0.0,3.3473587665652417e-06,6.694717533130483e-06,0.0,0.0,6.694717533130483e-06,0.0,3.3473587665652417e-06,6.694717533130483e-06,3.3473587665652417e-06,0.0,3.3473587665652417e-06,3.3473587665652417e-06,1.0042076299695725e-05,1.3389435066260967e-05,6.694717533130483e-06,6.694717533130483e-06,0.0,0.0,3.3473587665652417e-06,3.3473587665652417e-06,1.673679383282621e-05,6.694717533130483e-06,1.0042076299695725e-05,3.3473587665652417e-06,1.3389435066260967e-05,6.694717533130483e-06,1.3389435066260967e-05,3.3473587665652417e-06,6.694717533130483e-06,2.3431511365956693e-05,3.0126228899087174e-05,2.3431511365956693e-05,2.6778870132521933e-05,3.682094643221766e-05,3.682094643221766e-05,5.3557740265043867e-05,4.351566396534814e-05,3.0126228899087174e-05,3.347358766565242e-05,6.025245779817435e-05,6.025245779817435e-05,5.690509903160911e-05,7.698925163100056e-05,7.029453409787007e-05,9.707340423039201e-05,0.00010042076299695725,4.351566396534814e-05,9.037868669726152e-05,5.021038149847862e-05,7.029453409787007e-05,0.00010042076299695725,5.3557740265043867e-05,7.698925163100056e-05,7.698925163100056e-05,9.037868669726152e-05,8.03366103975658e-05,9.372604546382677e-05,0.00011046283929665297,9.707340423039201e-05,6.694717533130483e-05,8.03366103975658e-05,0.0001037681217635225,0.00011715755682978346,0.00011381019806321822,0.00010711548053008773,8.368396916413105e-05,8.368396916413105e-05,9.037868669726152e-05,8.368396916413105e-05,9.037868669726152e-05,8.03366103975658e-05,5.3557740265043867e-05,5.690509903160911e-05,7.364189286443532e-05,5.021038149847862e-05,7.029453409787007e-05,8.703132793069628e-05,3.682094643221766e-05,1.3389435066260967e-05,5.021038149847862e-05,4.01683051987829e-05,1.673679383282621e-05,6.025245779817435e-05,6.694717533130483e-06,1.3389435066260967e-05,1.3389435066260967e-05,1.673679383282621e-05,2.008415259939145e-05,1.3389435066260967e-05,1.673679383282621e-05,1.3389435066260967e-05,3.3473587665652417e-06,2.008415259939145e-05,1.3389435066260967e-05,6.694717533130483e-06,6.694717533130483e-06,3.3473587665652417e-06,0.0,6.694717533130483e-06,0.0,6.694717533130483e-06,0.0
3.3473587665652417e-06,0.0,6.694717533130483e-06,0.0,3.3473587665652417e-06,3.3473587665652417e-06,3.3473587665652417e-06,6.694717533130483e-06,0.0,6.694717533130483e-06,0.0,0.0,0.0,0.0,3.3473587665652417e-06,6.694717533130483e-06,0.0,0.0,0.0,0.0,0.0,0.0,0.0,0.0,0.0,0.0,0.0,0.0,0.0,3.3473587665652417e-06,0.0,0.0,0.0,0.0,0.0,0.0,0.0,0.0,0.0,0.0,3.3473587665652417e-06,0.0,0.0,0.0,0.0,0.0,0.0,0.0,0.0,0.0,0.0,0.0,0.0,0.0,0.0,0.0,0.0,0.0,0.0,0.0,0.0,0.0,0.0,0.0,0.0,0.0,0.0,0.0,0.0,0.0,0.0,0.0,0.0,0.0,0.0,0.0,0.0,0.0,0.0,0.0,0.0,0.0,0.0,6.694717533130483e-06,0.0,0.0,0.0,0.0,0.0,0.0,3.3473587665652417e-06,0.0,0.0,0.0,0.0,3.3473587665652417e-06,6.694717533130483e-06,3.3473587665652417e-06,0.0,3.3473587665652417e-06,3.3473587665652417e-06,0.0,3.3473587665652417e-06,0.0,3.3473587665652417e-06,3.3473587665652417e-06,1.0042076299695725e-05,6.694717533130483e-06,1.3389435066260967e-05,0.0,1.3389435066260967e-05,1.3389435066260967e-05,6.694717533130483e-06,3.3473587665652417e-06,2.008415259939145e-05,1.0042076299695725e-05,2.008415259939145e-05,2.3431511365956693e-05,1.0042076299695725e-05,5.690509903160911e-05,2.3431511365956693e-05,5.3557740265043867e-05,8.03366103975658e-05,3.347358766565242e-05,0.00014058906819574014,0.00011715755682978346,0.000207536243527045,0.00018745209092765354,0.00021423096106017547,0.0003347358766565242,0.0002945675714577413,0.0003849462581550028,0.0005422721201835692,0.0005757457078492215,0.0008401870504078756,0.0010309865001020945,0.0009774287598370505,0.0010544180114680512,0.0010309865001020945,0.0010577653702346164,0.0010544180114680512,0.0008703132793069628,0.0008334923328747452,0.0005991772192151782,0.0005657036315495259,0.00046863022731913383,0.0005188406088176124,0.00041507248705409,0.00041507248705409,0.0003615147467890461,0.0003648621055556113,0.00029122021269117605,0.00033138851788995895,0.0002711360600917846,0.0002410098311926974,0.0002443571899592626,0.0001606732207951316,0.00017406265586139257,0.00023766247242613215,0.00012385227436291393,0.00014393642696230538,0.00015732586202856636,0.00010711548053008773,0.00013389435066260967,0.0001271996331294792,6.35998165647396e-05,4.01683051987829e-05,6.694717533130483e-05,6.35998165647396e-05,6.694717533130483e-05,3.347358766565242e-05,1.3389435066260967e-05,2.3431511365956693e-05,3.682094643221766e-05,2.008415259939145e-05,2.008415259939145e-05,3.347358766565242e-05,3.682094643221766e-05,1.0042076299695725e-05,2.008415259939145e-05,1.673679383282621e-05,3.3473587665652417e-06,1.0042076299695725e-05,2.008415259939145e-05,1.3389435066260967e-05,1.3389435066260967e-05,3.3473587665652417e-06,3.3473587665652417e-06,1.3389435066260967e-05,0.0,3.3473587665652417e-06,0.0,3.3473587665652417e-06,6.694717533130483e-06,6.694717533130483e-06,0.0,0.0,6.694717533130483e-06,0.0,3.3473587665652417e-06,3.3473587665652417e-06,0.0,3.3473587665652417e-06,0.0,0.0,0.0,6.694717533130483e-06,6.694717533130483e-06,3.3473587665652417e-06,0.0,0.0,0.0,0.0,0.0,0.0,0.0,0.0,0.0,0.0,0.0,0.0,0.0,3.3473587665652417e-06,0.0,0.0,0.0,0.0,0.0,0.0,0.0,0.0,0.0,0.0,0.0,0.0,0.0,0.0,0.0,0.0,0.0,0.0,0.0,0.0,0.0,3.3473587665652417e-06,0.0,6.694717533130483e-06,3.3473587665652417e-06,3.3473587665652417e-06,0.0,3.3473587665652417e-06,3.3473587665652417e-06,0.0,3.3473587665652417e-06,3.3473587665652417e-06,3.3473587665652417e-06,0.0,0.0,0.0,6.694717533130483e-06,1.3389435066260967e-05,6.694717533130483e-06,0.0,0.0,0.0,3.3473587665652417e-06,3.3473587665652417e-06,3.3473587665652417e-06,3.3473587665652417e-06,0.0,3.3473587665652417e-06,0.0,6.694717533130483e-06,0.0,6.694717533130483e-06,3.3473587665652417e-06,6.694717533130483e-06,0.0,6.694717533130483e-06,1.3389435066260967e-05,3.3473587665652417e-06,1.0042076299695725e-05,6.694717533130483e-06,2.3431511365956693e-05,2.3431511365956693e-05,2.008415259939145e-05,1.0042076299695725e-05,1.3389435066260967e-05,1.3389435066260967e-05,2.6778870132521933e-05,3.0126228899087174e-05,3.0126228899087174e-05,3.682094643221766e-05,2.3431511365956693e-05,4.351566396534814e-05,6.025245779817435e-05,6.35998165647396e-05,4.351566396534814e-05,5.3557740265043867e-05,6.35998165647396e-05,4.351566396534814e-05,5.690509903160911e-05,7.029453409787007e-05,9.372604546382677e-05,0.0001271996331294792,5.021038149847862e-05,4.01683051987829e-05,9.707340423039201e-05,6.694717533130483e-05,7.364189286443532e-05,5.3557740265043867e-05,0.0001271996331294792,7.698925163100056e-05,0.00010711548053008773,9.372604546382677e-05,7.698925163100056e-05,9.707340423039201e-05,0.00015732586202856636,8.03366103975658e-05,6.35998165647396e-05,0.0001271996331294792,9.037868669726152e-05,9.372604546382677e-05,9.037868669726152e-05,0.00010711548053008773,8.703132793069628e-05,4.6863022731913386e-05,4.351566396534814e-05,6.694717533130483e-05,6.694717533130483e-05,7.029453409787007e-05,5.690509903160911e-05,4.6863022731913386e-05,4.6863022731913386e-05,6.694717533130483e-05,4.6863022731913386e-05,4.01683051987829e-05,4.351566396534814e-05,3.0126228899087174e-05,1.3389435066260967e-05,3.682094643221766e-05,1.673679383282621e-05,6.694717533130483e-06,1.0042076299695725e-05,2.6778870132521933e-05,3.0126228899087174e-05,1.0042076299695725e-05,1.0042076299695725e-05,1.0042076299695725e-05,6.694717533130483e-06,1.673679383282621e-05,1.3389435066260967e-05,1.0042076299695725e-05,1.0042076299695725e-05,3.3473587665652417e-06,0.0,6.694717533130483e-06,3.3473587665652417e-06,6.694717533130483e-06,3.3473587665652417e-06
0.0,6.694717533130483e-06,0.0,0.0,3.3473587665652417e-06,0.0,3.3473587665652417e-06,0.0,3.3473587665652417e-06,3.3473587665652417e-06,0.0,0.0,0.0,0.0,3.3473587665652417e-06,0.0,3.3473587665652417e-06,0.0,0.0,0.0,0.0,0.0,0.0,0.0,0.0,3.3473587665652417e-06,0.0,0.0,0.0,0.0,0.0,0.0,0.0,0.0,0.0,0.0,0.0,0.0,0.0,0.0,0.0,0.0,0.0,0.0,0.0,0.0,3.3473587665652417e-06,0.0,0.0,0.0,0.0,0.0,0.0,0.0,0.0,0.0,0.0,0.0,0.0,0.0,0.0,0.0,0.0,0.0,0.0,0.0,0.0,0.0,0.0,3.3473587665652417e-06,0.0,0.0,0.0,0.0,0.0,0.0,0.0,0.0,0.0,0.0,0.0,0.0,0.0,0.0,0.0,0.0,0.0,0.0,0.0,0.0,0.0,3.3473587665652417e-06,0.0,0.0,0.0,0.0,0.0,0.0,3.3473587665652417e-06,0.0,3.3473587665652417e-06,0.0,3.3473587665652417e-06,0.0,0.0,3.3473587665652417e-06,3.3473587665652417e-06,6.694717533130483e-06,1.0042076299695725e-05,0.0,3.3473587665652417e-06,1.0042076299695725e-05,2.008415259939145e-05,3.3473587665652417e-06,1.3389435066260967e-05,1.673679383282621e-05,1.0042076299695725e-05,1.673679383282621e-05,3.347358766565242e-05,2.6778870132521933e-05,2.008415259939145e-05,5.690509903160911e-05,7.029453409787007e-05,0.00010042076299695725,0.00010042076299695725,0.0001606732207951316,0.0001673679383282621,0.00023096775489300168,0.00027783077762491505,0.0003682094643221766,0.00043180928088691617,0.0005590089140163954,0.0004585881510194381,0.0006460402419470917,0.0007732398750765709,0.000913828943272311,0.000887050073139789,0.0011280599043324865,0.001121365186799356,0.000984123477370181,0.0007698925163100056,0.00083014497410818,0.000706292699745266,0.0006125666542814392,0.0004954090974516557,0.0004652828685525686,0.00042176720458722046,0.0003782515406218723,0.00038159889938843756,0.0002979149302243065,0.00026778870132521934,0.00027783077762491505,0.00023431511365956692,0.00019414680846078402,0.0002979149302243065,0.0001774100146279578,0.00018745209092765354,0.0001774100146279578,0.00015397850326200112,0.0001205049155963487,0.0001037681217635225,0.00011381019806321822,0.00014393642696230538,0.00015397850326200112,9.372604546382677e-05,8.368396916413105e-05,4.6863022731913386e-05,7.364189286443532e-05,4.01683051987829e-05,2.3431511365956693e-05,4.01683051987829e-05,2.008415259939145e-05,3.347358766565242e-05,2.6778870132521933e-05,1.3389435066260967e-05,1.0042076299695725e-05,1.673679383282621e-05,1.0042076299695725e-05,1.0042076299695725e-05,1.673679383282621e-05,2.008415259939145e-05,2.3431511365956693e-05,3.3473587665652417e-06,1.673679383282621e-05,1.673679383282621e-05,2.008415259939145e-05,1.0042076299695725e-05,1.0042076299695725e-05,1.3389435066260967e-05,1.0042076299695725e-05,3.3473587665652417e-06,3.682094643221766e-05,0.0,1.0042076299695725e-05,3.3473587665652417e-06,3.3473587665652417e-06,3.3473587665652417e-06,0.0,6.694717533130483e-06,0.0,0.0,6.694717533130483e-06,0.0,6.694717533130483e-06,0.0,0.0,0.0,0.0,3.3473587665652417e-06,0.0,0.0,0.0,0.0,3.3473587665652417e-06,0.0,0.0,3.3473587665652417e-06,0.0,0.0,0.0,0.0,0.0,0.0,0.0,0.0,0.0,0.0,0.0,0.0,0.0,0.0,0.0,0.0,0.0,3.3473587665652417e-06,0.0,0.0,0.0,0.0,0.0,3.3473587665652417e-06,3.3473587665652417e-06,0.0,0.0,0.0,0.0,0.0,0.0,0.0,0.0,0.0,0.0,3.3473587665652417e-06,0.0,0.0,0.0,0.0,0.0,0.0,0.0,3.3473587665652417e-06,0.0,3.3473587665652417e-06,0.0,0.0,3.3473587665652417e-06,6.694717533130483e-06,0.0,3.3473587665652417e-06,0.0,3.3473587665652417e-06,0.0,0.0,0.0,6.694717533130483e-06,6.694717533130483e-06,6.694717533130483e-06,3.3473587665652417e-06,0.0,3.3473587665652417e-06,2.008415259939145e-05,6.694717533130483e-06,1.0042076299695725e-05,0.0,1.3389435066260967e-05,1.0042076299695725e-05,6.694717533130483e-06,1.0042076299695725e-05,1.0042076299695725e-05,1.673679383282621e-05,3.682094643221766e-05,1.0042076299695725e-05,1.3389435066260967e-05,3.347358766565242e-05,4.6863022731913386e-05,5.021038149847862e-05,4.351566396534814e-05,7.029453409787007e-05,4.6863022731913386e-05,3.347358766565242e-05,7.029453409787007e-05,5.3557740265043867e-05,6.025245779817435e-05,0.00011046283929665297,4.351566396534814e-05,7.029453409787007e-05,4.01683051987829e-05,0.0001037681217635225,9.037868669726152e-05,9.037868669726152e-05,7.364189286443532e-05,4.6863022731913386e-05,0.00012385227436291393,0.00011715755682978346,0.00010042076299695725,8.703132793069628e-05,8.368396916413105e-05,6.025245779817435e-05,0.00011715755682978346,0.00011381019806321822,0.00015063114449543588,8.703132793069628e-05,9.372604546382677e-05,8.03366103975658e-05,8.03366103975658e-05,7.364189286443532e-05,7.698925163100056e-05,8.368396916413105e-05,3.347358766565242e-05,8.703132793069628e-05,7.698925163100056e-05,7.698925163100056e-05,4.01683051987829e-05,4.351566396534814e-05,7.364189286443532e-05,3.682094643221766e-05,5.021038149847862e-05,5.690509903160911e-05,2.6778870132521933e-05,4.351566396534814e-05,4.6863022731913386e-05,1.0042076299695725e-05,1.3389435066260967e-05,5.690509903160911e-05,1.0042076299695725e-05,1.673679383282621e-05,1.3389435066260967e-05,2.008415259939145e-05,6.694717533130483e-06,1.3389435066260967e-05,1.0042076299695725e-05,6.694717533130483e-06,1.0042076299695725e-05,0.0,0.0,3.3473587665652417e-06,3.3473587665652417e-06,3.3473587665652417e-06,6.694717533130483e-06,0.0
1.0042076299695725e-05,0.0,3.3473587665652417e-06,3.3473587665652417e-06,3.3473587665652417e-06,0.0,0.0,0.0,0.0,0.0,0.0,6.694717533130483e-06,3.3473587665652417e-06,0.0,0.0,0.0,0.0,0.0,3.3473587665652417e-06,0.0,0.0,0.0,0.0,0.0,0.0,0.0,0.0,0.0,0.0,0.0,0.0,0.0,0.0,0.0,0.0,0.0,0.0,0.0,0.0,0.0,0.0,3.3473587665652417e-06,0.0,0.0,0.0,0.0,0.0,0.0,0.0,0.0,0.0,0.0,0.0,0.0,0.0,0.0,0.0,0.0,0.0,0.0,0.0,0.0,0.0,0.0,0.0,0.0,0.0,0.0,0.0,0.0,3.3473587665652417e-06,0.0,0.0,0.0,0.0,0.0,0.0,0.0,0.0,0.0,0.0,0.0,0.0,0.0,0.0,0.0,1.0042076299695725e-05,3.3473587665652417e-06,0.0,0.0,0.0,0.0,0.0,0.0,0.0,0.0,0.0,0.0,3.3473587665652417e-06,3.3473587665652417e-06,3.3473587665652417e-06,0.0,1.3389435066260967e-05,2.6778870132521933e-05,1.3389435066260967e-05,3.3473587665652417e-06,1.0042076299695725e-05,3.3473587665652417e-06,0.0,0.0,1.0042076299695725e-05,1.0042076299695725e-05,2.008415259939145e-05,2.6778870132521933e-05,1.3389435066260967e-05,2.3431511365956693e-05,2.6778870132521933e-05,1.3389435066260967e-05,2.6778870132521933e-05,4.351566396534814e-05,3.347358766565242e-05,5.3557740265043867e-05,6.694717533130483e-05,0.00010711548053008773,0.00011381019806321822,0.00011715755682978346,0.00018075737339452304,0.0002443571899592626,0.00034812531172278514,0.00034143059418965466,0.0004050304107543942,0.0005087985325179168,0.0006192613718145698,0.0006025245779817435,0.000816755539041919,0.0009305657371051372,0.0009640393247707896,0.0008000187452090928,0.0009037868669726153,0.0008970921494394848,0.0007297242111112226,0.0006293034481142654,0.0006728191120796136,0.00046193550978600336,0.00047197758608569907,0.00045189343348630765,0.00041172512828752475,0.00037155682308874185,0.00034143059418965466,0.0002410098311926974,0.00026778870132521934,0.0002008415259939145,0.00021088360229361023,0.00022762039612643644,0.00023766247242613215,0.00019749416722734925,0.0001841047321610883,0.00014393642696230538,0.0001271996331294792,6.694717533130483e-05,0.00012385227436291393,9.707340423039201e-05,7.029453409787007e-05,6.025245779817435e-05,8.368396916413105e-05,7.698925163100056e-05,6.35998165647396e-05,6.025245779817435e-05,5.021038149847862e-05,3.347358766565242e-05,2.008415259939145e-05,2.3431511365956693e-05,2.008415259939145e-05,1.3389435066260967e-05,2.008415259939145e-05,3.0126228899087174e-05,1.0042076299695725e-05,1.673679383282621e-05,1.673679383282621e-05,1.3389435066260967e-05,1.0042076299695725e-05,1.0042076299695725e-05,0.0,6.694717533130483e-06,1.673679383282621e-05,1.0042076299695725e-05,3.3473587665652417e-06,6.694717533130483e-06,1.673679383282621e-05,6.694717533130483e-06,0.0,0.0,1.0042076299695725e-05,3.3473587665652417e-06,0.0,0.0,0.0,0.0,3.3473587665652417e-06,3.3473587665652417e-06,0.0,0.0,0.0,0.0,0.0,0.0,0.0,0.0,0.0,0.0,0.0,0.0,3.3473587665652417e-06,0.0,0.0,0.0,0.0,0.0,0.0,0.0,0.0,0.0,0.0,0.0,0.0,0.0,0.0,0.0,0.0,0.0,0.0,0.0,0.0,0.0,0.0,0.0,0.0,0.0,0.0,0.0,0.0,0.0,0.0,0.0,0.0,0.0,0.0,0.0,0.0,0.0,0.0,0.0,0.0,3.3473587665652417e-06,6.694717533130483e-06,0.0,0.0,0.0,0.0,0.0,3.3473587665652417e-06,3.3473587665652417e-06,6.694717533130483e-06,3.3473587665652417e-06,6.694717533130483e-06,0.0,0.0,0.0,3.3473587665652417e-06,0.0,3.3473587665652417e-06,3.3473587665652417e-06,0.0,0.0,0.0,0.0,3.3473587665652417e-06,3.3473587665652417e-06,6.694717533130483e-06,3.3473587665652417e-06,1.3389435066260967e-05,1.673679383282621e-05,6.694717533130483e-06,0.0,1.0042076299695725e-05,1.0042076299695725e-05,6.694717533130483e-06,1.0042076299695725e-05,1.0042076299695725e-05,1.0042076299695725e-05,1.673679383282621e-05,6.694717533130483e-06,1.3389435066260967e-05,3.347358766565242e-05,4.01683051987829e-05,5.690509903160911e-05,4.01683051987829e-05,7.364189286443532e-05,4.6863022731913386e-05,5.3557740265043867e-05,3.682094643221766e-05,2.6778870132521933e-05,9.037868669726152e-05,6.025245779817435e-05,9.037868669726152e-05,5.690509903160911e-05,6.694717533130483e-05,6.025245779817435e-05,8.03366103975658e-05,8.368396916413105e-05,7.029453409787007e-05,7.698925163100056e-05,8.03366103975658e-05,0.00011046283929665297,8.368396916413105e-05,0.00011715755682978346,0.0001271996331294792,7.698925163100056e-05,7.364189286443532e-05,5.021038149847862e-05,9.707340423039201e-05,9.037868669726152e-05,6.025245779817435e-05,8.03366103975658e-05,0.00010042076299695725,5.3557740265043867e-05,7.698925163100056e-05,4.6863022731913386e-05,5.021038149847862e-05,5.690509903160911e-05,6.025245779817435e-05,4.01683051987829e-05,4.6863022731913386e-05,3.682094643221766e-05,5.3557740265043867e-05,5.021038149847862e-05,4.351566396534814e-05,4.01683051987829e-05,5.3557740265043867e-05,2.3431511365956693e-05,2.6778870132521933e-05,2.008415259939145e-05,1.0042076299695725e-05,2.6778870132521933e-05,1.3389435066260967e-05,3.0126228899087174e-05,1.0042076299695725e-05,1.0042076299695725e-05,0.0,1.0042076299695725e-05,1.673679383282621e-05,6.694717533130483e-06,0.0,0.0,3.3473587665652417e-06,6.694717533130483e-06,6.694717533130483e-06,3.3473587665652417e-06,0.0,0.0
0.0,0.0,0.0,3.3473587665652417e-06,0.0,0.0,0.0,0.0,2.008415259939145e-05,0.0,3.3473587665652417e-06,0.0,3.3473587665652417e-06,3.3473587665652417e-06,0.0,0.0,3.3473587665652417e-06,0.0,0.0,0.0,0.0,0.0,0.0,0.0,0.0,0.0,0.0,0.0,3.3473587665652417e-06,0.0,0.0,0.0,0.0,0.0,0.0,0.0,3.3473587665652417e-06,0.0,0.0,3.3473587665652417e-06,0.0,0.0,0.0,0.0,0.0,0.0,0.0,0.0,0.0,0.0,0.0,0.0,0.0,0.0,0.0,0.0,0.0,3.3473587665652417e-06,0.0,3.3473587665652417e-06,0.0,0.0,0.0,0.0,0.0,0.0,0.0,0.0,0.0,0.0,0.0,0.0,0.0,0.0,0.0,0.0,0.0,0.0,3.3473587665652417e-06,3.3473587665652417e-06,0.0,0.0,0.0,0.0,0.0,0.0,0.0,0.0,0.0,0.0,3.3473587665652417e-06,3.3473587665652417e-06,6.694717533130483e-06,0.0,0.0,0.0,0.0,0.0,0.0,1.0042076299695725e-05,0.0,0.0,2.6778870132521933e-05,1.3389435066260967e-05,6.694717533130483e-06,0.0,0.0,3.3473587665652417e-06,3.3473587665652417e-06,6.694717533130483e-06,0.0,1.0042076299695725e-05,0.0,2.008415259939145e-05,1.3389435066260967e-05,2.008415259939145e-05,6.694717533130483e-06,2.6778870132521933e-05,4.01683051987829e-05,3.682094643221766e-05,6.35998165647396e-05,5.021038149847862e-05,7.364189286443532e-05,0.00016402057956169683,7.029453409787007e-05,0.00023096775489300168,0.0001606732207951316,0.00018745209092765354,0.0002644413425586541,0.0003548200292559156,0.0005657036315495259,0.0004652828685525686,0.0005322300438838734,0.0007129874172783965,0.0007531557224771794,0.0008636185617738323,0.0008267976153416147,0.0008803553556066586,0.0008201028978084842,0.0008636185617738323,0.000706292699745266,0.000609219295514874,0.0005924825016820478,0.0003782515406218723,0.0004418513571866119,0.0004820196623853948,0.00038829361692156803,0.00029122021269117605,0.00029122021269117605,0.0002744834188583498,0.0002744834188583498,0.00019414680846078402,0.0002410098311926974,0.00015732586202856636,0.00021423096106017547,0.00023431511365956692,0.00013054699189604443,0.00014728378572887064,0.00013054699189604443,0.00011046283929665297,0.00012385227436291393,0.00014058906819574014,0.00012385227436291393,5.3557740265043867e-05,3.347358766565242e-05,2.6778870132521933e-05,5.021038149847862e-05,1.673679383282621e-05,3.0126228899087174e-05,2.008415259939145e-05,2.3431511365956693e-05,1.0042076299695725e-05,2.6778870132521933e-05,4.6863022731913386e-05,2.3431511365956693e-05,0.0,1.0042076299695725e-05,1.673679383282621e-05,3.3473587665652417e-06,1.3389435066260967e-05,1.0042076299695725e-05,6.694717533130483e-06,6.694717533130483e-06,6.694717533130483e-06,3.3473587665652417e-06,3.3473587665652417e-06,1.0042076299695725e-05,6.694717533130483e-06,3.3473587665652417e-06,0.0,0.0,6.694717533130483e-06,0.0,0.0,3.3473587665652417e-06,6.694717533130483e-06,0.0,1.0042076299695725e-05,1.0042076299695725e-05,3.3473587665652417e-06,0.0,0.0,0.0,3.3473587665652417e-06,0.0,0.0,0.0,0.0,0.0,0.0,0.0,0.0,0.0,0.0,0.0,3.3473587665652417e-06,0.0,0.0,0.0,3.3473587665652417e-06,0.0,0.0,0.0,0.0,0.0,0.0,0.0,0.0,0.0,0.0,0.0,0.0,0.0,3.3473587665652417e-06,0.0,0.0,3.3473587665652417e-06,3.3473587665652417e-06,0.0,0.0,0.0,0.0,3.3473587665652417e-06,0.0,3.3473587665652417e-06,0.0,0.0,0.0,3.3473587665652417e-06,0.0,0.0,0.0,6.694717533130483e-06,0.0,3.3473587665652417e-06,6.694717533130483e-06,0.0,0.0,3.3473587665652417e-06,6.694717533130483e-06,0.0,3.3473587665652417e-06,0.0,1.0042076299695725e-05,1.0042076299695725e-05,0.0,6.694717533130483e-06,3.3473587665652417e-06,0.0,3.3473587665652417e-06,1.3389435066260967e-05,0.0,0.0,3.3473587665652417e-06,3.3473587665652417e-06,6.694717533130483e-06,6.694717533130483e-06,0.0,1.0042076299695725e-05,2.008415259939145e-05,0.0,1.0042076299695725e-05,6.694717533130483e-06,3.3473587665652417e-06,1.0042076299695725e-05,3.3473587665652417e-06,1.0042076299695725e-05,1.0042076299695725e-05,2.008415259939145e-05,1.0042076299695725e-05,1.0042076299695725e-05,3.0126228899087174e-05,1.3389435066260967e-05,2.008415259939145e-05,3.0126228899087174e-05,0.00014058906819574014,4.6863022731913386e-05,3.682094643221766e-05,4.01683051987829e-05,5.3557740265043867e-05,5.690509903160911e-05,6.35998165647396e-05,8.368396916413105e-05,6.35998165647396e-05,7.364189286443532e-05,3.0126228899087174e-05,6.35998165647396e-05,6.694717533130483e-05,9.037868669726152e-05,8.703132793069628e-05,4.351566396534814e-05,7.029453409787007e-05,7.364189286443532e-05,3.682094643221766e-05,7.698925163100056e-05,5.3557740265043867e-05,7.364189286443532e-05,6.694717533130483e-05,4.6863022731913386e-05,7.698925163100056e-05,6.35998165647396e-05,0.00010042076299695725,5.690509903160911e-05,7.364189286443532e-05,5.690509903160911e-05,9.372604546382677e-05,5.3557740265043867e-05,4.351566396534814e-05,7.029453409787007e-05,6.025245779817435e-05,5.3557740265043867e-05,3.682094643221766e-05,3.682094643221766e-05,8.368396916413105e-05,7.029453409787007e-05,3.347358766565242e-05,2.6778870132521933e-05,1.673679383282621e-05,1.0042076299695725e-05,1.3389435066260967e-05,0.0,2.3431511365956693e-05,3.347358766565242e-05,1.3389435066260967e-05,2.008415259939145e-05,1.3389435066260967e-05,1.3389435066260967e-05,1.673679383282621e-05,1.673679383282621e-05,3.3473587665652417e-06,6.694717533130483e-06,1.0042076299695725e-05,3.3473587665652417e-06,3.3473587665652417e-06,6.694717533130483e-06,0.0,2.3431511365956693e-05,0.0,0.0,0.0
3.3473587665652417e-06,3.3473587665652417e-06,0.0,3.3473587665652417e-06,6.694717533130483e-06,0.0,0.0,3.3473587665652417e-06,0.0,0.0,0.0,0.0,0.0,0.0,0.0,0.0,0.0,0.0,0.0,3.3473587665652417e-06,0.0,0.0,0.0,0.0,0.0,0.0,0.0,0.0,0.0,0.0,0.0,0.0,0.0,0.0,0.0,0.0,0.0,0.0,0.0,0.0,0.0,0.0,0.0,0.0,0.0,3.3473587665652417e-06,0.0,0.0,0.0,0.0,0.0,0.0,0.0,0.0,0.0,0.0,0.0,0.0,0.0,0.0,0.0,0.0,0.0,0.0,0.0,0.0,0.0,0.0,3.3473587665652417e-06,0.0,0.0,0.0,0.0,0.0,0.0,0.0,0.0,0.0,0.0,3.3473587665652417e-06,0.0,0.0,0.0,0.0,3.3473587665652417e-06,0.0,0.0,0.0,0.0,0.0,0.0,0.0,3.3473587665652417e-06,0.0,0.0,0.0,0.0,0.0,0.0,0.0,0.0,3.3473587665652417e-06,6.694717533130483e-06,1.0042076299695725e-05,3.3473587665652417e-06,0.0,0.0,1.0042076299695725e-05,3.3473587665652417e-06,3.3473587665652417e-06,0.0,1.0042076299695725e-05,2.6778870132521933e-05,1.3389435066260967e-05,6.694717533130483e-06,4.351566396534814e-05,2.3431511365956693e-05,8.368396916413105e-05,5.3557740265043867e-05,3.347358766565242e-05,0.00011715755682978346,6.35998165647396e-05,0.00013389435066260967,0.00010711548053008773,7.698925163100056e-05,0.0001205049155963487,0.00014058906819574014,0.00023096775489300168,0.00026109398379208887,0.00032804115912339366,0.00039833569322126374,0.0005087985325179168,0.000569050990316091,0.0005723983490826563,0.0006761664708461788,0.0008100608215087884,0.0007230294935780922,0.000789976668909397,0.0008201028978084842,0.0007129874172783965,0.0005355774026504387,0.0005523141964832649,0.0004652828685525686,0.0004485460747197424,0.00039833569322126374,0.0002510519074923931,0.00028787285392461076,0.000304609647757437,0.00021423096106017547,0.00021088360229361023,0.0002543992662589584,0.0002242730373598712,0.00020418888476047976,0.00014728378572887064,0.00017406265586139257,0.0001606732207951316,0.00013054699189604443,0.00012385227436291393,0.00010711548053008773,0.0001372417094291749,0.00010711548053008773,5.021038149847862e-05,7.364189286443532e-05,3.347358766565242e-05,3.347358766565242e-05,5.3557740265043867e-05,7.698925163100056e-05,3.347358766565242e-05,1.3389435066260967e-05,2.3431511365956693e-05,2.008415259939145e-05,6.694717533130483e-06,2.3431511365956693e-05,3.3473587665652417e-06,1.3389435066260967e-05,1.3389435066260967e-05,2.008415259939145e-05,6.694717533130483e-06,3.3473587665652417e-06,6.694717533130483e-06,1.673679383282621e-05,1.0042076299695725e-05,0.0,3.3473587665652417e-06,3.3473587665652417e-06,3.3473587665652417e-06,0.0,0.0,3.3473587665652417e-06,0.0,0.0,0.0,0.0,0.0,0.0,0.0,0.0,0.0,0.0,0.0,6.694717533130483e-06,0.0,0.0,0.0,0.0,0.0,0.0,0.0,0.0,3.3473587665652417e-06,0.0,0.0,0.0,0.0,0.0,0.0,0.0,0.0,0.0,0.0,3.3473587665652417e-06,0.0,0.0,0.0,3.3473587665652417e-06,0.0,0.0,0.0,3.3473587665652417e-06,0.0,0.0,0.0,0.0,0.0,0.0,3.3473587665652417e-06,0.0,0.0,0.0,3.3473587665652417e-06,0.0,0.0,0.0,0.0,3.3473587665652417e-06,0.0,0.0,0.0,3.3473587665652417e-06,0.0,0.0,0.0,0.0,0.0,0.0,0.0,0.0,0.0,0.0,0.0,0.0,0.0,3.3473587665652417e-06,3.3473587665652417e-06,0.0,3.3473587665652417e-06,0.0,6.694717533130483e-06,3.3473587665652417e-06,3.3473587665652417e-06,0.0,0.0,3.3473587665652417e-06,0.0,0.0,0.0,3.3473587665652417e-06,0.0,3.3473587665652417e-06,0.0,6.694717533130483e-06,0.0,1.0042076299695725e-05,3.3473587665652417e-06,3.3473587665652417e-06,1.3389435066260967e-05,2.008415259939145e-05,3.3473587665652417e-06,1.673679383282621e-05,6.694717533130483e-06,3.3473587665652417e-06,1.3389435066260967e-05,1.0042076299695725e-05,2.3431511365956693e-05,2.3431511365956693e-05,6.025245779817435e-05,2.008415259939145e-05,2.3431511365956693e-05,2.008415259939145e-05,4.01683051987829e-05,6.694717533130483e-05,6.35998165647396e-05,5.3557740265043867e-05,4.6863022731913386e-05,3.682094643221766e-05,3.0126228899087174e-05,4.01683051987829e-05,6.694717533130483e-05,5.690509903160911e-05,5.021038149847862e-05,4.01683051987829e-05,5.690509903160911e-05,8.368396916413105e-05,6.025245779817435e-05,9.707340423039201e-05,5.3557740265043867e-05,4.01683051987829e-05,7.029453409787007e-05,9.707340423039201e-05,8.368396916413105e-05,8.368396916413105e-05,7.364189286443532e-05,8.368396916413105e-05,9.372604546382677e-05,5.690509903160911e-05,7.029453409787007e-05,7.698925163100056e-05,3.347358766565242e-05,3.0126228899087174e-05,5.3557740265043867e-05,4.351566396534814e-05,2.3431511365956693e-05,3.0126228899087174e-05,3.682094643221766e-05,2.008415259939145e-05,1.0042076299695725e-05,2.3431511365956693e-05,1.673679383282621e-05,2.3431511365956693e-05,1.0042076299695725e-05,1.0042076299695725e-05,1.0042076299695725e-05,3.0126228899087174e-05,1.3389435066260967e-05,6.694717533130483e-06,3.0126228899087174e-05,1.673679383282621e-05,1.3389435066260967e-05,3.3473587665652417e-06,0.0,1.0042076299695725e-05,6.694717533130483e-06,0.0,0.0,6.694717533130483e-06,3.3473587665652417e-06,3.3473587665652417e-06,3.3473587665652417e-06,3.3473587665652417e-06,3.3473587665652417e-06
3.3473587665652417e-06,3.3473587665652417e-06,0.0,1.0042076299695725e-05,0.0,6.694717533130483e-06,3.3473587665652417e-06,0.0,6.694717533130483e-06,0.0,0.0,0.0,3.3473587665652417e-06,0.0,0.0,0.0,0.0,0.0,0.0,0.0,3.3473587665652417e-06,0.0,0.0,0.0,0.0,0.0,0.0,0.0,0.0,0.0,0.0,0.0,0.0,0.0,0.0,0.0,0.0,0.0,0.0,0.0,0.0,0.0,0.0,0.0,0.0,0.0,0.0,0.0,0.0,0.0,0.0,0.0,0.0,0.0,0.0,0.0,0.0,0.0,0.0,0.0,0.0,0.0,0.0,0.0,0.0,0.0,0.0,0.0,0.0,0.0,0.0,0.0,0.0,0.0,0.0,0.0,0.0,0.0,0.0,0.0,0.0,0.0,0.0,0.0,0.0,0.0,0.0,0.0,6.694717533130483e-06,0.0,1.0042076299695725e-05,0.0,0.0,0.0,1.3389435066260967e-05,0.0,0.0,2.008415259939145e-05,0.0,3.3473587665652417e-06,0.0,0.0,3.3473587665652417e-06,6.694717533130483e-06,0.0,6.694717533130483e-06,1.3389435066260967e-05,0.0,6.694717533130483e-06,3.3473587665652417e-06,3.3473587665652417e-06,2.008415259939145e-05,3.3473587665652417e-06,1.0042076299695725e-05,1.0042076299695725e-05,2.008415259939145e-05,1.673679383282621e-05,1.3389435066260967e-05,1.673679383282621e-05,4.6863022731913386e-05,8.703132793069628e-05,5.690509903160911e-05,7.029453409787007e-05,8.703132793069628e-05,0.00014058906819574014,0.00014393642696230538,0.0002008415259939145,0.00023766247242613215,0.00026109398379208887,0.00035147267048935037,0.0003849462581550028,0.0004920617386850905,0.0006125666542814392,0.0006293034481142654,0.000595829860448613,0.0006493876007136568,0.0005891351429154826,0.0005523141964832649,0.0005489668377166996,0.0004820196623853948,0.0005389247614170039,0.0003949883344546985,0.00046863022731913383,0.0004083777695209595,0.00035147267048935037,0.0002543992662589584,0.00027783077762491505,0.0002410098311926974,0.00016402057956169683,0.0002242730373598712,0.0002242730373598712,0.00022092567859330594,0.00014393642696230538,0.00015063114449543588,0.00010042076299695725,0.00010042076299695725,8.03366103975658e-05,8.368396916413105e-05,7.029453409787007e-05,8.03366103975658e-05,8.368396916413105e-05,6.694717533130483e-05,5.690509903160911e-05,3.682094643221766e-05,3.347358766565242e-05,3.347358766565242e-05,4.6863022731913386e-05,2.008415259939145e-05,2.3431511365956693e-05,6.694717533130483e-06,2.008415259939145e-05,1.673679383282621e-05,1.0042076299695725e-05,1.673679383282621e-05,2.3431511365956693e-05,1.0042076299695725e-05,3.682094643221766e-05,1.3389435066260967e-05,3.3473587665652417e-06,3.3473587665652417e-06,0.0,0.0,1.673679383282621e-05,6.694717533130483e-06,1.0042076299695725e-05,3.3473587665652417e-06,3.3473587665652417e-06,0.0,1.3389435066260967e-05,0.0,0.0,0.0,0.0,6.694717533130483e-06,0.0,0.0,3.3473587665652417e-06,0.0,0.0,0.0,0.0,0.0,0.0,0.0,0.0,0.0,0.0,0.0,0.0,0.0,0.0,0.0,0.0,0.0,0.0,3.3473587665652417e-06,0.0,0.0,0.0,0.0,0.0,0.0,0.0,0.0,0.0,0.0,0.0,0.0,0.0,0.0,0.0,0.0,0.0,0.0,0.0,0.0,0.0,0.0,0.0,0.0,0.0,0.0,0.0,0.0,0.0,0.0,3.3473587665652417e-06,0.0,0.0,0.0,0.0,0.0,0.0,0.0,0.0,0.0,0.0,0.0,0.0,0.0,3.3473587665652417e-06,0.0,6.694717533130483e-06,0.0,3.3473587665652417e-06,3.3473587665652417e-06,3.3473587665652417e-06,0.0,0.0,3.3473587665652417e-06,0.0,0.0,3.3473587665652417e-06,0.0,3.3473587665652417e-06,6.694717533130483e-06,3.3473587665652417e-06,0.0,3.3473587665652417e-06,1.3389435066260967e-05,3.3473587665652417e-06,0.0,0.0,6.694717533130483e-06,6.694717533130483e-06,3.3473587665652417e-06,6.694717533130483e-06,1.0042076299695725e-05,1.0042076299695725e-05,3.3473587665652417e-06,6.694717533130483e-06,1.0042076299695725e-05,2.3431511365956693e-05,6.694717533130483e-06,4.6863022731913386e-05,3.347358766565242e-05,3.347358766565242e-05,2.3431511365956693e-05,3.682094643221766e-05,5.021038149847862e-05,4.01683051987829e-05,7.364189286443532e-05,7.029453409787007e-05,6.35998165647396e-05,4.351566396534814e-05,6.025245779817435e-05,4.351566396534814e-05,6.35998165647396e-05,7.364189286443532e-05,7.364189286443532e-05,4.01683051987829e-05,4.01683051987829e-05,7.029453409787007e-05,8.368396916413105e-05,0.00011381019806321822,7.029453409787007e-05,7.698925163100056e-05,8.703132793069628e-05,8.703132793069628e-05,8.368396916413105e-05,4.6863022731913386e-05,6.694717533130483e-05,6.694717533130483e-05,5.3557740265043867e-05,5.3557740265043867e-05,5.690509903160911e-05,5.021038149847862e-05,3.347358766565242e-05,1.673679383282621e-05,2.008415259939145e-05,4.01683051987829e-05,1.0042076299695725e-05,3.347358766565242e-05,2.008415259939145e-05,1.673679383282621e-05,2.008415259939145e-05,1.0042076299695725e-05,1.3389435066260967e-05,6.694717533130483e-06,2.008415259939145e-05,1.673679383282621e-05,3.3473587665652417e-06,2.008415259939145e-05,1.3389435066260967e-05,3.347358766565242e-05,3.3473587665652417e-06,0.0,3.3473587665652417e-06,0.0,1.0042076299695725e-05,0.0,1.3389435066260967e-05,3.3473587665652417e-06,3.3473587665652417e-06,6.694717533130483e-06,6.694717533130483e-06,3.3473587665652417e-06,6.694717533130483e-06,0.0,0.0
0.0,0.0,0.0,0.0,3.3473587665652417e-06,0.0,3.3473587665652417e-06,0.0,0.0,0.0,0.0,0.0,3.3473587665652417e-06,3.3473587665652417e-06,0.0,0.0,0.0,0.0,0.0,0.0,0.0,0.0,0.0,0.0,0.0,0.0,0.0,0.0,0.0,0.0,0.0,0.0,0.0,0.0,0.0,0.0,0.0,0.0,0.0,0.0,0.0,0.0,0.0,0.0,0.0,0.0,0.0,0.0,0.0,0.0,0.0,0.0,0.0,0.0,3.3473587665652417e-06,0.0,0.0,0.0,0.0,0.0,0.0,0.0,0.0,0.0,0.0,0.0,0.0,0.0,0.0,0.0,0.0,0.0,0.0,0.0,0.0,3.3473587665652417e-06,0.0,0.0,0.0,0.0,0.0,0.0,0.0,0.0,0.0,0.0,0.0,0.0,0.0,0.0,0.0,0.0,0.0,0.0,0.0,3.3473587665652417e-06,0.0,0.0,3.3473587665652417e-06,0.0,1.0042076299695725e-05,3.3473587665652417e-06,0.0,0.0,0.0,6.694717533130483e-06,0.0,3.3473587665652417e-06,3.3473587665652417e-06,1.3389435066260967e-05,6.694717533130483e-06,2.008415259939145e-05,2.3431511365956693e-05,3.3473587665652417e-06,1.3389435066260967e-05,3.3473587665652417e-06,1.3389435066260967e-05,2.3431511365956693e-05,4.351566396534814e-05,3.682094643221766e-05,2.6778870132521933e-05,6.694717533130483e-05,0.00010711548053008773,0.00014393642696230538,0.00015732586202856636,0.0001271996331294792,0.0001205049155963487,0.00019749416722734925,0.00023096775489300168,0.0002979149302243065,0.00046863022731913383,0.0004050304107543942,0.00039164097568813327,0.000569050990316091,0.0004418513571866119,0.00047867230361882954,0.00041507248705409,0.0004251145633537857,0.0005489668377166996,0.00046863022731913383,0.0003682094643221766,0.0003849462581550028,0.00041172512828752475,0.0002945675714577413,0.0002811781363914803,0.00026778870132521934,0.00021088360229361023,0.00023096775489300168,0.00016402057956169683,0.00017406265586139257,0.0001673679383282621,0.0001205049155963487,0.0001205049155963487,0.00010042076299695725,8.703132793069628e-05,0.00011046283929665297,8.03366103975658e-05,8.368396916413105e-05,8.03366103975658e-05,5.3557740265043867e-05,7.364189286443532e-05,3.682094643221766e-05,4.01683051987829e-05,2.3431511365956693e-05,2.6778870132521933e-05,2.3431511365956693e-05,2.6778870132521933e-05,2.3431511365956693e-05,3.0126228899087174e-05,2.3431511365956693e-05,1.3389435066260967e-05,6.025245779817435e-05,3.347358766565242e-05,3.3473587665652417e-06,3.3473587665652417e-06,6.694717533130483e-06,1.3389435066260967e-05,3.3473587665652417e-06,3.3473587665652417e-06,6.694717533130483e-06,6.694717533130483e-06,0.0,3.3473587665652417e-06,6.694717533130483e-06,3.3473587665652417e-06,0.0,0.0,0.0,0.0,0.0,0.0,0.0,3.3473587665652417e-06,0.0,0.0,0.0,0.0,0.0,0.0,0.0,0.0,3.3473587665652417e-06,0.0,3.3473587665652417e-06,0.0,0.0,0.0,0.0,0.0,0.0,0.0,0.0,0.0,0.0,0.0,0.0,0.0,0.0,0.0,0.0,0.0,0.0,0.0,3.3473587665652417e-06,0.0,0.0,0.0,0.0,0.0,0.0,0.0,0.0,0.0,3.3473587665652417e-06,0.0,0.0,0.0,0.0,0.0,0.0,0.0,0.0,3.3473587665652417e-06,0.0,0.0,0.0,0.0,0.0,3.3473587665652417e-06,0.0,6.694717533130483e-06,0.0,0.0,0.0,0.0,0.0,6.694717533130483e-06,0.0,6.694717533130483e-06,0.0,6.694717533130483e-06,0.0,3.3473587665652417e-06,0.0,0.0,3.3473587665652417e-06,6.694717533130483e-06,0.0,6.694717533130483e-06,0.0,3.3473587665652417e-06,0.0,0.0,3.3473587665652417e-06,0.0,1.0042076299695725e-05,0.0,0.0,0.0,0.0,0.0,3.3473587665652417e-06,0.0,3.3473587665652417e-06,3.3473587665652417e-06,3.3473587665652417e-06,3.3473587665652417e-06,3.0126228899087174e-05,6.694717533130483e-06,1.673679383282621e-05,1.3389435066260967e-05,6.694717533130483e-06,6.694717533130483e-06,1.3389435066260967e-05,1.0042076299695725e-05,2.008415259939145e-05,2.3431511365956693e-05,2.008415259939145e-05,4.01683051987829e-05,4.01683051987829e-05,5.3557740265043867e-05,5.690509903160911e-05,4.01683051987829e-05,3.682094643221766e-05,5.021038149847862e-05,4.351566396534814e-05,7.364189286443532e-05,6.694717533130483e-05,9.037868669726152e-05,5.3557740265043867e-05,5.690509903160911e-05,6.35998165647396e-05,6.694717533130483e-05,8.368396916413105e-05,8.703132793069628e-05,9.707340423039201e-05,6.025245779817435e-05,9.037868669726152e-05,5.3557740265043867e-05,8.368396916413105e-05,4.351566396534814e-05,5.021038149847862e-05,5.3557740265043867e-05,6.025245779817435e-05,3.347358766565242e-05,5.3557740265043867e-05,5.021038149847862e-05,2.6778870132521933e-05,7.029453409787007e-05,2.008415259939145e-05,1.3389435066260967e-05,3.347358766565242e-05,1.673679383282621e-05,1.673679383282621e-05,1.673679383282621e-05,1.3389435066260967e-05,1.3389435066260967e-05,1.0042076299695725e-05,1.673679383282621e-05,6.694717533130483e-06,3.0126228899087174e-05,1.0042076299695725e-05,0.0,1.3389435066260967e-05,1.3389435066260967e-05,6.694717533130483e-06,1.3389435066260967e-05,0.0,1.0042076299695725e-05,0.0,1.0042076299695725e-05,3.3473587665652417e-06,3.3473587665652417e-06,0.0,3.3473587665652417e-06,0.0,0.0,3.3473587665652417e-06,0.0,0.0
0.0,0.0,0.0,0.0,0.0,0.0,0.0,0.0,0.0,0.0,0.0,3.3473587665652417e-06,3.3473587665652417e-06,3.3473587665652417e-06,0.0,0.0,3.3473587665652417e-06,0.0,0.0,0.0,0.0,0.0,0.0,0.0,0.0,0.0,0.0,0.0,0.0,0.0,0.0,0.0,3.3473587665652417e-06,0.0,6.694717533130483e-06,0.0,3.3473587665652417e-06,0.0,0.0,0.0,0.0,0.0,0.0,0.0,0.0,0.0,0.0,0.0,0.0,0.0,0.0,0.0,0.0,6.694717533130483e-06,0.0,0.0,0.0,0.0,0.0,0.0,0.0,0.0,0.0,0.0,0.0,0.0,0.0,0.0,0.0,0.0,0.0,3.3473587665652417e-06,0.0,3.3473587665652417e-06,0.0,0.0,0.0,0.0,0.0,0.0,0.0,3.3473587665652417e-06,0.0,0.0,0.0,0.0,0.0,0.0,0.0,0.0,0.0,0.0,3.3473587665652417e-06,0.0,0.0,0.0,0.0,0.0,0.0,3.3473587665652417e-06,3.3473587665652417e-06,0.0,0.0,0.0,1.673679383282621e-05,6.694717533130483e-06,3.3473587665652417e-06,3.3473587665652417e-06,3.3473587665652417e-06,6.694717533130483e-06,6.694717533130483e-06,1.0042076299695725e-05,2.008415259939145e-05,4.6863022731913386e-05,2.008415259939145e-05,1.673679383282621e-05,2.008415259939145e-05,3.347358766565242e-05,3.682094643221766e-05,5.690509903160911e-05,4.6863022731913386e-05,0.00010711548053008773,7.029453409787007e-05,9.037868669726152e-05,0.00010711548053008773,8.703132793069628e-05,0.0001372417094291749,0.00022092567859330594,0.00021423096106017547,0.00032804115912339366,0.00027783077762491505,0.00037155682308874185,0.00044519871595317717,0.00042846192212035093,0.0004954090974516557,0.0003615147467890461,0.0004920617386850905,0.0003648621055556113,0.00039164097568813327,0.0003447779529562199,0.0003347358766565242,0.0003146517240571327,0.00028787285392461076,0.00026778870132521934,0.0002845254951580455,0.0002711360600917846,0.0002845254951580455,0.000304609647757437,0.000207536243527045,0.00015063114449543588,0.0001271996331294792,7.364189286443532e-05,0.0001205049155963487,0.00015397850326200112,8.03366103975658e-05,9.372604546382677e-05,7.698925163100056e-05,3.347358766565242e-05,5.3557740265043867e-05,6.694717533130483e-05,2.6778870132521933e-05,4.6863022731913386e-05,4.01683051987829e-05,2.3431511365956693e-05,1.3389435066260967e-05,4.351566396534814e-05,2.6778870132521933e-05,2.6778870132521933e-05,3.682094643221766e-05,2.3431511365956693e-05,3.3473587665652417e-06,3.3473587665652417e-06,2.3431511365956693e-05,1.3389435066260967e-05,1.0042076299695725e-05,3.0126228899087174e-05,6.694717533130483e-06,6.694717533130483e-06,1.0042076299695725e-05,0.0,6.694717533130483e-06,0.0,0.0,3.3473587665652417e-06,3.3473587665652417e-06,3.3473587665652417e-06,3.3473587665652417e-06,0.0,0.0,3.3473587665652417e-06,3.3473587665652417e-06,6.694717533130483e-06,0.0,0.0,0.0,0.0,3.3473587665652417e-06,0.0,3.3473587665652417e-06,0.0,0.0,0.0,0.0,0.0,0.0,0.0,0.0,0.0,0.0,0.0,0.0,0.0,0.0,0.0,0.0,0.0,0.0,0.0,0.0,0.0,0.0,0.0,0.0,0.0,0.0,0.0,0.0,0.0,0.0,0.0,0.0,0.0,0.0,0.0,0.0,0.0,0.0,0.0,0.0,0.0,0.0,0.0,0.0,0.0,0.0,0.0,0.0,3.3473587665652417e-06,0.0,0.0,0.0,0.0,0.0,0.0,0.0,0.0,0.0,0.0,0.0,3.3473587665652417e-06,0.0,0.0,6.694717533130483e-06,0.0,0.0,0.0,0.0,0.0,0.0,0.0,0.0,3.3473587665652417e-06,6.694717533130483e-06,3.3473587665652417e-06,3.3473587665652417e-06,6.694717533130483e-06,0.0,6.694717533130483e-06,0.0,0.0,1.0042076299695725e-05,1.0042076299695725e-05,6.694717533130483e-06,1.0042076299695725e-05,0.0,3.3473587665652417e-06,3.3473587665652417e-06,6.694717533130483e-06,3.3473587665652417e-06,6.694717533130483e-06,6.694717533130483e-06,6.694717533130483e-06,6.694717533130483e-06,1.3389435066260967e-05,1.673679383282621e-05,3.0126228899087174e-05,2.6778870132521933e-05,2.6778870132521933e-05,2.6778870132521933e-05,3.682094643221766e-05,3.347358766565242e-05,2.6778870132521933e-05,6.694717533130483e-05,1.0042076299695725e-05,6.025245779817435e-05,3.682094643221766e-05,6.025245779817435e-05,5.021038149847862e-05,5.3557740265043867e-05,5.690509903160911e-05,4.01683051987829e-05,5.021038149847862e-05,3.682094643221766e-05,5.021038149847862e-05,7.029453409787007e-05,6.35998165647396e-05,5.3557740265043867e-05,4.6863022731913386e-05,7.364189286443532e-05,7.029453409787007e-05,7.029453409787007e-05,7.029453409787007e-05,3.347358766565242e-05,3.347358766565242e-05,9.037868669726152e-05,3.682094643221766e-05,1.673679383282621e-05,5.3557740265043867e-05,5.021038149847862e-05,1.3389435066260967e-05,2.3431511365956693e-05,3.347358766565242e-05,1.3389435066260967e-05,1.0042076299695725e-05,6.694717533130483e-06,1.673679383282621e-05,6.694717533130483e-06,3.3473587665652417e-06,2.008415259939145e-05,1.0042076299695725e-05,6.694717533130483e-06,1.0042076299695725e-05,6.694717533130483e-06,6.694717533130483e-06,1.0042076299695725e-05,1.3389435066260967e-05,6.694717533130483e-06,1.0042076299695725e-05,1.3389435066260967e-05,0.0,0.0,0.0,6.694717533130483e-06,3.3473587665652417e-06,0.0,0.0,0.0,6.694717533130483e-06,0.0,0.0
0.0,0.0,0.0,0.0,0.0,0.0,0.0,0.0,0.0,0.0,3.3473587665652417e-06,0.0,0.0,0.0,0.0,0.0,0.0,0.0,0.0,0.0,0.0,0.0,0.0,0.0,0.0,0.0,0.0,0.0,0.0,0.0,0.0,0.0,0.0,0.0,0.0,0.0,0.0,0.0,0.0,0.0,0.0,0.0,0.0,0.0,0.0,0.0,0.0,0.0,0.0,0.0,0.0,3.3473587665652417e-06,0.0,0.0,0.0,0.0,0.0,0.0,0.0,0.0,0.0,0.0,0.0,3.3473587665652417e-06,0.0,0.0,0.0,0.0,0.0,0.0,0.0,0.0,0.0,0.0,0.0,0.0,0.0,0.0,3.3473587665652417e-06,0.0,0.0,0.0,0.0,1.3389435066260967e-05,0.0,0.0,0.0,0.0,0.0,0.0,0.0,0.0,0.0,0.0,0.0,0.0,0.0,0.0,3.3473587665652417e-06,0.0,0.0,6.694717533130483e-06,0.0,3.3473587665652417e-06,3.3473587665652417e-06,3.3473587665652417e-06,0.0,3.3473587665652417e-06,1.0042076299695725e-05,6.694717533130483e-06,3.3473587665652417e-06,1.673679383282621e-05,3.347358766565242e-05,1.3389435066260967e-05,2.6778870132521933e-05,2.008415259939145e-05,3.0126228899087174e-05,2.3431511365956693e-05,3.347358766565242e-05,1.673679383282621e-05,4.351566396534814e-05,9.707340423039201e-05,7.364189286443532e-05,0.00013389435066260967,9.372604546382677e-05,0.00013054699189604443,0.00016402057956169683,0.0001841047321610883,0.00021423096106017547,0.00019414680846078402,0.00027783077762491505,0.00026109398379208887,0.0003146517240571327,0.00034143059418965466,0.0003213464415902632,0.0002744834188583498,0.00030795700652400224,0.00035147267048935037,0.0003548200292559156,0.0002811781363914803,0.0002744834188583498,0.00030795700652400224,0.0002979149302243065,0.00023431511365956692,0.0002644413425586541,0.0001673679383282621,0.00014393642696230538,0.0001774100146279578,0.00014728378572887064,0.00015397850326200112,0.00010711548053008773,0.00011715755682978346,0.00010042076299695725,8.703132793069628e-05,8.03366103975658e-05,4.01683051987829e-05,7.029453409787007e-05,4.6863022731913386e-05,4.01683051987829e-05,3.682094643221766e-05,2.6778870132521933e-05,1.3389435066260967e-05,1.673679383282621e-05,5.690509903160911e-05,4.01683051987829e-05,2.008415259939145e-05,1.673679383282621e-05,2.008415259939145e-05,1.3389435066260967e-05,0.0,1.3389435066260967e-05,4.01683051987829e-05,1.673679383282621e-05,1.673679383282621e-05,0.0,3.3473587665652417e-06,3.3473587665652417e-06,6.694717533130483e-06,0.0,6.694717533130483e-06,3.3473587665652417e-06,0.0,0.0,0.0,3.3473587665652417e-06,0.0,0.0,3.3473587665652417e-06,0.0,3.3473587665652417e-06,3.3473587665652417e-06,3.3473587665652417e-06,0.0,0.0,3.3473587665652417e-06,0.0,0.0,3.3473587665652417e-06,0.0,0.0,0.0,0.0,3.3473587665652417e-06,0.0,0.0,0.0,0.0,0.0,0.0,0.0,0.0,0.0,0.0,0.0,0.0,0.0,0.0,0.0,0.0,0.0,0.0,0.0,0.0,0.0,0.0,3.3473587665652417e-06,0.0,0.0,0.0,0.0,0.0,0.0,0.0,0.0,0.0,0.0,0.0,0.0,0.0,0.0,0.0,0.0,0.0,0.0,0.0,0.0,0.0,0.0,0.0,0.0,0.0,0.0,0.0,0.0,6.694717533130483e-06,0.0,0.0,0.0,3.3473587665652417e-06,0.0,0.0,3.3473587665652417e-06,0.0,0.0,0.0,0.0,3.3473587665652417e-06,6.694717533130483e-06,3.3473587665652417e-06,3.3473587665652417e-06,6.694717533130483e-06,3.3473587665652417e-06,0.0,0.0,3.3473587665652417e-06,3.3473587665652417e-06,6.694717533130483e-06,0.0,3.3473587665652417e-06,6.694717533130483e-06,0.0,6.694717533130483e-06,1.673679383282621e-05,3.3473587665652417e-06,3.3473587665652417e-06,1.673679383282621e-05,3.3473587665652417e-06,6.694717533130483e-06,3.3473587665652417e-06,1.673679383282621e-05,1.0042076299695725e-05,1.0042076299695725e-05,3.347358766565242e-05,3.347358766565242e-05,2.008415259939145e-05,1.3389435066260967e-05,1.0042076299695725e-05,1.0042076299695725e-05,2.3431511365956693e-05,3.347358766565242e-05,3.0126228899087174e-05,2.6778870132521933e-05,3.682094643221766e-05,4.6863022731913386e-05,4.351566396534814e-05,4.01683051987829e-05,4.01683051987829e-05,5.021038149847862e-05,4.6863022731913386e-05,5.690509903160911e-05,7.364189286443532e-05,8.368396916413105e-05,5.021038149847862e-05,4.01683051987829e-05,6.025245779817435e-05,5.690509903160911e-05,4.01683051987829e-05,5.3557740265043867e-05,5.021038149847862e-05,4.351566396534814e-05,4.351566396534814e-05,4.351566396534814e-05,4.351566396534814e-05,2.6778870132521933e-05,4.01683051987829e-05,2.3431511365956693e-05,2.6778870132521933e-05,3.0126228899087174e-05,3.0126228899087174e-05,2.6778870132521933e-05,2.3431511365956693e-05,1.673679383282621e-05,1.3389435066260967e-05,6.694717533130483e-06,6.694717533130483e-06,2.008415259939145e-05,3.3473587665652417e-06,1.3389435066260967e-05,6.694717533130483e-06,0.0,1.0042076299695725e-05,1.3389435066260967e-05,3.3473587665652417e-06,3.3473587665652417e-06,3.3473587665652417e-06,3.3473587665652417e-06,6.694717533130483e-06,1.0042076299695725e-05,3.3473587665652417e-06,3.3473587665652417e-06,0.0,0.0,6.694717533130483e-06,0.0,3.3473587665652417e-06,0.0,0.0,6.694717533130483e-06,1.673679383282621e-05,0.0
0.0,0.0,0.0,3.3473587665652417e-06,0.0,0.0,0.0,0.0,3.3473587665652417e-06,0.0,0.0,0.0,0.0,0.0,0.0,0.0,0.0,0.0,0.0,3.3473587665652417e-06,0.0,0.0,0.0,0.0,0.0,0.0,0.0,0.0,0.0,0.0,0.0,0.0,0.0,0.0,0.0,0.0,0.0,3.3473587665652417e-06,0.0,0.0,0.0,0.0,0.0,0.0,0.0,0.0,0.0,0.0,0.0,0.0,0.0,0.0,0.0,0.0,0.0,0.0,0.0,0.0,0.0,0.0,0.0,0.0,0.0,0.0,0.0,0.0,0.0,0.0,0.0,0.0,0.0,0.0,0.0,0.0,0.0,0.0,0.0,0.0,0.0,0.0,0.0,0.0,3.3473587665652417e-06,0.0,0.0,0.0,0.0,0.0,0.0,0.0,1.0042076299695725e-05,0.0,0.0,3.3473587665652417e-06,0.0,0.0,0.0,0.0,6.694717533130483e-06,0.0,0.0,0.0,3.3473587665652417e-06,3.3473587665652417e-06,0.0,6.694717533130483e-06,3.3473587665652417e-06,0.0,0.0,3.3473587665652417e-06,3.3473587665652417e-06,6.694717533130483e-06,6.694717533130483e-06,1.0042076299695725e-05,1.0042076299695725e-05,4.351566396534814e-05,3.0126228899087174e-05,2.6778870132521933e-05,4.351566396534814e-05,2.3431511365956693e-05,3.682094643221766e-05,3.682094643221766e-05,8.703132793069628e-05,7.029453409787007e-05,6.694717533130483e-05,0.00014393642696230538,0.00014728378572887064,0.00015063114449543588,0.0002008415259939145,0.00017071529709482733,0.00020418888476047976,0.00030795700652400224,0.00027783077762491505,0.0003246938003568284,0.00033138851788995895,0.0002711360600917846,0.00030795700652400224,0.0002744834188583498,0.0002008415259939145,0.00023766247242613215,0.0002510519074923931,0.00019749416722734925,0.0002443571899592626,0.00017071529709482733,0.00020418888476047976,0.00015397850326200112,0.00019079944969421878,0.0001205049155963487,0.0001774100146279578,0.00015063114449543588,8.703132793069628e-05,8.368396916413105e-05,6.694717533130483e-05,6.35998165647396e-05,7.698925163100056e-05,6.35998165647396e-05,5.3557740265043867e-05,4.351566396534814e-05,7.029453409787007e-05,5.3557740265043867e-05,1.673679383282621e-05,3.347358766565242e-05,2.008415259939145e-05,1.0042076299695725e-05,6.694717533130483e-06,2.3431511365956693e-05,1.3389435066260967e-05,1.3389435066260967e-05,2.6778870132521933e-05,1.0042076299695725e-05,2.008415259939145e-05,2.3431511365956693e-05,1.3389435066260967e-05,1.3389435066260967e-05,6.694717533130483e-06,1.0042076299695725e-05,0.0,0.0,6.694717533130483e-06,3.3473587665652417e-06,6.694717533130483e-06,0.0,0.0,0.0,0.0,3.3473587665652417e-06,0.0,0.0,0.0,0.0,0.0,0.0,1.0042076299695725e-05,0.0,0.0,0.0,0.0,0.0,0.0,0.0,0.0,0.0,0.0,0.0,0.0,0.0,0.0,0.0,0.0,0.0,0.0,0.0,0.0,0.0,0.0,0.0,0.0,0.0,0.0,0.0,0.0,0.0,0.0,0.0,0.0,3.3473587665652417e-06,0.0,0.0,0.0,0.0,0.0,0.0,0.0,0.0,3.3473587665652417e-06,0.0,0.0,0.0,0.0,0.0,0.0,0.0,0.0,0.0,0.0,0.0,0.0,0.0,0.0,0.0,0.0,0.0,0.0,0.0,0.0,0.0,0.0,0.0,3.3473587665652417e-06,0.0,0.0,3.3473587665652417e-06,0.0,0.0,0.0,0.0,0.0,0.0,3.3473587665652417e-06,1.0042076299695725e-05,0.0,0.0,0.0,0.0,0.0,3.3473587665652417e-06,0.0,3.3473587665652417e-06,6.694717533130483e-06,0.0,2.3431511365956693e-05,6.694717533130483e-06,6.694717533130483e-06,0.0,0.0,0.0,0.0,2.6778870132521933e-05,3.3473587665652417e-06,3.3473587665652417e-06,1.0042076299695725e-05,3.0126228899087174e-05,3.3473587665652417e-06,1.3389435066260967e-05,2.6778870132521933e-05,1.3389435066260967e-05,1.673679383282621e-05,6.694717533130483e-06,1.673679383282621e-05,2.6778870132521933e-05,4.6863022731913386e-05,1.0042076299695725e-05,2.008415259939145e-05,3.682094643221766e-05,4.351566396534814e-05,5.021038149847862e-05,4.01683051987829e-05,2.6778870132521933e-05,7.029453409787007e-05,5.690509903160911e-05,4.351566396534814e-05,3.682094643221766e-05,5.021038149847862e-05,6.35998165647396e-05,6.025245779817435e-05,6.694717533130483e-05,6.35998165647396e-05,4.6863022731913386e-05,4.6863022731913386e-05,5.690509903160911e-05,2.008415259939145e-05,3.682094643221766e-05,4.01683051987829e-05,4.01683051987829e-05,3.0126228899087174e-05,2.3431511365956693e-05,2.6778870132521933e-05,4.01683051987829e-05,3.347358766565242e-05,2.6778870132521933e-05,3.3473587665652417e-06,1.3389435066260967e-05,2.008415259939145e-05,6.694717533130483e-06,4.6863022731913386e-05,3.0126228899087174e-05,1.3389435066260967e-05,1.0042076299695725e-05,1.673679383282621e-05,6.694717533130483e-06,1.3389435066260967e-05,0.0,6.694717533130483e-06,3.3473587665652417e-06,6.694717533130483e-06,0.0,1.0042076299695725e-05,0.0,3.3473587665652417e-06,0.0,2.6778870132521933e-05,0.0,0.0,0.0,0.0,3.3473587665652417e-06,0.0,0.0,0.0,0.0
0.0,3.3473587665652417e-06,0.0,0.0,6.694717533130483e-06,6.694717533130483e-06,0.0,0.0,3.3473587665652417e-06,3.3473587665652417e-06,3.3473587665652417e-06,0.0,0.0,0.0,3.3473587665652417e-06,0.0,0.0,0.0,0.0,0.0,0.0,0.0,0.0,0.0,0.0,0.0,0.0,0.0,0.0,0.0,0.0,0.0,0.0,0.0,0.0,0.0,0.0,0.0,0.0,0.0,0.0,0.0,0.0,0.0,0.0,0.0,0.0,0.0,0.0,0.0,0.0,0.0,0.0,0.0,0.0,0.0,0.0,0.0,0.0,0.0,0.0,0.0,0.0,0.0,0.0,0.0,0.0,0.0,0.0,0.0,0.0,0.0,0.0,0.0,0.0,0.0,0.0,0.0,0.0,0.0,0.0,0.0,0.0,0.0,0.0,0.0,0.0,0.0,0.0,0.0,0.0,6.694717533130483e-06,0.0,0.0,0.0,0.0,3.3473587665652417e-06,6.694717533130483e-06,0.0,0.0,0.0,3.3473587665652417e-06,0.0,1.0042076299695725e-05,3.3473587665652417e-06,3.3473587665652417e-06,6.694717533130483e-06,0.0,3.3473587665652417e-06,6.694717533130483e-06,1.3389435066260967e-05,1.673679383282621e-05,6.694717533130483e-06,1.673679383282621e-05,1.3389435066260967e-05,3.0126228899087174e-05,2.008415259939145e-05,6.694717533130483e-06,2.6778870132521933e-05,3.347358766565242e-05,3.682094643221766e-05,4.351566396534814e-05,6.694717533130483e-05,0.0001271996331294792,8.03366103975658e-05,9.707340423039201e-05,0.00013389435066260967,0.00015732586202856636,0.00017406265586139257,0.00023431511365956692,0.00019079944969421878,0.00019079944969421878,0.00020418888476047976,0.00023096775489300168,0.00017406265586139257,0.00021088360229361023,0.00023096775489300168,0.0002410098311926974,0.0001841047321610883,0.00022762039612643644,0.0001606732207951316,0.00022092567859330594,0.00016402057956169683,0.00014393642696230538,0.00014058906819574014,0.00014393642696230538,0.00011715755682978346,9.037868669726152e-05,0.00013054699189604443,7.364189286443532e-05,8.368396916413105e-05,7.364189286443532e-05,5.3557740265043867e-05,6.35998165647396e-05,8.703132793069628e-05,5.021038149847862e-05,2.6778870132521933e-05,1.673679383282621e-05,3.0126228899087174e-05,3.347358766565242e-05,1.3389435066260967e-05,3.682094643221766e-05,2.3431511365956693e-05,2.008415259939145e-05,2.3431511365956693e-05,1.673679383282621e-05,1.3389435066260967e-05,1.0042076299695725e-05,6.694717533130483e-06,1.673679383282621e-05,3.3473587665652417e-06,3.3473587665652417e-06,3.3473587665652417e-06,1.0042076299695725e-05,1.673679383282621e-05,0.0,0.0,3.3473587665652417e-06,1.0042076299695725e-05,3.3473587665652417e-06,3.3473587665652417e-06,6.694717533130483e-06,0.0,3.3473587665652417e-06,1.3389435066260967e-05,0.0,0.0,0.0,0.0,0.0,0.0,0.0,6.694717533130483e-06,0.0,0.0,0.0,0.0,0.0,0.0,0.0,0.0,0.0,0.0,0.0,0.0,0.0,0.0,0.0,0.0,0.0,0.0,0.0,0.0,0.0,0.0,0.0,0.0,3.3473587665652417e-06,0.0,0.0,0.0,0.0,0.0,0.0,0.0,0.0,0.0,0.0,0.0,0.0,0.0,0.0,0.0,0.0,0.0,0.0,0.0,3.3473587665652417e-06,0.0,0.0,0.0,0.0,0.0,0.0,0.0,0.0,3.3473587665652417e-06,0.0,0.0,0.0,0.0,0.0,0.0,0.0,0.0,0.0,0.0,0.0,0.0,0.0,0.0,0.0,0.0,3.3473587665652417e-06,0.0,6.694717533130483e-06,6.694717533130483e-06,0.0,6.694717533130483e-06,0.0,6.694717533130483e-06,0.0,0.0,0.0,0.0,3.3473587665652417e-06,0.0,0.0,3.3473587665652417e-06,3.3473587665652417e-06,3.3473587665652417e-06,3.3473587665652417e-06,0.0,6.694717533130483e-06,3.3473587665652417e-06,0.0,0.0,6.694717533130483e-06,3.3473587665652417e-06,1.0042076299695725e-05,2.008415259939145e-05,6.694717533130483e-06,1.0042076299695725e-05,2.3431511365956693e-05,1.3389435066260967e-05,1.673679383282621e-05,2.008415259939145e-05,1.0042076299695725e-05,2.3431511365956693e-05,2.3431511365956693e-05,4.01683051987829e-05,4.01683051987829e-05,3.0126228899087174e-05,1.3389435066260967e-05,3.0126228899087174e-05,4.6863022731913386e-05,3.682094643221766e-05,2.6778870132521933e-05,4.351566396534814e-05,4.351566396534814e-05,2.008415259939145e-05,5.3557740265043867e-05,4.6863022731913386e-05,6.025245779817435e-05,4.01683051987829e-05,3.682094643221766e-05,4.6863022731913386e-05,3.682094643221766e-05,2.6778870132521933e-05,4.6863022731913386e-05,4.01683051987829e-05,3.682094643221766e-05,8.03366103975658e-05,3.0126228899087174e-05,3.347358766565242e-05,2.6778870132521933e-05,3.3473587665652417e-06,1.673679383282621e-05,1.673679383282621e-05,2.3431511365956693e-05,6.694717533130483e-06,6.694717533130483e-06,2.008415259939145e-05,6.694717533130483e-06,2.008415259939145e-05,1.3389435066260967e-05,1.3389435066260967e-05,1.673679383282621e-05,0.0,0.0,6.694717533130483e-06,1.0042076299695725e-05,2.008415259939145e-05,1.673679383282621e-05,3.3473587665652417e-06,0.0,3.3473587665652417e-06,0.0,0.0,0.0,0.0,3.3473587665652417e-06,3.3473587665652417e-06,0.0,0.0,3.3473587665652417e-06,0.0,3.3473587665652417e-06,3.3473587665652417e-06,0.0
0.0,0.0,0.0,3.3473587665652417e-06,0.0,0.0,0.0,0.0,6.694717533130483e-06,0.0,0.0,0.0,0.0,0.0,3.3473587665652417e-06,0.0,0.0,0.0,0.0,0.0,0.0,0.0,0.0,0.0,0.0,0.0,0.0,0.0,0.0,0.0,0.0,0.0,0.0,0.0,0.0,0.0,0.0,0.0,0.0,0.0,0.0,0.0,0.0,0.0,0.0,0.0,0.0,0.0,0.0,0.0,0.0,0.0,0.0,0.0,0.0,0.0,0.0,3.3473587665652417e-06,0.0,0.0,0.0,0.0,0.0,0.0,0.0,0.0,0.0,0.0,0.0,0.0,0.0,0.0,0.0,0.0,0.0,0.0,0.0,0.0,0.0,3.3473587665652417e-06,0.0,6.694717533130483e-06,0.0,0.0,3.3473587665652417e-06,0.0,0.0,0.0,0.0,0.0,0.0,0.0,0.0,0.0,3.3473587665652417e-06,0.0,3.3473587665652417e-06,3.3473587665652417e-06,0.0,3.3473587665652417e-06,0.0,0.0,0.0,1.3389435066260967e-05,3.3473587665652417e-06,3.3473587665652417e-06,3.3473587665652417e-06,3.3473587665652417e-06,1.3389435066260967e-05,6.694717533130483e-06,3.3473587665652417e-06,3.3473587665652417e-06,3.0126228899087174e-05,2.008415259939145e-05,3.3473587665652417e-06,3.3473587665652417e-06,2.008415259939145e-05,3.347358766565242e-05,4.6863022731913386e-05,3.347358766565242e-05,2.008415259939145e-05,2.3431511365956693e-05,4.6863022731913386e-05,6.35998165647396e-05,6.025245779817435e-05,9.037868669726152e-05,0.00018745209092765354,0.00015732586202856636,0.00011381019806321822,0.00014393642696230538,0.00014728378572887064,0.00017406265586139257,0.00021088360229361023,0.0002443571899592626,0.00015063114449543588,0.00022092567859330594,0.00019079944969421878,0.00015397850326200112,0.00018745209092765354,0.00017071529709482733,0.00015732586202856636,0.00015063114449543588,0.00011381019806321822,0.00016402057956169683,0.00014728378572887064,0.00011381019806321822,0.0001037681217635225,0.00010042076299695725,5.3557740265043867e-05,9.707340423039201e-05,6.35998165647396e-05,6.35998165647396e-05,4.6863022731913386e-05,3.347358766565242e-05,3.682094643221766e-05,2.008415259939145e-05,6.35998165647396e-05,2.008415259939145e-05,2.3431511365956693e-05,1.673679383282621e-05,1.673679383282621e-05,4.351566396534814e-05,2.008415259939145e-05,4.6863022731913386e-05,2.3431511365956693e-05,2.3431511365956693e-05,4.351566396534814e-05,3.0126228899087174e-05,2.6778870132521933e-05,1.0042076299695725e-05,1.0042076299695725e-05,0.0,6.694717533130483e-06,0.0,0.0,3.3473587665652417e-06,0.0,3.3473587665652417e-06,6.694717533130483e-06,0.0,0.0,0.0,3.3473587665652417e-06,0.0,0.0,0.0,0.0,3.3473587665652417e-06,0.0,0.0,0.0,0.0,0.0,0.0,0.0,3.3473587665652417e-06,0.0,0.0,0.0,0.0,0.0,0.0,0.0,0.0,0.0,0.0,0.0,0.0,0.0,0.0,0.0,0.0,0.0,0.0,0.0,0.0,0.0,0.0,0.0,0.0,0.0,0.0,0.0,0.0,0.0,0.0,0.0,0.0,0.0,0.0,0.0,0.0,0.0,0.0,0.0,0.0,0.0,0.0,0.0,0.0,0.0,6.694717533130483e-06,0.0,0.0,0.0,0.0,0.0,0.0,0.0,0.0,0.0,0.0,0.0,0.0,0.0,0.0,0.0,0.0,3.3473587665652417e-06,3.3473587665652417e-06,3.3473587665652417e-06,0.0,0.0,0.0,3.347358766565242e-05,3.3473587665652417e-06,0.0,0.0,0.0,3.3473587665652417e-06,1.0042076299695725e-05,6.694717533130483e-06,6.694717533130483e-06,0.0,0.0,0.0,3.3473587665652417e-06,0.0,3.3473587665652417e-06,3.3473587665652417e-06,6.694717533130483e-06,3.3473587665652417e-06,3.3473587665652417e-06,1.0042076299695725e-05,3.3473587665652417e-06,6.694717533130483e-06,1.0042076299695725e-05,1.0042076299695725e-05,0.0,0.0,6.694717533130483e-06,0.0,1.0042076299695725e-05,6.694717533130483e-06,6.694717533130483e-06,3.0126228899087174e-05,1.3389435066260967e-05,1.673679383282621e-05,1.0042076299695725e-05,3.0126228899087174e-05,1.673679383282621e-05,6.025245779817435e-05,4.6863022731913386e-05,2.3431511365956693e-05,3.682094643221766e-05,3.347358766565242e-05,3.347358766565242e-05,1.0042076299695725e-05,3.682094643221766e-05,5.021038149847862e-05,4.351566396534814e-05,6.694717533130483e-05,3.347358766565242e-05,4.01683051987829e-05,7.029453409787007e-05,2.6778870132521933e-05,6.025245779817435e-05,2.6778870132521933e-05,2.6778870132521933e-05,2.6778870132521933e-05,2.008415259939145e-05,2.008415259939145e-05,2.3431511365956693e-05,3.0126228899087174e-05,2.008415259939145e-05,1.0042076299695725e-05,4.01683051987829e-05,2.3431511365956693e-05,1.673679383282621e-05,1.0042076299695725e-05,6.694717533130483e-06,3.3473587665652417e-06,1.3389435066260967e-05,1.0042076299695725e-05,1.3389435066260967e-05,3.0126228899087174e-05,0.0,0.0,6.694717533130483e-06,3.3473587665652417e-06,3.3473587665652417e-06,1.3389435066260967e-05,1.0042076299695725e-05,3.3473587665652417e-06,0.0,0.0,0.0,0.0,1.0042076299695725e-05,0.0,3.3473587665652417e-06,0.0,0.0,0.0,0.0,1.0042076299695725e-05,0.0,0.0,0.0,3.3473587665652417e-06
6.694717533130483e-06,0.0,6.694717533130483e-06,0.0,3.3473587665652417e-06,0.0,3.3473587665652417e-06,0.0,0.0,0.0,3.3473587665652417e-06,0.0,0.0,0.0,0.0,0.0,0.0,0.0,0.0,0.0,0.0,0.0,0.0,0.0,0.0,0.0,0.0,0.0,0.0,0.0,0.0,0.0,0.0,0.0,0.0,0.0,0.0,0.0,0.0,0.0,0.0,0.0,0.0,0.0,0.0,0.0,0.0,0.0,0.0,0.0,0.0,0.0,0.0,0.0,0.0,0.0,0.0,0.0,0.0,0.0,0.0,0.0,0.0,0.0,0.0,0.0,0.0,0.0,0.0,0.0,0.0,0.0,0.0,0.0,0.0,0.0,0.0,0.0,0.0,0.0,0.0,0.0,0.0,0.0,0.0,3.3473587665652417e-06,0.0,0.0,0.0,0.0,3.3473587665652417e-06,0.0,0.0,0.0,0.0,0.0,6.694717533130483e-06,3.3473587665652417e-06,0.0,3.3473587665652417e-06,0.0,1.0042076299695725e-05,0.0,0.0,0.0,0.0,0.0,3.3473587665652417e-06,6.694717533130483e-06,6.694717533130483e-06,1.0042076299695725e-05,1.0042076299695725e-05,2.6778870132521933e-05,1.0042076299695725e-05,2.008415259939145e-05,1.0042076299695725e-05,1.3389435066260967e-05,1.3389435066260967e-05,3.0126228899087174e-05,4.351566396534814e-05,1.3389435066260967e-05,5.021038149847862e-05,5.690509903160911e-05,4.6863022731913386e-05,8.368396916413105e-05,7.364189286443532e-05,9.372604546382677e-05,0.00011715755682978346,0.0001205049155963487,9.707340423039201e-05,0.00011046283929665297,0.0001673679383282621,0.00011715755682978346,0.00011046283929665297,0.0001606732207951316,0.00015732586202856636,0.00010711548053008773,0.0001372417094291749,0.0001606732207951316,0.00012385227436291393,9.037868669726152e-05,0.0001372417094291749,0.00011046283929665297,0.00015063114449543588,0.0001037681217635225,0.00010042076299695725,6.694717533130483e-05,8.703132793069628e-05,8.03366103975658e-05,5.021038149847862e-05,6.35998165647396e-05,5.021038149847862e-05,3.347358766565242e-05,4.6863022731913386e-05,3.682094643221766e-05,2.3431511365956693e-05,2.008415259939145e-05,3.0126228899087174e-05,6.694717533130483e-06,3.3473587665652417e-06,0.0,2.3431511365956693e-05,2.3431511365956693e-05,6.694717533130483e-06,1.673679383282621e-05,1.0042076299695725e-05,0.0,2.008415259939145e-05,1.0042076299695725e-05,1.0042076299695725e-05,3.3473587665652417e-06,0.0,6.694717533130483e-06,6.694717533130483e-06,1.0042076299695725e-05,0.0,0.0,0.0,6.694717533130483e-06,6.694717533130483e-06,0.0,3.3473587665652417e-06,3.3473587665652417e-06,0.0,3.3473587665652417e-06,0.0,0.0,0.0,0.0,3.3473587665652417e-06,0.0,0.0,0.0,0.0,3.3473587665652417e-06,0.0,0.0,0.0,0.0,0.0,0.0,0.0,0.0,0.0,0.0,0.0,0.0,0.0,0.0,0.0,0.0,0.0,0.0,0.0,0.0,0.0,0.0,0.0,0.0,0.0,0.0,0.0,0.0,0.0,0.0,0.0,0.0,0.0,0.0,0.0,0.0,0.0,0.0,0.0,0.0,0.0,0.0,0.0,0.0,0.0,0.0,0.0,0.0,0.0,3.3473587665652417e-06,3.3473587665652417e-06,0.0,0.0,0.0,0.0,0.0,0.0,0.0,0.0,0.0,0.0,0.0,0.0,0.0,0.0,0.0,3.3473587665652417e-06,0.0,3.3473587665652417e-06,0.0,0.0,0.0,6.694717533130483e-06,0.0,0.0,0.0,3.3473587665652417e-06,0.0,3.3473587665652417e-06,3.3473587665652417e-06,0.0,0.0,6.694717533130483e-06,3.3473587665652417e-06,3.3473587665652417e-06,6.694717533130483e-06,0.0,0.0,3.3473587665652417e-06,3.3473587665652417e-06,0.0,0.0,6.694717533130483e-06,3.3473587665652417e-06,1.0042076299695725e-05,6.694717533130483e-06,1.0042076299695725e-05,1.0042076299695725e-05,3.3473587665652417e-06,6.694717533130483e-06,1.673679383282621e-05,6.694717533130483e-06,1.673679383282621e-05,2.6778870132521933e-05,1.673679383282621e-05,1.0042076299695725e-05,3.0126228899087174e-05,3.682094643221766e-05,3.682094643221766e-05,2.008415259939145e-05,1.673679383282621e-05,2.008415259939145e-05,3.682094643221766e-05,5.3557740265043867e-05,7.029453409787007e-05,3.347358766565242e-05,2.6778870132521933e-05,3.0126228899087174e-05,1.673679383282621e-05,3.682094643221766e-05,2.008415259939145e-05,4.6863022731913386e-05,4.351566396534814e-05,4.351566396534814e-05,3.0126228899087174e-05,2.3431511365956693e-05,1.673679383282621e-05,2.3431511365956693e-05,2.008415259939145e-05,3.347358766565242e-05,1.3389435066260967e-05,3.0126228899087174e-05,1.673679383282621e-05,1.673679383282621e-05,3.3473587665652417e-06,2.6778870132521933e-05,1.0042076299695725e-05,1.0042076299695725e-05,0.0,3.3473587665652417e-06,3.3473587665652417e-06,6.694717533130483e-06,0.0,6.694717533130483e-06,1.3389435066260967e-05,3.3473587665652417e-06,0.0,3.3473587665652417e-06,6.694717533130483e-06,0.0,0.0,6.694717533130483e-06,0.0,0.0,3.3473587665652417e-06,0.0,3.3473587665652417e-06,6.694717533130483e-06,0.0,3.3473587665652417e-06,0.0,0.0,0.0,1.0042076299695725e-05,0.0
0.0,0.0,0.0,0.0,0.0,0.0,0.0,3.3473587665652417e-06,0.0,3.3473587665652417e-06,0.0,0.0,0.0,0.0,0.0,0.0,0.0,0.0,0.0,0.0,0.0,0.0,0.0,0.0,0.0,0.0,0.0,0.0,0.0,0.0,0.0,0.0,0.0,0.0,0.0,0.0,0.0,0.0,0.0,0.0,0.0,0.0,0.0,0.0,0.0,0.0,0.0,0.0,0.0,0.0,0.0,0.0,0.0,0.0,0.0,0.0,0.0,0.0,0.0,0.0,0.0,0.0,0.0,0.0,0.0,3.3473587665652417e-06,0.0,0.0,0.0,0.0,0.0,0.0,0.0,0.0,0.0,0.0,0.0,0.0,0.0,0.0,0.0,0.0,0.0,0.0,0.0,0.0,0.0,0.0,0.0,0.0,3.3473587665652417e-06,3.3473587665652417e-06,0.0,0.0,0.0,0.0,0.0,0.0,0.0,6.694717533130483e-06,0.0,0.0,0.0,0.0,3.3473587665652417e-06,0.0,3.3473587665652417e-06,6.694717533130483e-06,6.694717533130483e-06,1.0042076299695725e-05,1.0042076299695725e-05,6.694717533130483e-06,1.673679383282621e-05,1.673679383282621e-05,2.3431511365956693e-05,1.3389435066260967e-05,2.6778870132521933e-05,5.021038149847862e-05,2.6778870132521933e-05,4.351566396534814e-05,4.351566396534814e-05,3.347358766565242e-05,6.694717533130483e-05,6.025245779817435e-05,3.0126228899087174e-05,5.021038149847862e-05,0.00011046283929665297,0.00010711548053008773,8.703132793069628e-05,0.00014393642696230538,0.00015397850326200112,0.00015732586202856636,0.00011715755682978346,0.0001372417094291749,0.00010711548053008773,0.00011381019806321822,0.00013389435066260967,0.00011381019806321822,0.00011715755682978346,0.00010711548053008773,0.0001205049155963487,0.00010042076299695725,9.372604546382677e-05,0.00010042076299695725,7.364189286443532e-05,6.694717533130483e-05,6.35998165647396e-05,6.694717533130483e-05,3.0126228899087174e-05,5.690509903160911e-05,5.690509903160911e-05,3.347358766565242e-05,3.682094643221766e-05,3.3473587665652417e-06,4.6863022731913386e-05,2.3431511365956693e-05,0.0,1.0042076299695725e-05,2.3431511365956693e-05,3.3473587665652417e-06,6.694717533130483e-06,1.0042076299695725e-05,3.3473587665652417e-06,3.3473587665652417e-06,3.3473587665652417e-06,3.3473587665652417e-06,1.0042076299695725e-05,1.3389435066260967e-05,1.0042076299695725e-05,1.3389435066260967e-05,6.694717533130483e-06,3.3473587665652417e-06,3.3473587665652417e-06,0.0,3.3473587665652417e-06,0.0,6.694717533130483e-06,3.3473587665652417e-06,0.0,0.0,0.0,0.0,0.0,0.0,0.0,0.0,0.0,3.3473587665652417e-06,0.0,0.0,0.0,0.0,0.0,0.0,0.0,0.0,0.0,0.0,0.0,0.0,0.0,0.0,0.0,0.0,0.0,0.0,0.0,0.0,0.0,0.0,0.0,0.0,0.0,0.0,0.0,0.0,0.0,0.0,0.0,0.0,0.0,0.0,0.0,0.0,0.0,0.0,0.0,0.0,0.0,0.0,0.0,0.0,0.0,0.0,0.0,0.0,0.0,0.0,0.0,0.0,0.0,3.3473587665652417e-06,0.0,0.0,0.0,0.0,0.0,0.0,0.0,3.3473587665652417e-06,0.0,0.0,0.0,0.0,0.0,0.0,0.0,0.0,0.0,6.694717533130483e-06,3.3473587665652417e-06,0.0,0.0,0.0,3.3473587665652417e-06,0.0,3.3473587665652417e-06,0.0,0.0,0.0,0.0,0.0,0.0,0.0,0.0,0.0,0.0,0.0,6.694717533130483e-06,0.0,3.3473587665652417e-06,3.3473587665652417e-06,0.0,0.0,3.3473587665652417e-06,3.3473587665652417e-06,6.694717533130483e-06,3.3473587665652417e-06,3.3473587665652417e-06,3.3473587665652417e-06,1.673679383282621e-05,1.3389435066260967e-05,1.0042076299695725e-05,3.3473587665652417e-06,6.694717533130483e-06,1.673679383282621e-05,3.3473587665652417e-06,1.0042076299695725e-05,1.673679383282621e-05,1.0042076299695725e-05,1.673679383282621e-05,1.673679383282621e-05,4.351566396534814e-05,3.347358766565242e-05,3.0126228899087174e-05,3.682094643221766e-05,2.3431511365956693e-05,4.351566396534814e-05,2.6778870132521933e-05,3.0126228899087174e-05,4.01683051987829e-05,3.347358766565242e-05,6.694717533130483e-06,1.3389435066260967e-05,3.0126228899087174e-05,4.01683051987829e-05,2.6778870132521933e-05,3.0126228899087174e-05,1.673679383282621e-05,1.3389435066260967e-05,1.673679383282621e-05,4.01683051987829e-05,1.673679383282621e-05,2.3431511365956693e-05,2.008415259939145e-05,1.3389435066260967e-05,1.673679383282621e-05,1.0042076299695725e-05,1.0042076299695725e-05,1.0042076299695725e-05,6.694717533130483e-06,0.0,6.694717533130483e-06,1.0042076299695725e-05,6.694717533130483e-06,1.0042076299695725e-05,1.0042076299695725e-05,6.694717533130483e-06,6.694717533130483e-06,3.3473587665652417e-06,0.0,1.0042076299695725e-05,3.3473587665652417e-06,0.0,0.0,0.0,0.0,3.3473587665652417e-06,0.0,0.0,3.3473587665652417e-06,0.0,0.0,0.0,0.0,0.0,0.0,0.0,0.0,3.3473587665652417e-06
0.0,0.0,0.0,0.0,0.0,0.0,0.0,0.0,0.0,0.0,0.0,0.0,0.0,0.0,0.0,0.0,0.0,0.0,0.0,0.0,0.0,0.0,0.0,0.0,0.0,0.0,0.0,0.0,0.0,0.0,0.0,0.0,0.0,0.0,0.0,0.0,0.0,0.0,0.0,0.0,0.0,0.0,0.0,0.0,0.0,0.0,0.0,0.0,0.0,0.0,0.0,0.0,0.0,0.0,0.0,0.0,0.0,0.0,0.0,0.0,0.0,0.0,0.0,0.0,0.0,0.0,0.0,0.0,0.0,0.0,0.0,0.0,0.0,0.0,0.0,0.0,0.0,0.0,0.0,0.0,0.0,0.0,0.0,0.0,0.0,0.0,0.0,0.0,0.0,0.0,0.0,3.3473587665652417e-06,0.0,0.0,0.0,0.0,0.0,0.0,0.0,3.3473587665652417e-06,0.0,0.0,0.0,0.0,3.3473587665652417e-06,0.0,0.0,0.0,0.0,0.0,1.0042076299695725e-05,3.3473587665652417e-06,6.694717533130483e-06,6.694717533130483e-06,1.3389435066260967e-05,2.6778870132521933e-05,1.0042076299695725e-05,1.0042076299695725e-05,2.6778870132521933e-05,1.0042076299695725e-05,4.01683051987829e-05,2.3431511365956693e-05,6.35998165647396e-05,5.3557740265043867e-05,6.35998165647396e-05,7.364189286443532e-05,5.690509903160911e-05,9.707340423039201e-05,0.00010042076299695725,0.00010042076299695725,9.707340423039201e-05,0.00014393642696230538,9.037868669726152e-05,0.00011046283929665297,0.00011381019806321822,0.00011046283929665297,0.00011046283929665297,0.0001606732207951316,0.00011715755682978346,9.372604546382677e-05,7.029453409787007e-05,9.372604546382677e-05,8.368396916413105e-05,7.364189286443532e-05,0.00011381019806321822,6.694717533130483e-05,7.364189286443532e-05,4.351566396534814e-05,3.0126228899087174e-05,5.690509903160911e-05,2.3431511365956693e-05,3.0126228899087174e-05,4.01683051987829e-05,1.673679383282621e-05,6.694717533130483e-06,3.682094643221766e-05,3.3473587665652417e-06,1.3389435066260967e-05,2.008415259939145e-05,3.3473587665652417e-06,1.0042076299695725e-05,6.694717533130483e-06,3.3473587665652417e-06,2.008415259939145e-05,6.694717533130483e-06,2.6778870132521933e-05,3.3473587665652417e-06,3.3473587665652417e-06,3.3473587665652417e-06,0.0,0.0,0.0,0.0,1.3389435066260967e-05,0.0,0.0,3.3473587665652417e-06,0.0,3.3473587665652417e-06,0.0,0.0,0.0,0.0,0.0,3.3473587665652417e-06,0.0,0.0,0.0,0.0,0.0,0.0,0.0,0.0,0.0,0.0,0.0,0.0,0.0,0.0,0.0,0.0,0.0,0.0,0.0,0.0,0.0,0.0,3.3473587665652417e-06,0.0,0.0,0.0,0.0,0.0,0.0,0.0,0.0,0.0,0.0,0.0,0.0,0.0,0.0,0.0,0.0,0.0,0.0,0.0,0.0,0.0,0.0,0.0,0.0,0.0,0.0,0.0,0.0,0.0,0.0,0.0,0.0,0.0,0.0,0.0,0.0,0.0,0.0,0.0,0.0,0.0,0.0,3.3473587665652417e-06,0.0,0.0,0.0,0.0,0.0,3.3473587665652417e-06,3.3473587665652417e-06,3.3473587665652417e-06,3.3473587665652417e-06,3.3473587665652417e-06,3.3473587665652417e-06,0.0,0.0,0.0,0.0,0.0,0.0,0.0,0.0,0.0,3.3473587665652417e-06,3.3473587665652417e-06,3.3473587665652417e-06,0.0,0.0,0.0,0.0,6.694717533130483e-06,0.0,6.694717533130483e-06,6.694717533130483e-06,6.694717533130483e-06,0.0,6.694717533130483e-06,6.694717533130483e-06,1.0042076299695725e-05,3.3473587665652417e-06,3.3473587665652417e-06,3.3473587665652417e-06,1.0042076299695725e-05,1.0042076299695725e-05,6.694717533130483e-06,1.673679383282621e-05,1.0042076299695725e-05,1.0042076299695725e-05,1.0042076299695725e-05,1.3389435066260967e-05,2.6778870132521933e-05,2.008415259939145e-05,1.0042076299695725e-05,2.3431511365956693e-05,2.008415259939145e-05,3.0126228899087174e-05,3.682094643221766e-05,2.6778870132521933e-05,2.3431511365956693e-05,1.3389435066260967e-05,2.6778870132521933e-05,4.01683051987829e-05,3.347358766565242e-05,5.021038149847862e-05,2.3431511365956693e-05,4.01683051987829e-05,3.347358766565242e-05,1.673679383282621e-05,2.008415259939145e-05,4.351566396534814e-05,1.3389435066260967e-05,2.6778870132521933e-05,2.6778870132521933e-05,1.673679383282621e-05,4.01683051987829e-05,6.694717533130483e-06,6.694717533130483e-06,1.673679383282621e-05,1.673679383282621e-05,1.3389435066260967e-05,3.3473587665652417e-06,1.0042076299695725e-05,1.3389435066260967e-05,1.3389435066260967e-05,6.694717533130483e-06,6.694717533130483e-06,3.3473587665652417e-06,3.3473587665652417e-06,6.694717533130483e-06,3.3473587665652417e-06,1.3389435066260967e-05,6.694717533130483e-06,3.3473587665652417e-06,0.0,0.0,6.694717533130483e-06,0.0,0.0,0.0,0.0,0.0,3.3473587665652417e-06,0.0,0.0,0.0,3.3473587665652417e-06,3.3473587665652417e-06,0.0,3.3473587665652417e-06,3.3473587665652417e-06,3.3473587665652417e-06,0.0
0.0,0.0,3.3473587665652417e-06,0.0,0.0,0.0,0.0,0.0,3.3473587665652417e-06,0.0,0.0,0.0,0.0,0.0,0.0,0.0,0.0,0.0,0.0,0.0,0.0,0.0,0.0,0.0,0.0,0.0,0.0,0.0,0.0,0.0,0.0,0.0,0.0,0.0,0.0,0.0,0.0,0.0,0.0,0.0,0.0,0.0,0.0,0.0,0.0,0.0,0.0,0.0,0.0,0.0,0.0,0.0,3.3473587665652417e-06,0.0,0.0,0.0,0.0,0.0,0.0,0.0,0.0,0.0,0.0,0.0,0.0,0.0,0.0,3.3473587665652417e-06,0.0,0.0,0.0,0.0,0.0,0.0,0.0,0.0,0.0,0.0,0.0,0.0,0.0,3.3473587665652417e-06,3.3473587665652417e-06,0.0,0.0,0.0,0.0,0.0,0.0,0.0,0.0,0.0,0.0,0.0,0.0,0.0,3.3473587665652417e-06,6.694717533130483e-06,0.0,3.3473587665652417e-06,0.0,0.0,3.3473587665652417e-06,0.0,0.0,3.3473587665652417e-06,0.0,3.3473587665652417e-06,1.0042076299695725e-05,3.3473587665652417e-06,1.0042076299695725e-05,1.0042076299695725e-05,6.694717533130483e-06,1.0042076299695725e-05,1.0042076299695725e-05,1.0042076299695725e-05,1.0042076299695725e-05,6.694717533130483e-06,3.347358766565242e-05,4.6863022731913386e-05,5.3557740265043867e-05,2.008415259939145e-05,5.690509903160911e-05,5.690509903160911e-05,5.021038149847862e-05,4.351566396534814e-05,4.01683051987829e-05,4.6863022731913386e-05,5.690509903160911e-05,0.0001037681217635225,9.707340423039201e-05,9.037868669726152e-05,9.372604546382677e-05,8.703132793069628e-05,9.037868669726152e-05,9.707340423039201e-05,0.00011046283929665297,0.00010711548053008773,0.00010711548053008773,9.372604546382677e-05,4.351566396534814e-05,6.35998165647396e-05,6.35998165647396e-05,6.35998165647396e-05,6.35998165647396e-05,5.3557740265043867e-05,5.690509903160911e-05,5.3557740265043867e-05,4.351566396534814e-05,5.021038149847862e-05,3.347358766565242e-05,1.673679383282621e-05,4.01683051987829e-05,1.0042076299695725e-05,1.3389435066260967e-05,2.6778870132521933e-05,1.673679383282621e-05,3.347358766565242e-05,3.3473587665652417e-06,3.3473587665652417e-06,3.0126228899087174e-05,1.673679383282621e-05,3.682094643221766e-05,0.0,6.694717533130483e-06,3.3473587665652417e-06,1.3389435066260967e-05,6.694717533130483e-06,1.0042076299695725e-05,0.0,1.0042076299695725e-05,0.0,3.3473587665652417e-06,3.3473587665652417e-06,3.3473587665652417e-06,3.3473587665652417e-06,6.694717533130483e-06,3.3473587665652417e-06,0.0,0.0,0.0,0.0,0.0,0.0,0.0,0.0,3.3473587665652417e-06,0.0,0.0,0.0,0.0,0.0,0.0,0.0,0.0,0.0,0.0,0.0,0.0,0.0,0.0,0.0,0.0,6.694717533130483e-06,0.0,0.0,0.0,0.0,0.0,0.0,0.0,0.0,0.0,0.0,0.0,0.0,0.0,0.0,0.0,0.0,0.0,0.0,0.0,0.0,0.0,0.0,0.0,0.0,0.0,0.0,0.0,0.0,0.0,0.0,0.0,0.0,0.0,0.0,0.0,0.0,0.0,0.0,0.0,0.0,0.0,0.0,0.0,0.0,0.0,0.0,0.0,0.0,0.0,0.0,3.3473587665652417e-06,0.0,0.0,0.0,0.0,3.3473587665652417e-06,0.0,0.0,0.0,0.0,0.0,3.3473587665652417e-06,0.0,0.0,3.3473587665652417e-06,3.3473587665652417e-06,0.0,0.0,0.0,0.0,3.3473587665652417e-06,0.0,1.3389435066260967e-05,0.0,3.3473587665652417e-06,6.694717533130483e-06,3.3473587665652417e-06,1.3389435066260967e-05,0.0,3.3473587665652417e-06,0.0,6.694717533130483e-06,1.673679383282621e-05,3.3473587665652417e-06,6.694717533130483e-06,3.3473587665652417e-06,0.0,3.3473587665652417e-06,1.673679383282621e-05,0.0,6.694717533130483e-06,6.694717533130483e-06,0.0,1.673679383282621e-05,3.0126228899087174e-05,6.694717533130483e-06,1.0042076299695725e-05,1.673679383282621e-05,1.3389435066260967e-05,2.6778870132521933e-05,5.021038149847862e-05,3.682094643221766e-05,1.673679383282621e-05,5.690509903160911e-05,1.3389435066260967e-05,3.347358766565242e-05,6.694717533130483e-06,4.01683051987829e-05,2.3431511365956693e-05,2.3431511365956693e-05,1.673679383282621e-05,2.3431511365956693e-05,1.3389435066260967e-05,2.008415259939145e-05,1.0042076299695725e-05,2.3431511365956693e-05,1.3389435066260967e-05,1.0042076299695725e-05,2.3431511365956693e-05,3.3473587665652417e-06,1.3389435066260967e-05,1.0042076299695725e-05,0.0,2.008415259939145e-05,3.3473587665652417e-06,3.3473587665652417e-06,3.3473587665652417e-06,6.694717533130483e-06,6.694717533130483e-06,3.3473587665652417e-06,6.694717533130483e-06,3.3473587665652417e-06,3.3473587665652417e-06,0.0,0.0,1.0042076299695725e-05,0.0,0.0,1.0042076299695725e-05,0.0,0.0,3.3473587665652417e-06,0.0,0.0,0.0,0.0,6.694717533130483e-06,0.0,0.0,0.0,0.0,3.3473587665652417e-06,0.0,0.0,0.0,0.0
0.0,0.0,0.0,0.0,0.0,0.0,0.0,0.0,0.0,0.0,0.0,0.0,0.0,0.0,3.3473587665652417e-06,0.0,0.0,0.0,0.0,0.0,0.0,0.0,0.0,0.0,0.0,0.0,0.0,0.0,0.0,0.0,0.0,0.0,0.0,0.0,0.0,0.0,0.0,0.0,0.0,0.0,0.0,0.0,0.0,0.0,0.0,0.0,0.0,0.0,0.0,0.0,0.0,0.0,0.0,0.0,0.0,0.0,0.0,0.0,0.0,0.0,0.0,0.0,0.0,0.0,0.0,0.0,0.0,0.0,0.0,0.0,0.0,0.0,0.0,0.0,0.0,0.0,0.0,0.0,0.0,0.0,0.0,0.0,0.0,0.0,0.0,0.0,3.3473587665652417e-06,0.0,0.0,0.0,0.0,3.3473587665652417e-06,0.0,0.0,0.0,6.694717533130483e-06,0.0,3.3473587665652417e-06,3.3473587665652417e-06,0.0,0.0,3.3473587665652417e-06,0.0,3.3473587665652417e-06,3.3473587665652417e-06,0.0,0.0,3.3473587665652417e-06,3.3473587665652417e-06,0.0,0.0,6.694717533130483e-06,3.3473587665652417e-06,1.0042076299695725e-05,2.3431511365956693e-05,2.008415259939145e-05,2.008415259939145e-05,3.0126228899087174e-05,3.0126228899087174e-05,5.690509903160911e-05,5.3557740265043867e-05,4.01683051987829e-05,2.6778870132521933e-05,2.6778870132521933e-05,5.690509903160911e-05,4.351566396534814e-05,6.025245779817435e-05,5.690509903160911e-05,6.025245779817435e-05,7.029453409787007e-05,6.025245779817435e-05,7.364189286443532e-05,7.029453409787007e-05,6.694717533130483e-05,8.03366103975658e-05,7.364189286443532e-05,0.00010711548053008773,9.037868669726152e-05,8.368396916413105e-05,9.372604546382677e-05,9.372604546382677e-05,6.35998165647396e-05,3.347358766565242e-05,3.347358766565242e-05,5.3557740265043867e-05,5.3557740265043867e-05,7.364189286443532e-05,4.351566396534814e-05,3.0126228899087174e-05,2.008415259939145e-05,3.347358766565242e-05,3.0126228899087174e-05,1.0042076299695725e-05,1.0042076299695725e-05,3.0126228899087174e-05,1.673679383282621e-05,1.0042076299695725e-05,1.0042076299695725e-05,3.3473587665652417e-06,1.3389435066260967e-05,3.3473587665652417e-06,3.3473587665652417e-06,0.0,3.3473587665652417e-06,1.3389435066260967e-05,0.0,3.3473587665652417e-06,0.0,3.3473587665652417e-06,0.0,0.0,0.0,0.0,2.6778870132521933e-05,0.0,3.3473587665652417e-06,6.694717533130483e-06,0.0,0.0,0.0,0.0,0.0,0.0,0.0,3.3473587665652417e-06,0.0,0.0,0.0,3.3473587665652417e-06,0.0,0.0,0.0,0.0,0.0,0.0,0.0,0.0,0.0,0.0,0.0,0.0,0.0,0.0,0.0,0.0,0.0,0.0,0.0,0.0,0.0,0.0,0.0,0.0,0.0,0.0,0.0,0.0,0.0,0.0,0.0,0.0,0.0,0.0,0.0,0.0,0.0,0.0,0.0,0.0,0.0,0.0,0.0,0.0,0.0,0.0,0.0,0.0,0.0,0.0,0.0,0.0,0.0,0.0,0.0,0.0,0.0,0.0,0.0,6.694717533130483e-06,0.0,0.0,0.0,0.0,0.0,0.0,6.694717533130483e-06,0.0,3.3473587665652417e-06,0.0,0.0,3.3473587665652417e-06,3.3473587665652417e-06,0.0,0.0,0.0,0.0,0.0,3.3473587665652417e-06,3.3473587665652417e-06,0.0,3.3473587665652417e-06,0.0,0.0,0.0,0.0,0.0,6.694717533130483e-06,0.0,0.0,1.0042076299695725e-05,0.0,1.0042076299695725e-05,0.0,0.0,0.0,3.3473587665652417e-06,3.3473587665652417e-06,3.3473587665652417e-06,1.0042076299695725e-05,3.3473587665652417e-06,6.694717533130483e-06,6.694717533130483e-06,3.3473587665652417e-06,6.694717533130483e-06,3.3473587665652417e-06,3.3473587665652417e-06,1.673679383282621e-05,6.694717533130483e-06,1.673679383282621e-05,1.3389435066260967e-05,2.3431511365956693e-05,3.0126228899087174e-05,1.673679383282621e-05,6.35998165647396e-05,3.347358766565242e-05,3.347358766565242e-05,3.0126228899087174e-05,1.3389435066260967e-05,2.008415259939145e-05,1.673679383282621e-05,5.690509903160911e-05,1.0042076299695725e-05,3.3473587665652417e-06,3.347358766565242e-05,3.0126228899087174e-05,1.673679383282621e-05,1.0042076299695725e-05,1.673679383282621e-05,2.008415259939145e-05,2.008415259939145e-05,3.0126228899087174e-05,2.008415259939145e-05,1.673679383282621e-05,0.0,6.694717533130483e-06,3.3473587665652417e-06,0.0,1.3389435066260967e-05,1.0042076299695725e-05,1.0042076299695725e-05,3.3473587665652417e-06,3.3473587665652417e-06,1.3389435066260967e-05,0.0,0.0,3.3473587665652417e-06,6.694717533130483e-06,1.0042076299695725e-05,6.694717533130483e-06,3.3473587665652417e-06,6.694717533130483e-06,0.0,3.3473587665652417e-06,3.3473587665652417e-06,0.0,0.0,0.0,0.0,1.3389435066260967e-05,0.0,3.3473587665652417e-06,0.0,0.0,3.3473587665652417e-06,0.0,0.0,0.0,3.3473587665652417e-06,0.0,0.0
0.0,0.0,3.3473587665652417e-06,0.0,0.0,0.0,0.0,0.0,0.0,0.0,0.0,0.0,0.0,0.0,0.0,0.0,0.0,0.0,0.0,0.0,0.0,0.0,0.0,0.0,0.0,0.0,0.0,0.0,0.0,0.0,0.0,0.0,0.0,0.0,0.0,0.0,0.0,0.0,0.0,0.0,0.0,0.0,0.0,0.0,0.0,0.0,0.0,0.0,0.0,0.0,0.0,0.0,0.0,0.0,0.0,0.0,0.0,0.0,0.0,0.0,0.0,0.0,0.0,0.0,0.0,0.0,0.0,0.0,0.0,0.0,0.0,0.0,0.0,0.0,0.0,0.0,0.0,3.3473587665652417e-06,0.0,0.0,0.0,0.0,0.0,0.0,0.0,0.0,0.0,0.0,0.0,0.0,0.0,0.0,0.0,0.0,0.0,0.0,0.0,3.3473587665652417e-06,3.3473587665652417e-06,0.0,3.3473587665652417e-06,0.0,0.0,0.0,1.0042076299695725e-05,3.3473587665652417e-06,3.3473587665652417e-06,6.694717533130483e-06,3.3473587665652417e-06,3.3473587665652417e-06,3.3473587665652417e-06,6.694717533130483e-06,2.3431511365956693e-05,3.3473587665652417e-06,6.694717533130483e-06,1.3389435066260967e-05,3.0126228899087174e-05,1.673679383282621e-05,2.3431511365956693e-05,2.6778870132521933e-05,2.3431511365956693e-05,3.682094643221766e-05,2.6778870132521933e-05,3.347358766565242e-05,6.025245779817435e-05,5.690509903160911e-05,3.347358766565242e-05,5.690509903160911e-05,5.3557740265043867e-05,7.029453409787007e-05,5.3557740265043867e-05,7.698925163100056e-05,2.008415259939145e-05,8.368396916413105e-05,7.029453409787007e-05,8.368396916413105e-05,6.35998165647396e-05,6.35998165647396e-05,5.021038149847862e-05,5.3557740265043867e-05,3.347358766565242e-05,4.351566396534814e-05,6.694717533130483e-05,6.694717533130483e-05,2.6778870132521933e-05,3.682094643221766e-05,3.0126228899087174e-05,3.682094643221766e-05,6.694717533130483e-06,3.0126228899087174e-05,1.3389435066260967e-05,2.3431511365956693e-05,1.673679383282621e-05,1.3389435066260967e-05,1.0042076299695725e-05,3.3473587665652417e-06,6.694717533130483e-06,1.0042076299695725e-05,2.3431511365956693e-05,2.3431511365956693e-05,6.694717533130483e-06,3.3473587665652417e-06,3.3473587665652417e-06,0.0,0.0,3.3473587665652417e-06,0.0,0.0,3.3473587665652417e-06,0.0,0.0,0.0,0.0,3.3473587665652417e-06,0.0,3.3473587665652417e-06,0.0,0.0,0.0,0.0,0.0,0.0,0.0,0.0,3.3473587665652417e-06,0.0,0.0,0.0,0.0,0.0,0.0,0.0,0.0,0.0,0.0,0.0,0.0,0.0,0.0,0.0,0.0,0.0,0.0,0.0,0.0,0.0,0.0,0.0,0.0,0.0,0.0,0.0,0.0,0.0,0.0,0.0,0.0,0.0,0.0,0.0,0.0,0.0,0.0,0.0,0.0,0.0,3.3473587665652417e-06,0.0,0.0,0.0,0.0,0.0,0.0,0.0,0.0,0.0,0.0,0.0,0.0,0.0,0.0,0.0,0.0,0.0,0.0,0.0,0.0,0.0,0.0,0.0,0.0,0.0,0.0,0.0,0.0,0.0,0.0,0.0,3.3473587665652417e-06,0.0,0.0,0.0,0.0,0.0,1.0042076299695725e-05,0.0,0.0,0.0,0.0,0.0,0.0,0.0,0.0,6.694717533130483e-06,0.0,3.3473587665652417e-06,3.3473587665652417e-06,6.694717533130483e-06,0.0,0.0,3.3473587665652417e-06,3.3473587665652417e-06,3.3473587665652417e-06,3.3473587665652417e-06,1.0042076299695725e-05,6.694717533130483e-06,6.694717533130483e-06,6.694717533130483e-06,3.3473587665652417e-06,1.3389435066260967e-05,3.3473587665652417e-06,0.0,6.694717533130483e-06,1.0042076299695725e-05,6.694717533130483e-06,1.0042076299695725e-05,0.0,1.3389435066260967e-05,2.008415259939145e-05,1.0042076299695725e-05,1.0042076299695725e-05,5.021038149847862e-05,2.008415259939145e-05,2.6778870132521933e-05,0.0,3.0126228899087174e-05,2.3431511365956693e-05,1.673679383282621e-05,1.673679383282621e-05,1.3389435066260967e-05,6.694717533130483e-06,1.3389435066260967e-05,1.673679383282621e-05,1.673679383282621e-05,1.3389435066260967e-05,1.673679383282621e-05,3.3473587665652417e-06,2.3431511365956693e-05,1.3389435066260967e-05,6.694717533130483e-06,3.3473587665652417e-06,1.0042076299695725e-05,3.3473587665652417e-06,3.3473587665652417e-06,3.3473587665652417e-06,6.694717533130483e-06,0.0,0.0,0.0,3.3473587665652417e-06,6.694717533130483e-06,6.694717533130483e-06,3.3473587665652417e-06,0.0,0.0,6.694717533130483e-06,0.0,0.0,0.0,0.0,0.0,1.0042076299695725e-05,0.0,0.0,6.694717533130483e-06,0.0,0.0,6.694717533130483e-06,0.0,0.0,0.0,0.0,0.0,3.3473587665652417e-06,0.0,0.0,0.0,0.0,0.0,0.0
0.0,0.0,0.0,0.0,3.3473587665652417e-06,0.0,0.0,0.0,0.0,0.0,0.0,0.0,0.0,0.0,0.0,0.0,0.0,0.0,0.0,3.3473587665652417e-06,0.0,0.0,0.0,0.0,0.0,0.0,0.0,0.0,0.0,0.0,0.0,0.0,0.0,0.0,0.0,0.0,0.0,0.0,0.0,0.0,0.0,0.0,0.0,0.0,0.0,0.0,0.0,0.0,0.0,0.0,0.0,0.0,0.0,0.0,0.0,0.0,0.0,0.0,0.0,0.0,0.0,3.3473587665652417e-06,0.0,0.0,0.0,0.0,0.0,0.0,0.0,0.0,0.0,0.0,0.0,0.0,0.0,0.0,3.3473587665652417e-06,0.0,0.0,0.0,0.0,0.0,0.0,3.3473587665652417e-06,0.0,0.0,0.0,0.0,0.0,0.0,0.0,0.0,0.0,0.0,0.0,6.694717533130483e-06,0.0,1.0042076299695725e-05,3.3473587665652417e-06,0.0,0.0,0.0,0.0,3.3473587665652417e-06,3.3473587665652417e-06,1.0042076299695725e-05,0.0,3.3473587665652417e-06,6.694717533130483e-06,0.0,6.694717533130483e-06,0.0,1.0042076299695725e-05,1.3389435066260967e-05,6.694717533130483e-06,6.694717533130483e-06,1.673679383282621e-05,3.0126228899087174e-05,1.673679383282621e-05,2.008415259939145e-05,2.008415259939145e-05,4.01683051987829e-05,1.3389435066260967e-05,6.694717533130483e-05,0.00010042076299695725,5.690509903160911e-05,7.364189286443532e-05,5.3557740265043867e-05,6.025245779817435e-05,4.01683051987829e-05,6.025245779817435e-05,5.3557740265043867e-05,5.021038149847862e-05,5.021038149847862e-05,4.351566396534814e-05,4.6863022731913386e-05,7.698925163100056e-05,1.673679383282621e-05,3.0126228899087174e-05,6.694717533130483e-05,5.021038149847862e-05,4.01683051987829e-05,4.01683051987829e-05,2.6778870132521933e-05,2.6778870132521933e-05,4.01683051987829e-05,2.3431511365956693e-05,6.694717533130483e-06,1.673679383282621e-05,2.6778870132521933e-05,2.3431511365956693e-05,2.3431511365956693e-05,3.0126228899087174e-05,3.3473587665652417e-06,2.008415259939145e-05,6.694717533130483e-06,1.3389435066260967e-05,6.694717533130483e-06,2.008415259939145e-05,2.3431511365956693e-05,3.3473587665652417e-06,3.3473587665652417e-06,0.0,0.0,0.0,0.0,0.0,0.0,3.3473587665652417e-06,0.0,0.0,3.3473587665652417e-06,0.0,3.3473587665652417e-06,0.0,6.694717533130483e-06,3.3473587665652417e-06,0.0,0.0,0.0,0.0,0.0,0.0,3.3473587665652417e-06,0.0,0.0,0.0,0.0,0.0,0.0,0.0,0.0,0.0,0.0,0.0,0.0,0.0,0.0,0.0,0.0,0.0,0.0,0.0,0.0,0.0,0.0,0.0,0.0,0.0,0.0,0.0,0.0,0.0,0.0,0.0,0.0,0.0,0.0,0.0,0.0,0.0,0.0,0.0,0.0,0.0,0.0,0.0,0.0,0.0,0.0,0.0,0.0,0.0,0.0,0.0,1.0042076299695725e-05,0.0,0.0,0.0,0.0,0.0,0.0,0.0,0.0,0.0,0.0,3.3473587665652417e-06,0.0,0.0,0.0,0.0,0.0,0.0,0.0,0.0,0.0,0.0,3.3473587665652417e-06,0.0,0.0,0.0,0.0,0.0,0.0,0.0,0.0,0.0,0.0,0.0,0.0,6.694717533130483e-06,0.0,3.3473587665652417e-06,0.0,0.0,0.0,0.0,0.0,3.3473587665652417e-06,0.0,0.0,3.3473587665652417e-06,0.0,0.0,0.0,3.3473587665652417e-06,6.694717533130483e-06,6.694717533130483e-06,3.3473587665652417e-06,3.3473587665652417e-06,3.3473587665652417e-06,1.0042076299695725e-05,1.673679383282621e-05,3.3473587665652417e-06,0.0,6.694717533130483e-06,6.694717533130483e-06,6.694717533130483e-06,3.3473587665652417e-06,1.673679383282621e-05,1.3389435066260967e-05,3.3473587665652417e-06,2.3431511365956693e-05,1.0042076299695725e-05,1.3389435066260967e-05,2.6778870132521933e-05,2.3431511365956693e-05,1.3389435066260967e-05,1.3389435066260967e-05,1.673679383282621e-05,3.0126228899087174e-05,1.673679383282621e-05,3.0126228899087174e-05,3.3473587665652417e-06,6.694717533130483e-06,3.3473587665652417e-06,2.6778870132521933e-05,1.0042076299695725e-05,1.0042076299695725e-05,3.3473587665652417e-06,1.673679383282621e-05,3.3473587665652417e-06,1.0042076299695725e-05,6.694717533130483e-06,0.0,6.694717533130483e-06,3.3473587665652417e-06,3.3473587665652417e-06,3.3473587665652417e-06,1.0042076299695725e-05,3.3473587665652417e-06,2.3431511365956693e-05,6.694717533130483e-06,3.3473587665652417e-06,6.694717533130483e-06,0.0,0.0,3.3473587665652417e-06,0.0,0.0,3.3473587665652417e-06,0.0,3.3473587665652417e-06,3.3473587665652417e-06,3.3473587665652417e-06,0.0,0.0,0.0,0.0,0.0,0.0,0.0,0.0,0.0,0.0,0.0,0.0,0.0,0.0,0.0
0.0,0.0,0.0,0.0,0.0,0.0,0.0,0.0,0.0,0.0,0.0,0.0,0.0,0.0,0.0,0.0,0.0,0.0,0.0,0.0,0.0,0.0,0.0,0.0,0.0,0.0,0.0,0.0,0.0,0.0,0.0,0.0,0.0,0.0,0.0,0.0,0.0,0.0,0.0,0.0,0.0,0.0,0.0,0.0,0.0,0.0,0.0,0.0,0.0,0.0,0.0,0.0,0.0,0.0,3.3473587665652417e-06,0.0,0.0,0.0,0.0,0.0,0.0,0.0,0.0,0.0,0.0,0.0,0.0,0.0,0.0,0.0,0.0,0.0,0.0,0.0,0.0,0.0,0.0,0.0,0.0,0.0,0.0,0.0,0.0,0.0,0.0,0.0,0.0,0.0,0.0,3.3473587665652417e-06,6.694717533130483e-06,0.0,0.0,0.0,6.694717533130483e-06,6.694717533130483e-06,3.3473587665652417e-06,0.0,0.0,3.3473587665652417e-06,3.3473587665652417e-06,0.0,6.694717533130483e-06,3.3473587665652417e-06,0.0,0.0,0.0,0.0,0.0,3.3473587665652417e-06,3.3473587665652417e-06,6.694717533130483e-06,6.694717533130483e-06,6.694717533130483e-06,1.0042076299695725e-05,1.3389435066260967e-05,6.694717533130483e-06,1.673679383282621e-05,6.694717533130483e-06,3.0126228899087174e-05,3.0126228899087174e-05,1.673679383282621e-05,2.008415259939145e-05,3.347358766565242e-05,7.029453409787007e-05,4.01683051987829e-05,6.025245779817435e-05,5.690509903160911e-05,2.6778870132521933e-05,5.3557740265043867e-05,1.673679383282621e-05,1.673679383282621e-05,4.351566396534814e-05,3.0126228899087174e-05,4.01683051987829e-05,5.690509903160911e-05,4.351566396534814e-05,4.6863022731913386e-05,4.351566396534814e-05,3.347358766565242e-05,2.6778870132521933e-05,2.3431511365956693e-05,2.6778870132521933e-05,2.008415259939145e-05,1.0042076299695725e-05,6.694717533130483e-06,3.347358766565242e-05,2.008415259939145e-05,2.008415259939145e-05,1.3389435066260967e-05,1.0042076299695725e-05,3.0126228899087174e-05,1.673679383282621e-05,2.3431511365956693e-05,6.694717533130483e-06,1.0042076299695725e-05,0.0,0.0,6.694717533130483e-06,3.3473587665652417e-06,0.0,0.0,3.3473587665652417e-06,3.3473587665652417e-06,0.0,0.0,0.0,0.0,0.0,0.0,0.0,3.3473587665652417e-06,0.0,0.0,0.0,0.0,6.694717533130483e-06,0.0,0.0,0.0,0.0,0.0,0.0,0.0,0.0,0.0,0.0,6.694717533130483e-06,0.0,0.0,0.0,0.0,0.0,0.0,0.0,0.0,0.0,0.0,0.0,0.0,0.0,0.0,0.0,0.0,0.0,0.0,0.0,0.0,0.0,0.0,0.0,0.0,0.0,0.0,0.0,0.0,0.0,0.0,0.0,0.0,0.0,0.0,0.0,0.0,0.0,0.0,0.0,0.0,0.0,0.0,0.0,0.0,0.0,0.0,0.0,0.0,0.0,0.0,0.0,0.0,0.0,0.0,0.0,0.0,0.0,0.0,3.3473587665652417e-06,0.0,0.0,0.0,0.0,0.0,0.0,0.0,0.0,0.0,3.3473587665652417e-06,0.0,3.3473587665652417e-06,0.0,0.0,0.0,0.0,0.0,0.0,6.694717533130483e-06,3.3473587665652417e-06,3.3473587665652417e-06,6.694717533130483e-06,0.0,0.0,0.0,0.0,3.3473587665652417e-06,0.0,0.0,0.0,0.0,0.0,3.3473587665652417e-06,3.3473587665652417e-06,0.0,0.0,3.3473587665652417e-06,1.0042076299695725e-05,0.0,6.694717533130483e-06,3.3473587665652417e-06,0.0,1.0042076299695725e-05,3.3473587665652417e-06,1.3389435066260967e-05,3.3473587665652417e-06,3.3473587665652417e-06,0.0,3.3473587665652417e-06,3.3473587665652417e-06,1.0042076299695725e-05,6.694717533130483e-06,2.008415259939145e-05,1.0042076299695725e-05,1.0042076299695725e-05,1.673679383282621e-05,2.6778870132521933e-05,1.3389435066260967e-05,6.694717533130483e-06,1.0042076299695725e-05,2.008415259939145e-05,6.694717533130483e-06,1.0042076299695725e-05,2.3431511365956693e-05,1.0042076299695725e-05,0.0,6.694717533130483e-06,1.3389435066260967e-05,2.008415259939145e-05,3.3473587665652417e-06,6.694717533130483e-06,3.3473587665652417e-06,1.3389435066260967e-05,0.0,1.3389435066260967e-05,1.0042076299695725e-05,3.3473587665652417e-06,0.0,0.0,3.3473587665652417e-06,6.694717533130483e-06,0.0,0.0,1.3389435066260967e-05,0.0,3.3473587665652417e-06,6.694717533130483e-06,0.0,3.3473587665652417e-06,0.0,0.0,3.3473587665652417e-06,0.0,0.0,6.694717533130483e-06,3.3473587665652417e-06,0.0,0.0,0.0,3.3473587665652417e-06,6.694717533130483e-06,0.0,0.0,0.0,0.0,0.0,0.0,3.3473587665652417e-06,0.0,0.0,3.3473587665652417e-06,0.0,0.0
0.0,0.0,0.0,0.0,0.0,0.0,0.0,0.0,0.0,0.0,0.0,0.0,0.0,0.0,0.0,0.0,0.0,0.0,0.0,0.0,0.0,0.0,0.0,0.0,0.0,0.0,0.0,0.0,0.0,0.0,0.0,0.0,0.0,0.0,0.0,0.0,0.0,0.0,0.0,0.0,0.0,0.0,0.0,0.0,0.0,0.0,0.0,0.0,0.0,0.0,0.0,0.0,0.0,0.0,0.0,0.0,0.0,0.0,0.0,0.0,0.0,0.0,0.0,0.0,0.0,0.0,0.0,0.0,0.0,0.0,0.0,0.0,0.0,0.0,0.0,0.0,0.0,0.0,0.0,3.3473587665652417e-06,0.0,0.0,0.0,0.0,3.3473587665652417e-06,0.0,0.0,0.0,0.0,0.0,0.0,0.0,3.3473587665652417e-06,0.0,0.0,3.3473587665652417e-06,6.694717533130483e-06,6.694717533130483e-06,0.0,0.0,0.0,0.0,3.3473587665652417e-06,3.3473587665652417e-06,0.0,3.3473587665652417e-06,0.0,6.694717533130483e-06,1.673679383282621e-05,1.0042076299695725e-05,0.0,1.3389435066260967e-05,0.0,1.673679383282621e-05,1.0042076299695725e-05,1.0042076299695725e-05,6.694717533130483e-06,6.694717533130483e-06,2.6778870132521933e-05,1.3389435066260967e-05,2.008415259939145e-05,3.3473587665652417e-06,3.3473587665652417e-06,2.008415259939145e-05,3.0126228899087174e-05,2.6778870132521933e-05,4.351566396534814e-05,3.682094643221766e-05,3.347358766565242e-05,3.0126228899087174e-05,4.351566396534814e-05,2.3431511365956693e-05,3.0126228899087174e-05,4.351566396534814e-05,5.690509903160911e-05,6.025245779817435e-05,4.351566396534814e-05,2.008415259939145e-05,3.682094643221766e-05,2.008415259939145e-05,6.694717533130483e-06,1.3389435066260967e-05,4.01683051987829e-05,3.682094643221766e-05,2.6778870132521933e-05,1.0042076299695725e-05,2.008415259939145e-05,6.694717533130483e-06,1.673679383282621e-05,1.673679383282621e-05,1.3389435066260967e-05,2.008415259939145e-05,1.673679383282621e-05,1.3389435066260967e-05,6.694717533130483e-06,6.694717533130483e-06,0.0,0.0,3.3473587665652417e-06,6.694717533130483e-06,0.0,3.3473587665652417e-06,3.3473587665652417e-06,3.3473587665652417e-06,0.0,6.694717533130483e-06,0.0,0.0,3.3473587665652417e-06,0.0,6.694717533130483e-06,3.3473587665652417e-06,0.0,0.0,0.0,3.3473587665652417e-06,0.0,0.0,0.0,0.0,0.0,0.0,0.0,0.0,0.0,0.0,0.0,3.3473587665652417e-06,3.3473587665652417e-06,0.0,0.0,0.0,0.0,0.0,0.0,0.0,0.0,0.0,0.0,0.0,0.0,0.0,0.0,0.0,0.0,0.0,0.0,0.0,6.694717533130483e-06,0.0,0.0,0.0,0.0,0.0,0.0,0.0,0.0,0.0,0.0,0.0,0.0,0.0,0.0,0.0,0.0,0.0,0.0,0.0,0.0,0.0,0.0,0.0,0.0,0.0,0.0,0.0,0.0,0.0,0.0,0.0,0.0,0.0,0.0,0.0,0.0,0.0,0.0,0.0,0.0,0.0,0.0,0.0,0.0,3.3473587665652417e-06,0.0,0.0,3.3473587665652417e-06,0.0,0.0,3.3473587665652417e-06,0.0,0.0,0.0,0.0,0.0,3.3473587665652417e-06,0.0,0.0,0.0,0.0,3.3473587665652417e-06,3.3473587665652417e-06,0.0,0.0,0.0,0.0,0.0,0.0,0.0,0.0,3.3473587665652417e-06,3.3473587665652417e-06,0.0,3.3473587665652417e-06,6.694717533130483e-06,0.0,0.0,6.694717533130483e-06,3.3473587665652417e-06,3.3473587665652417e-06,1.0042076299695725e-05,3.3473587665652417e-06,0.0,1.3389435066260967e-05,6.694717533130483e-06,0.0,6.694717533130483e-06,1.3389435066260967e-05,1.673679383282621e-05,3.3473587665652417e-06,0.0,6.694717533130483e-06,2.6778870132521933e-05,1.0042076299695725e-05,5.690509903160911e-05,3.0126228899087174e-05,1.673679383282621e-05,2.3431511365956693e-05,6.694717533130483e-06,2.008415259939145e-05,3.3473587665652417e-06,1.0042076299695725e-05,3.3473587665652417e-06,3.3473587665652417e-06,1.3389435066260967e-05,0.0,1.673679383282621e-05,3.3473587665652417e-06,0.0,1.0042076299695725e-05,0.0,6.694717533130483e-06,0.0,3.3473587665652417e-06,6.694717533130483e-06,1.3389435066260967e-05,3.3473587665652417e-06,0.0,1.673679383282621e-05,3.3473587665652417e-06,6.694717533130483e-06,3.3473587665652417e-06,0.0,3.3473587665652417e-06,3.3473587665652417e-06,3.3473587665652417e-06,3.3473587665652417e-06,0.0,0.0,3.3473587665652417e-06,0.0,3.3473587665652417e-06,0.0,0.0,0.0,3.3473587665652417e-06,0.0,3.3473587665652417e-06,0.0,0.0,0.0,3.3473587665652417e-06,3.3473587665652417e-06,0.0,0.0,0.0,0.0,0.0,0.0,0.0
0.0,0.0,0.0,0.0,0.0,3.3473587665652417e-06,0.0,0.0,0.0,0.0,0.0,0.0,0.0,0.0,0.0,0.0,0.0,0.0,0.0,0.0,0.0,0.0,0.0,0.0,0.0,0.0,0.0,0.0,0.0,0.0,0.0,0.0,0.0,0.0,0.0,0.0,0.0,0.0,0.0,0.0,0.0,0.0,0.0,0.0,0.0,0.0,0.0,0.0,0.0,0.0,0.0,0.0,0.0,0.0,0.0,0.0,0.0,0.0,0.0,0.0,0.0,0.0,0.0,0.0,0.0,0.0,0.0,0.0,0.0,0.0,0.0,0.0,0.0,0.0,0.0,0.0,0.0,0.0,0.0,0.0,0.0,0.0,0.0,3.3473587665652417e-06,0.0,0.0,0.0,0.0,0.0,3.3473587665652417e-06,0.0,0.0,0.0,0.0,0.0,3.3473587665652417e-06,0.0,0.0,1.0042076299695725e-05,3.3473587665652417e-06,0.0,0.0,0.0,0.0,6.694717533130483e-06,0.0,6.694717533130483e-06,6.694717533130483e-06,3.3473587665652417e-06,1.0042076299695725e-05,0.0,6.694717533130483e-06,6.694717533130483e-06,3.3473587665652417e-06,1.0042076299695725e-05,1.3389435066260967e-05,6.694717533130483e-06,1.0042076299695725e-05,3.3473587665652417e-06,3.347358766565242e-05,0.0,1.673679383282621e-05,1.3389435066260967e-05,2.008415259939145e-05,2.6778870132521933e-05,2.008415259939145e-05,5.021038149847862e-05,1.673679383282621e-05,2.6778870132521933e-05,3.347358766565242e-05,3.347358766565242e-05,4.351566396534814e-05,2.3431511365956693e-05,2.3431511365956693e-05,4.01683051987829e-05,2.6778870132521933e-05,1.0042076299695725e-05,5.690509903160911e-05,1.673679383282621e-05,2.3431511365956693e-05,1.3389435066260967e-05,6.694717533130483e-06,1.3389435066260967e-05,1.3389435066260967e-05,1.0042076299695725e-05,2.008415259939145e-05,1.0042076299695725e-05,6.694717533130483e-06,2.008415259939145e-05,2.008415259939145e-05,1.3389435066260967e-05,3.3473587665652417e-06,0.0,3.3473587665652417e-06,6.694717533130483e-06,0.0,1.0042076299695725e-05,1.673679383282621e-05,3.3473587665652417e-06,0.0,0.0,0.0,0.0,3.3473587665652417e-06,0.0,6.694717533130483e-06,1.0042076299695725e-05,3.3473587665652417e-06,3.3473587665652417e-06,3.3473587665652417e-06,0.0,0.0,3.3473587665652417e-06,0.0,0.0,0.0,0.0,0.0,0.0,0.0,0.0,3.3473587665652417e-06,0.0,0.0,0.0,0.0,0.0,0.0,0.0,0.0,0.0,0.0,0.0,0.0,3.3473587665652417e-06,0.0,0.0,0.0,0.0,0.0,0.0,0.0,0.0,0.0,0.0,0.0,0.0,0.0,0.0,0.0,0.0,0.0,0.0,0.0,0.0,0.0,0.0,0.0,0.0,0.0,0.0,0.0,0.0,0.0,0.0,0.0,0.0,0.0,0.0,0.0,0.0,0.0,0.0,0.0,0.0,0.0,0.0,0.0,0.0,0.0,0.0,0.0,0.0,0.0,0.0,0.0,0.0,0.0,0.0,0.0,0.0,0.0,0.0,0.0,0.0,0.0,0.0,3.3473587665652417e-06,0.0,0.0,0.0,0.0,3.3473587665652417e-06,0.0,3.3473587665652417e-06,0.0,0.0,0.0,0.0,3.3473587665652417e-06,0.0,0.0,0.0,0.0,3.3473587665652417e-06,0.0,0.0,0.0,0.0,0.0,3.3473587665652417e-06,3.3473587665652417e-06,0.0,0.0,0.0,0.0,1.0042076299695725e-05,3.3473587665652417e-06,3.3473587665652417e-06,6.694717533130483e-06,0.0,1.0042076299695725e-05,6.694717533130483e-06,6.694717533130483e-06,6.694717533130483e-06,3.3473587665652417e-06,3.3473587665652417e-06,6.694717533130483e-06,3.3473587665652417e-06,0.0,6.694717533130483e-06,1.0042076299695725e-05,1.0042076299695725e-05,3.3473587665652417e-06,3.3473587665652417e-06,6.694717533130483e-06,1.673679383282621e-05,1.673679383282621e-05,6.694717533130483e-06,6.694717533130483e-06,2.008415259939145e-05,1.673679383282621e-05,6.694717533130483e-06,1.673679383282621e-05,3.3473587665652417e-06,6.694717533130483e-06,0.0,6.694717533130483e-06,1.3389435066260967e-05,6.694717533130483e-06,3.3473587665652417e-06,0.0,3.3473587665652417e-06,2.008415259939145e-05,0.0,3.3473587665652417e-06,3.3473587665652417e-06,1.0042076299695725e-05,3.3473587665652417e-06,3.3473587665652417e-06,3.3473587665652417e-06,0.0,3.3473587665652417e-06,0.0,0.0,0.0,0.0,3.3473587665652417e-06,6.694717533130483e-06,0.0,0.0,0.0,0.0,0.0,0.0,0.0,0.0,0.0,3.3473587665652417e-06,0.0,0.0,0.0,0.0,3.3473587665652417e-06,3.3473587665652417e-06,0.0,0.0,0.0,0.0,0.0
0.0,0.0,0.0,0.0,0.0,0.0,0.0,0.0,3.3473587665652417e-06,0.0,0.0,0.0,0.0,0.0,0.0,0.0,0.0,0.0,0.0,0.0,0.0,0.0,0.0,0.0,0.0,0.0,0.0,0.0,0.0,0.0,0.0,0.0,0.0,0.0,0.0,0.0,0.0,0.0,0.0,0.0,0.0,0.0,0.0,0.0,0.0,0.0,0.0,0.0,0.0,0.0,0.0,0.0,0.0,0.0,0.0,0.0,0.0,0.0,0.0,0.0,0.0,0.0,0.0,0.0,0.0,0.0,0.0,0.0,0.0,0.0,0.0,0.0,0.0,0.0,0.0,0.0,0.0,0.0,0.0,0.0,0.0,0.0,0.0,0.0,0.0,0.0,0.0,6.694717533130483e-06,0.0,0.0,0.0,3.3473587665652417e-06,0.0,0.0,0.0,0.0,3.3473587665652417e-06,0.0,3.3473587665652417e-06,0.0,0.0,0.0,0.0,0.0,0.0,0.0,0.0,3.3473587665652417e-06,3.3473587665652417e-06,3.3473587665652417e-06,3.3473587665652417e-06,3.3473587665652417e-06,1.3389435066260967e-05,3.3473587665652417e-06,3.3473587665652417e-06,0.0,3.3473587665652417e-06,6.694717533130483e-06,3.3473587665652417e-06,2.008415259939145e-05,1.0042076299695725e-05,2.008415259939145e-05,2.008415259939145e-05,1.0042076299695725e-05,2.6778870132521933e-05,1.3389435066260967e-05,3.347358766565242e-05,3.0126228899087174e-05,3.347358766565242e-05,2.3431511365956693e-05,3.0126228899087174e-05,3.0126228899087174e-05,3.347358766565242e-05,1.3389435066260967e-05,2.3431511365956693e-05,1.673679383282621e-05,3.682094643221766e-05,2.6778870132521933e-05,2.008415259939145e-05,1.673679383282621e-05,3.0126228899087174e-05,4.01683051987829e-05,1.3389435066260967e-05,1.0042076299695725e-05,1.673679383282621e-05,1.3389435066260967e-05,1.0042076299695725e-05,1.0042076299695725e-05,6.694717533130483e-06,1.0042076299695725e-05,3.3473587665652417e-06,1.0042076299695725e-05,6.694717533130483e-06,0.0,3.3473587665652417e-06,0.0,1.3389435066260967e-05,1.3389435066260967e-05,1.0042076299695725e-05,0.0,0.0,0.0,0.0,0.0,0.0,6.694717533130483e-06,0.0,6.694717533130483e-06,0.0,3.3473587665652417e-06,0.0,3.3473587665652417e-06,0.0,3.3473587665652417e-06,0.0,0.0,0.0,0.0,0.0,0.0,0.0,0.0,0.0,0.0,0.0,0.0,0.0,0.0,0.0,0.0,0.0,0.0,0.0,0.0,0.0,0.0,0.0,0.0,0.0,0.0,0.0,0.0,0.0,0.0,0.0,0.0,0.0,0.0,0.0,0.0,0.0,0.0,0.0,0.0,0.0,0.0,0.0,0.0,0.0,0.0,0.0,0.0,0.0,0.0,0.0,0.0,0.0,0.0,0.0,0.0,0.0,0.0,0.0,0.0,0.0,0.0,0.0,0.0,0.0,0.0,0.0,0.0,0.0,0.0,0.0,0.0,0.0,0.0,0.0,0.0,0.0,0.0,0.0,0.0,0.0,0.0,0.0,0.0,0.0,0.0,0.0,0.0,0.0,0.0,0.0,0.0,0.0,0.0,0.0,0.0,0.0,0.0,0.0,3.3473587665652417e-06,0.0,0.0,3.3473587665652417e-06,0.0,0.0,0.0,0.0,0.0,3.3473587665652417e-06,0.0,0.0,6.694717533130483e-06,0.0,0.0,3.3473587665652417e-06,3.3473587665652417e-06,6.694717533130483e-06,0.0,0.0,0.0,6.694717533130483e-06,3.3473587665652417e-06,1.0042076299695725e-05,1.0042076299695725e-05,6.694717533130483e-06,2.008415259939145e-05,6.694717533130483e-06,1.3389435066260967e-05,3.3473587665652417e-06,6.694717533130483e-06,6.694717533130483e-06,6.694717533130483e-06,1.0042076299695725e-05,3.3473587665652417e-06,2.3431511365956693e-05,1.673679383282621e-05,6.694717533130483e-06,0.0,6.694717533130483e-06,6.694717533130483e-06,3.3473587665652417e-06,6.694717533130483e-06,3.3473587665652417e-06,0.0,6.694717533130483e-06,0.0,3.3473587665652417e-06,1.673679383282621e-05,3.3473587665652417e-06,0.0,3.3473587665652417e-06,3.3473587665652417e-06,0.0,1.0042076299695725e-05,0.0,0.0,0.0,0.0,0.0,0.0,3.3473587665652417e-06,0.0,0.0,0.0,6.694717533130483e-06,0.0,0.0,3.3473587665652417e-06,0.0,6.694717533130483e-06,0.0,0.0,0.0,6.694717533130483e-06,0.0,0.0,6.694717533130483e-06,0.0,0.0,0.0,0.0,0.0,0.0,0.0,0.0,0.0
0.0,0.0,0.0,0.0,0.0,0.0,0.0,0.0,0.0,3.3473587665652417e-06,0.0,0.0,0.0,0.0,0.0,0.0,0.0,0.0,0.0,0.0,0.0,3.3473587665652417e-06,0.0,0.0,0.0,0.0,0.0,0.0,0.0,0.0,0.0,0.0,0.0,0.0,0.0,0.0,0.0,0.0,0.0,0.0,0.0,0.0,0.0,0.0,0.0,0.0,0.0,0.0,0.0,0.0,0.0,0.0,0.0,0.0,0.0,0.0,0.0,0.0,0.0,0.0,0.0,0.0,0.0,0.0,0.0,0.0,0.0,0.0,0.0,0.0,0.0,0.0,0.0,3.3473587665652417e-06,0.0,0.0,0.0,0.0,0.0,0.0,0.0,0.0,0.0,0.0,0.0,0.0,0.0,0.0,0.0,0.0,0.0,3.3473587665652417e-06,0.0,0.0,0.0,0.0,6.694717533130483e-06,3.3473587665652417e-06,3.3473587665652417e-06,0.0,0.0,3.3473587665652417e-06,0.0,0.0,0.0,3.3473587665652417e-06,0.0,3.3473587665652417e-06,1.3389435066260967e-05,0.0,1.0042076299695725e-05,6.694717533130483e-06,3.3473587665652417e-06,6.694717533130483e-06,3.3473587665652417e-06,6.694717533130483e-06,0.0,6.694717533130483e-06,2.6778870132521933e-05,2.3431511365956693e-05,1.673679383282621e-05,1.0042076299695725e-05,2.6778870132521933e-05,2.3431511365956693e-05,1.673679383282621e-05,2.008415259939145e-05,2.6778870132521933e-05,1.673679383282621e-05,1.3389435066260967e-05,4.6863022731913386e-05,2.3431511365956693e-05,2.3431511365956693e-05,2.6778870132521933e-05,2.008415259939145e-05,2.6778870132521933e-05,2.3431511365956693e-05,1.0042076299695725e-05,1.673679383282621e-05,1.3389435066260967e-05,1.673679383282621e-05,1.673679383282621e-05,1.0042076299695725e-05,1.673679383282621e-05,6.694717533130483e-06,6.694717533130483e-06,1.0042076299695725e-05,1.0042076299695725e-05,6.694717533130483e-06,2.008415259939145e-05,2.008415259939145e-05,3.3473587665652417e-06,3.3473587665652417e-06,3.3473587665652417e-06,6.694717533130483e-06,6.694717533130483e-06,0.0,3.3473587665652417e-06,2.008415259939145e-05,0.0,0.0,3.3473587665652417e-06,0.0,0.0,3.3473587665652417e-06,1.0042076299695725e-05,0.0,0.0,0.0,0.0,0.0,0.0,3.3473587665652417e-06,0.0,0.0,0.0,3.3473587665652417e-06,0.0,0.0,0.0,0.0,0.0,0.0,0.0,0.0,0.0,3.3473587665652417e-06,0.0,0.0,0.0,0.0,0.0,0.0,0.0,0.0,0.0,0.0,0.0,0.0,0.0,0.0,0.0,0.0,0.0,0.0,0.0,0.0,0.0,0.0,0.0,0.0,0.0,0.0,0.0,0.0,0.0,0.0,0.0,0.0,0.0,0.0,0.0,0.0,0.0,0.0,0.0,0.0,0.0,0.0,0.0,0.0,0.0,0.0,0.0,0.0,0.0,0.0,0.0,0.0,0.0,0.0,0.0,0.0,0.0,0.0,0.0,0.0,3.3473587665652417e-06,0.0,0.0,0.0,0.0,0.0,0.0,0.0,0.0,0.0,0.0,0.0,3.3473587665652417e-06,0.0,0.0,0.0,0.0,0.0,0.0,0.0,0.0,0.0,0.0,0.0,0.0,0.0,0.0,0.0,0.0,0.0,0.0,0.0,0.0,0.0,0.0,1.0042076299695725e-05,0.0,0.0,3.3473587665652417e-06,0.0,0.0,3.3473587665652417e-06,0.0,0.0,3.3473587665652417e-06,1.0042076299695725e-05,1.0042076299695725e-05,0.0,0.0,0.0,3.3473587665652417e-06,1.3389435066260967e-05,1.673679383282621e-05,6.694717533130483e-06,1.0042076299695725e-05,0.0,1.3389435066260967e-05,1.3389435066260967e-05,1.0042076299695725e-05,3.3473587665652417e-06,3.3473587665652417e-06,0.0,3.3473587665652417e-06,1.0042076299695725e-05,1.3389435066260967e-05,6.694717533130483e-06,0.0,1.3389435066260967e-05,6.694717533130483e-06,0.0,0.0,3.3473587665652417e-06,6.694717533130483e-06,0.0,0.0,6.694717533130483e-06,0.0,3.3473587665652417e-06,0.0,0.0,6.694717533130483e-06,3.3473587665652417e-06,0.0,0.0,0.0,0.0,3.3473587665652417e-06,0.0,0.0,3.3473587665652417e-06,3.3473587665652417e-06,0.0,0.0,0.0,0.0,0.0,0.0,0.0,3.3473587665652417e-06,0.0,0.0,0.0,0.0,0.0,0.0,0.0,0.0,0.0,0.0,0.0,0.0,0.0,0.0,0.0
0.0,0.0,0.0,0.0,0.0,0.0,0.0,0.0,0.0,0.0,0.0,0.0,0.0,0.0,0.0,0.0,0.0,0.0,0.0,0.0,0.0,0.0,0.0,0.0,0.0,0.0,0.0,0.0,0.0,0.0,0.0,0.0,0.0,0.0,0.0,0.0,0.0,0.0,0.0,0.0,0.0,0.0,0.0,0.0,0.0,0.0,0.0,0.0,0.0,0.0,0.0,0.0,0.0,0.0,0.0,0.0,0.0,0.0,0.0,0.0,0.0,0.0,0.0,0.0,0.0,0.0,0.0,0.0,0.0,0.0,0.0,0.0,0.0,0.0,0.0,0.0,0.0,0.0,0.0,0.0,0.0,0.0,0.0,0.0,0.0,0.0,0.0,0.0,0.0,0.0,3.3473587665652417e-06,0.0,0.0,0.0,3.3473587665652417e-06,0.0,0.0,0.0,0.0,0.0,6.694717533130483e-06,3.3473587665652417e-06,0.0,0.0,0.0,3.3473587665652417e-06,0.0,0.0,3.3473587665652417e-06,6.694717533130483e-06,3.3473587665652417e-06,3.3473587665652417e-06,3.3473587665652417e-06,1.3389435066260967e-05,0.0,1.0042076299695725e-05,1.673679383282621e-05,6.694717533130483e-06,6.694717533130483e-06,3.3473587665652417e-06,1.3389435066260967e-05,1.0042076299695725e-05,0.0,2.008415259939145e-05,1.673679383282621e-05,1.0042076299695725e-05,1.673679383282621e-05,6.694717533130483e-06,1.673679383282621e-05,2.008415259939145e-05,6.694717533130483e-06,1.673679383282621e-05,3.3473587665652417e-06,4.351566396534814e-05,2.3431511365956693e-05,2.6778870132521933e-05,2.6778870132521933e-05,2.008415259939145e-05,4.01683051987829e-05,1.673679383282621e-05,1.3389435066260967e-05,1.0042076299695725e-05,1.673679383282621e-05,6.694717533130483e-06,6.694717533130483e-06,6.694717533130483e-06,6.694717533130483e-06,3.3473587665652417e-06,1.3389435066260967e-05,3.3473587665652417e-06,1.0042076299695725e-05,1.0042076299695725e-05,0.0,0.0,0.0,0.0,0.0,0.0,0.0,3.3473587665652417e-06,0.0,0.0,6.694717533130483e-06,0.0,0.0,0.0,0.0,0.0,0.0,0.0,0.0,0.0,0.0,0.0,0.0,0.0,0.0,0.0,0.0,3.3473587665652417e-06,0.0,0.0,0.0,0.0,0.0,0.0,0.0,0.0,0.0,0.0,0.0,0.0,0.0,0.0,0.0,0.0,0.0,0.0,0.0,0.0,0.0,3.3473587665652417e-06,0.0,0.0,0.0,0.0,0.0,0.0,0.0,0.0,0.0,0.0,0.0,0.0,0.0,0.0,0.0,0.0,0.0,0.0,0.0,0.0,0.0,0.0,0.0,0.0,0.0,0.0,0.0,0.0,0.0,0.0,0.0,0.0,0.0,0.0,0.0,0.0,0.0,0.0,0.0,0.0,0.0,0.0,0.0,0.0,0.0,0.0,0.0,0.0,0.0,0.0,0.0,0.0,0.0,0.0,0.0,0.0,0.0,6.694717533130483e-06,0.0,6.694717533130483e-06,0.0,0.0,0.0,0.0,3.3473587665652417e-06,0.0,0.0,0.0,0.0,0.0,6.694717533130483e-06,0.0,0.0,0.0,3.3473587665652417e-06,0.0,0.0,6.694717533130483e-06,3.3473587665652417e-06,0.0,0.0,0.0,0.0,1.0042076299695725e-05,0.0,0.0,0.0,0.0,3.3473587665652417e-06,0.0,3.3473587665652417e-06,3.3473587665652417e-06,0.0,0.0,6.694717533130483e-06,3.3473587665652417e-06,1.0042076299695725e-05,3.3473587665652417e-06,1.0042076299695725e-05,3.3473587665652417e-06,1.673679383282621e-05,3.3473587665652417e-06,3.3473587665652417e-06,6.694717533130483e-06,3.3473587665652417e-06,3.3473587665652417e-06,0.0,1.0042076299695725e-05,3.3473587665652417e-06,1.3389435066260967e-05,3.3473587665652417e-06,6.694717533130483e-06,0.0,3.3473587665652417e-06,3.3473587665652417e-06,0.0,3.3473587665652417e-06,0.0,3.3473587665652417e-06,6.694717533130483e-06,3.3473587665652417e-06,0.0,0.0,0.0,6.694717533130483e-06,0.0,3.3473587665652417e-06,0.0,3.3473587665652417e-06,0.0,3.3473587665652417e-06,0.0,3.3473587665652417e-06,0.0,6.694717533130483e-06,0.0,0.0,0.0,0.0,3.3473587665652417e-06,0.0,0.0,0.0,3.3473587665652417e-06,0.0,0.0,0.0,0.0,0.0,0.0,0.0,3.3473587665652417e-06,0.0,0.0,3.3473587665652417e-06,0.0,0.0,0.0
0.0,0.0,0.0,0.0,0.0,0.0,0.0,0.0,0.0,0.0,0.0,0.0,0.0,0.0,0.0,0.0,0.0,0.0,0.0,0.0,0.0,0.0,0.0,0.0,0.0,0.0,0.0,0.0,0.0,0.0,0.0,0.0,0.0,0.0,0.0,0.0,0.0,0.0,0.0,0.0,0.0,0.0,0.0,0.0,0.0,0.0,0.0,0.0,0.0,0.0,0.0,0.0,0.0,0.0,0.0,0.0,0.0,0.0,0.0,0.0,0.0,0.0,0.0,0.0,0.0,0.0,0.0,0.0,0.0,0.0,0.0,0.0,0.0,0.0,0.0,0.0,0.0,0.0,0.0,0.0,0.0,0.0,0.0,0.0,0.0,0.0,0.0,0.0,0.0,6.694717533130483e-06,0.0,0.0,0.0,0.0,0.0,0.0,0.0,3.3473587665652417e-06,0.0,0.0,0.0,0.0,0.0,3.3473587665652417e-06,0.0,0.0,3.3473587665652417e-06,3.3473587665652417e-06,3.3473587665652417e-06,3.3473587665652417e-06,1.0042076299695725e-05,1.0042076299695725e-05,0.0,6.694717533130483e-06,1.0042076299695725e-05,6.694717533130483e-06,3.3473587665652417e-06,6.694717533130483e-06,6.694717533130483e-06,1.0042076299695725e-05,1.0042076299695725e-05,1.3389435066260967e-05,1.0042076299695725e-05,1.0042076299695725e-05,3.3473587665652417e-06,0.0,3.3473587665652417e-06,3.3473587665652417e-06,1.0042076299695725e-05,6.694717533130483e-06,1.3389435066260967e-05,3.682094643221766e-05,1.3389435066260967e-05,1.0042076299695725e-05,6.694717533130483e-06,1.0042076299695725e-05,6.694717533130483e-06,1.3389435066260967e-05,6.694717533130483e-06,1.673679383282621e-05,1.0042076299695725e-05,6.694717533130483e-06,3.3473587665652417e-06,3.3473587665652417e-06,1.673679383282621e-05,6.694717533130483e-06,6.694717533130483e-06,3.3473587665652417e-06,6.694717533130483e-06,3.3473587665652417e-06,3.3473587665652417e-06,0.0,6.694717533130483e-06,0.0,0.0,0.0,3.3473587665652417e-06,0.0,0.0,0.0,0.0,0.0,0.0,0.0,0.0,0.0,0.0,0.0,0.0,0.0,0.0,0.0,0.0,0.0,0.0,0.0,0.0,0.0,0.0,0.0,0.0,0.0,0.0,0.0,0.0,0.0,0.0,0.0,0.0,0.0,0.0,0.0,0.0,0.0,0.0,0.0,0.0,0.0,0.0,0.0,0.0,0.0,0.0,0.0,0.0,0.0,0.0,0.0,0.0,0.0,0.0,0.0,0.0,0.0,0.0,0.0,0.0,0.0,0.0,0.0,0.0,0.0,0.0,0.0,0.0,0.0,0.0,0.0,0.0,0.0,0.0,0.0,0.0,0.0,0.0,0.0,0.0,0.0,0.0,0.0,0.0,0.0,3.3473587665652417e-06,0.0,0.0,0.0,0.0,0.0,0.0,0.0,0.0,3.3473587665652417e-06,0.0,0.0,0.0,0.0,0.0,0.0,0.0,0.0,0.0,0.0,0.0,0.0,0.0,0.0,0.0,0.0,0.0,0.0,3.3473587665652417e-06,0.0,0.0,3.3473587665652417e-06,0.0,0.0,0.0,0.0,0.0,0.0,0.0,0.0,3.3473587665652417e-06,6.694717533130483e-06,8.03366103975658e-05,3.3473587665652417e-06,1.673679383282621e-05,0.0,0.0,0.0,0.0,0.0,3.3473587665652417e-06,1.0042076299695725e-05,6.694717533130483e-06,6.694717533130483e-06,3.3473587665652417e-06,3.3473587665652417e-06,1.0042076299695725e-05,0.0,0.0,1.0042076299695725e-05,0.0,0.0,3.3473587665652417e-06,3.3473587665652417e-06,1.0042076299695725e-05,3.3473587665652417e-06,3.3473587665652417e-06,1.0042076299695725e-05,3.3473587665652417e-06,1.673679383282621e-05,1.3389435066260967e-05,0.0,0.0,6.694717533130483e-06,0.0,0.0,0.0,3.3473587665652417e-06,0.0,0.0,0.0,0.0,3.3473587665652417e-06,3.3473587665652417e-06,0.0,3.3473587665652417e-06,0.0,0.0,0.0,3.3473587665652417e-06,0.0,0.0,0.0,0.0,0.0,0.0,0.0,6.694717533130483e-06,3.3473587665652417e-06,6.694717533130483e-06,0.0,0.0,0.0,0.0,0.0,0.0,0.0,0.0,0.0,0.0,0.0,0.0,0.0,0.0,0.0,0.0,0.0,0.0
3.3473587665652417e-06,0.0,0.0,0.0,0.0,0.0,0.0,0.0,0.0,0.0,0.0,0.0,0.0,0.0,0.0,0.0,0.0,0.0,0.0,0.0,0.0,0.0,0.0,0.0,0.0,0.0,0.0,0.0,0.0,0.0,0.0,0.0,0.0,0.0,0.0,0.0,0.0,0.0,0.0,0.0,0.0,0.0,0.0,0.0,0.0,0.0,0.0,0.0,0.0,0.0,0.0,0.0,0.0,0.0,0.0,0.0,0.0,0.0,0.0,0.0,0.0,0.0,0.0,0.0,0.0,0.0,0.0,0.0,0.0,0.0,0.0,0.0,0.0,0.0,0.0,0.0,0.0,0.0,0.0,0.0,0.0,0.0,0.0,0.0,0.0,0.0,0.0,0.0,0.0,0.0,0.0,0.0,0.0,0.0,0.0,0.0,0.0,3.3473587665652417e-06,0.0,0.0,0.0,0.0,0.0,0.0,0.0,0.0,3.3473587665652417e-06,0.0,0.0,6.694717533130483e-06,6.694717533130483e-06,0.0,0.0,6.694717533130483e-06,1.0042076299695725e-05,1.0042076299695725e-05,3.3473587665652417e-06,3.3473587665652417e-06,3.3473587665652417e-06,6.694717533130483e-06,1.3389435066260967e-05,1.0042076299695725e-05,6.694717533130483e-06,2.3431511365956693e-05,6.694717533130483e-06,6.694717533130483e-06,6.694717533130483e-06,3.3473587665652417e-06,1.3389435066260967e-05,2.6778870132521933e-05,1.3389435066260967e-05,3.3473587665652417e-06,1.3389435066260967e-05,1.3389435066260967e-05,1.3389435066260967e-05,1.3389435066260967e-05,6.694717533130483e-06,1.3389435066260967e-05,3.3473587665652417e-06,1.3389435066260967e-05,3.3473587665652417e-06,3.3473587665652417e-06,3.3473587665652417e-06,0.0,6.694717533130483e-06,0.0,0.0,0.0,3.3473587665652417e-06,3.3473587665652417e-06,3.3473587665652417e-06,0.0,6.694717533130483e-06,0.0,3.3473587665652417e-06,6.694717533130483e-06,0.0,6.694717533130483e-06,0.0,0.0,0.0,0.0,0.0,0.0,3.3473587665652417e-06,0.0,0.0,0.0,0.0,0.0,0.0,0.0,0.0,0.0,0.0,0.0,0.0,0.0,0.0,0.0,0.0,0.0,0.0,0.0,0.0,0.0,0.0,0.0,0.0,0.0,0.0,0.0,0.0,0.0,0.0,0.0,0.0,0.0,3.3473587665652417e-06,0.0,0.0,0.0,0.0,0.0,0.0,0.0,0.0,0.0,0.0,0.0,0.0,0.0,0.0,0.0,0.0,0.0,0.0,0.0,0.0,0.0,0.0,0.0,0.0,0.0,0.0,0.0,0.0,0.0,0.0,0.0,0.0,0.0,0.0,0.0,0.0,0.0,0.0,0.0,0.0,0.0,0.0,0.0,0.0,0.0,0.0,0.0,0.0,0.0,0.0,0.0,0.0,0.0,0.0,0.0,0.0,0.0,0.0,0.0,0.0,0.0,0.0,0.0,0.0,3.3473587665652417e-06,0.0,0.0,0.0,0.0,0.0,0.0,0.0,0.0,0.0,0.0,0.0,0.0,0.0,0.0,3.3473587665652417e-06,0.0,6.694717533130483e-06,0.0,0.0,0.0,3.3473587665652417e-06,6.694717533130483e-06,0.0,6.694717533130483e-06,3.3473587665652417e-06,6.694717533130483e-06,0.0,6.694717533130483e-06,3.3473587665652417e-06,3.3473587665652417e-06,0.0,3.3473587665652417e-06,0.0,3.3473587665652417e-06,6.694717533130483e-06,0.0,0.0,0.0,3.3473587665652417e-06,3.3473587665652417e-06,3.3473587665652417e-06,6.694717533130483e-06,0.0,0.0,3.3473587665652417e-06,3.3473587665652417e-06,6.694717533130483e-06,6.694717533130483e-06,0.0,3.3473587665652417e-06,0.0,3.3473587665652417e-06,0.0,0.0,0.0,6.694717533130483e-06,3.3473587665652417e-06,0.0,0.0,6.694717533130483e-06,0.0,0.0,0.0,6.694717533130483e-06,0.0,0.0,0.0,0.0,3.3473587665652417e-06,0.0,0.0,0.0,0.0,0.0,0.0,0.0,0.0,0.0,0.0,3.3473587665652417e-06,0.0,0.0,3.3473587665652417e-06,0.0,0.0,0.0,0.0,0.0,0.0,0.0,0.0,0.0,0.0,0.0,0.0,0.0
0.0,0.0,0.0,0.0,0.0,0.0,0.0,0.0,0.0,0.0,0.0,0.0,0.0,0.0,0.0,0.0,0.0,0.0,0.0,0.0,0.0,0.0,0.0,0.0,0.0,0.0,0.0,0.0,0.0,0.0,0.0,0.0,0.0,0.0,0.0,0.0,0.0,0.0,0.0,0.0,0.0,0.0,0.0,0.0,0.0,0.0,0.0,0.0,0.0,0.0,0.0,0.0,0.0,0.0,0.0,0.0,0.0,0.0,0.0,0.0,0.0,0.0,0.0,0.0,0.0,0.0,0.0,0.0,0.0,0.0,0.0,0.0,0.0,0.0,0.0,0.0,0.0,0.0,0.0,0.0,0.0,0.0,0.0,0.0,0.0,0.0,0.0,0.0,0.0,3.3473587665652417e-06,0.0,0.0,0.0,0.0,0.0,6.694717533130483e-06,0.0,0.0,0.0,0.0,3.3473587665652417e-06,0.0,0.0,3.3473587665652417e-06,0.0,0.0,3.3473587665652417e-06,0.0,0.0,3.3473587665652417e-06,6.694717533130483e-06,0.0,6.694717533130483e-06,6.694717533130483e-06,1.0042076299695725e-05,0.0,6.694717533130483e-06,1.673679383282621e-05,0.0,3.3473587665652417e-06,1.0042076299695725e-05,0.0,0.0,1.0042076299695725e-05,1.673679383282621e-05,6.694717533130483e-06,3.3473587665652417e-06,1.0042076299695725e-05,6.694717533130483e-06,1.3389435066260967e-05,1.673679383282621e-05,1.3389435066260967e-05,1.3389435066260967e-05,1.0042076299695725e-05,1.0042076299695725e-05,2.008415259939145e-05,0.0,3.3473587665652417e-06,0.0,0.0,6.694717533130483e-06,0.0,1.0042076299695725e-05,3.3473587665652417e-06,0.0,0.0,2.008415259939145e-05,0.0,0.0,0.0,3.3473587665652417e-06,6.694717533130483e-06,0.0,0.0,3.3473587665652417e-06,0.0,6.694717533130483e-06,0.0,3.3473587665652417e-06,0.0,0.0,0.0,0.0,0.0,0.0,0.0,0.0,0.0,0.0,0.0,0.0,0.0,3.3473587665652417e-06,0.0,0.0,3.3473587665652417e-06,0.0,0.0,0.0,0.0,0.0,0.0,0.0,0.0,0.0,0.0,0.0,0.0,0.0,0.0,0.0,0.0,0.0,0.0,0.0,0.0,0.0,0.0,0.0,0.0,0.0,0.0,0.0,0.0,0.0,0.0,0.0,0.0,0.0,0.0,0.0,0.0,0.0,0.0,0.0,0.0,0.0,0.0,0.0,0.0,0.0,0.0,0.0,0.0,0.0,0.0,0.0,0.0,0.0,0.0,0.0,0.0,0.0,0.0,0.0,0.0,0.0,0.0,0.0,0.0,0.0,0.0,0.0,0.0,0.0,0.0,0.0,0.0,0.0,0.0,0.0,0.0,0.0,0.0,0.0,0.0,0.0,0.0,0.0,0.0,0.0,0.0,0.0,0.0,0.0,0.0,0.0,0.0,0.0,0.0,0.0,0.0,0.0,0.0,3.3473587665652417e-06,0.0,0.0,0.0,0.0,0.0,3.3473587665652417e-06,0.0,3.3473587665652417e-06,0.0,3.3473587665652417e-06,0.0,0.0,6.694717533130483e-06,0.0,6.694717533130483e-06,0.0,0.0,1.3389435066260967e-05,0.0,6.694717533130483e-06,1.0042076299695725e-05,6.694717533130483e-06,1.673679383282621e-05,1.0042076299695725e-05,3.3473587665652417e-06,3.3473587665652417e-06,0.0,3.3473587665652417e-06,0.0,3.3473587665652417e-06,3.3473587665652417e-06,3.3473587665652417e-06,3.3473587665652417e-06,3.3473587665652417e-06,6.694717533130483e-06,6.694717533130483e-06,0.0,0.0,1.0042076299695725e-05,0.0,6.694717533130483e-06,0.0,6.694717533130483e-06,0.0,3.3473587665652417e-06,0.0,0.0,0.0,0.0,3.3473587665652417e-06,0.0,0.0,0.0,0.0,0.0,0.0,0.0,3.3473587665652417e-06,3.3473587665652417e-06,0.0,0.0,0.0,6.694717533130483e-06,0.0,0.0,0.0,0.0,0.0,0.0,0.0,0.0,0.0,0.0,0.0,0.0,0.0,0.0,0.0,0.0,0.0,0.0,0.0,0.0,0.0,0.0
0.0,0.0,0.0,0.0,0.0,0.0,0.0,0.0,0.0,0.0,0.0,0.0,0.0,0.0,0.0,0.0,0.0,0.0,0.0,0.0,0.0,0.0,0.0,0.0,0.0,0.0,0.0,0.0,0.0,0.0,0.0,0.0,0.0,0.0,0.0,0.0,0.0,0.0,0.0,0.0,0.0,0.0,0.0,0.0,0.0,0.0,0.0,0.0,0.0,0.0,0.0,0.0,0.0,0.0,0.0,0.0,0.0,0.0,0.0,0.0,0.0,0.0,0.0,0.0,0.0,0.0,0.0,0.0,0.0,0.0,0.0,0.0,0.0,0.0,0.0,0.0,0.0,0.0,0.0,0.0,0.0,0.0,3.3473587665652417e-06,0.0,0.0,0.0,0.0,0.0,0.0,0.0,0.0,3.3473587665652417e-06,0.0,0.0,0.0,0.0,0.0,0.0,0.0,3.3473587665652417e-06,0.0,0.0,0.0,3.3473587665652417e-06,6.694717533130483e-06,0.0,0.0,0.0,0.0,3.3473587665652417e-06,0.0,0.0,3.3473587665652417e-06,3.3473587665652417e-06,3.3473587665652417e-06,6.694717533130483e-06,3.3473587665652417e-06,0.0,6.694717533130483e-06,3.3473587665652417e-06,1.3389435066260967e-05,2.008415259939145e-05,3.3473587665652417e-06,2.008415259939145e-05,2.3431511365956693e-05,1.673679383282621e-05,2.008415259939145e-05,1.0042076299695725e-05,6.694717533130483e-06,1.0042076299695725e-05,0.0,6.694717533130483e-06,6.694717533130483e-06,1.3389435066260967e-05,6.694717533130483e-06,1.0042076299695725e-05,1.673679383282621e-05,6.694717533130483e-06,3.3473587665652417e-06,6.694717533130483e-06,3.3473587665652417e-06,3.3473587665652417e-06,1.0042076299695725e-05,0.0,0.0,0.0,6.694717533130483e-06,6.694717533130483e-06,6.694717533130483e-06,6.694717533130483e-06,3.3473587665652417e-06,0.0,3.3473587665652417e-06,3.3473587665652417e-06,0.0,3.3473587665652417e-06,0.0,0.0,0.0,0.0,0.0,0.0,0.0,0.0,3.3473587665652417e-06,0.0,0.0,0.0,0.0,0.0,0.0,0.0,0.0,0.0,0.0,0.0,0.0,0.0,0.0,0.0,0.0,0.0,0.0,0.0,0.0,0.0,0.0,0.0,3.3473587665652417e-06,0.0,0.0,0.0,0.0,0.0,0.0,0.0,0.0,0.0,0.0,0.0,0.0,0.0,0.0,0.0,0.0,0.0,0.0,0.0,0.0,0.0,0.0,0.0,0.0,0.0,0.0,0.0,0.0,0.0,0.0,0.0,0.0,0.0,0.0,0.0,0.0,0.0,0.0,0.0,0.0,0.0,0.0,0.0,0.0,0.0,0.0,0.0,0.0,0.0,0.0,0.0,0.0,0.0,0.0,0.0,0.0,0.0,0.0,0.0,0.0,0.0,0.0,0.0,0.0,0.0,0.0,0.0,0.0,0.0,0.0,0.0,3.3473587665652417e-06,0.0,0.0,0.0,0.0,0.0,0.0,0.0,0.0,0.0,0.0,0.0,0.0,0.0,0.0,0.0,0.0,0.0,0.0,0.0,0.0,0.0,0.0,0.0,3.3473587665652417e-06,3.3473587665652417e-06,1.0042076299695725e-05,0.0,0.0,0.0,0.0,0.0,3.3473587665652417e-06,3.3473587665652417e-06,6.694717533130483e-06,6.694717533130483e-06,0.0,1.0042076299695725e-05,1.0042076299695725e-05,0.0,0.0,3.3473587665652417e-06,0.0,3.3473587665652417e-06,0.0,0.0,3.3473587665652417e-06,0.0,0.0,6.694717533130483e-06,0.0,6.694717533130483e-06,3.3473587665652417e-06,0.0,0.0,3.3473587665652417e-06,3.3473587665652417e-06,3.3473587665652417e-06,6.694717533130483e-06,0.0,0.0,0.0,0.0,0.0,1.0042076299695725e-05,0.0,0.0,3.3473587665652417e-06,3.3473587665652417e-06,3.3473587665652417e-06,0.0,0.0,0.0,0.0,0.0,0.0,0.0,3.3473587665652417e-06,0.0,0.0,0.0,0.0,0.0,0.0,0.0,3.3473587665652417e-06,0.0,0.0,0.0,0.0,0.0,0.0,0.0,0.0,0.0,0.0,0.0,0.0,0.0,0.0
0.0,0.0,0.0,0.0,0.0,0.0,0.0,0.0,0.0,0.0,0.0,0.0,0.0,0.0,0.0,0.0,0.0,0.0,0.0,0.0,0.0,0.0,0.0,0.0,0.0,0.0,0.0,0.0,0.0,0.0,0.0,3.3473587665652417e-06,0.0,0.0,0.0,0.0,0.0,0.0,0.0,0.0,0.0,0.0,0.0,0.0,0.0,0.0,0.0,0.0,0.0,0.0,0.0,0.0,0.0,0.0,0.0,0.0,0.0,0.0,0.0,0.0,0.0,0.0,0.0,0.0,0.0,0.0,0.0,0.0,0.0,0.0,0.0,0.0,0.0,0.0,0.0,0.0,0.0,0.0,0.0,0.0,0.0,0.0,0.0,0.0,0.0,0.0,0.0,0.0,0.0,0.0,0.0,0.0,3.3473587665652417e-06,0.0,3.3473587665652417e-06,0.0,3.3473587665652417e-06,0.0,3.3473587665652417e-06,0.0,0.0,0.0,0.0,3.3473587665652417e-06,0.0,3.3473587665652417e-06,0.0,0.0,3.3473587665652417e-06,3.3473587665652417e-06,3.3473587665652417e-06,0.0,6.694717533130483e-06,3.3473587665652417e-06,6.694717533130483e-06,6.694717533130483e-06,0.0,3.3473587665652417e-06,3.3473587665652417e-06,0.0,1.0042076299695725e-05,0.0,3.3473587665652417e-06,0.0,1.3389435066260967e-05,3.3473587665652417e-06,0.0,1.0042076299695725e-05,0.0,3.3473587665652417e-06,3.3473587665652417e-06,2.008415259939145e-05,1.0042076299695725e-05,1.0042076299695725e-05,1.0042076299695725e-05,0.0,6.694717533130483e-06,3.3473587665652417e-06,3.3473587665652417e-06,0.0,0.0,6.694717533130483e-06,0.0,6.694717533130483e-06,0.0,6.694717533130483e-06,1.0042076299695725e-05,6.694717533130483e-06,6.694717533130483e-06,3.3473587665652417e-06,3.3473587665652417e-06,0.0,6.694717533130483e-06,0.0,0.0,0.0,3.3473587665652417e-06,0.0,0.0,0.0,0.0,0.0,3.3473587665652417e-06,0.0,0.0,0.0,0.0,0.0,0.0,0.0,0.0,0.0,0.0,0.0,0.0,0.0,0.0,0.0,0.0,0.0,0.0,0.0,0.0,0.0,0.0,0.0,0.0,0.0,0.0,0.0,0.0,0.0,0.0,0.0,0.0,0.0,0.0,0.0,0.0,0.0,0.0,0.0,0.0,0.0,0.0,0.0,0.0,0.0,0.0,0.0,0.0,0.0,0.0,0.0,0.0,0.0,0.0,0.0,0.0,0.0,0.0,0.0,0.0,0.0,0.0,0.0,0.0,0.0,0.0,0.0,0.0,0.0,0.0,0.0,0.0,0.0,0.0,0.0,0.0,0.0,0.0,0.0,0.0,3.3473587665652417e-06,0.0,0.0,0.0,3.3473587665652417e-06,0.0,0.0,0.0,0.0,0.0,0.0,0.0,0.0,0.0,0.0,0.0,0.0,3.3473587665652417e-06,0.0,0.0,0.0,0.0,0.0,0.0,0.0,0.0,0.0,0.0,0.0,0.0,3.3473587665652417e-06,0.0,0.0,0.0,6.694717533130483e-06,0.0,0.0,3.3473587665652417e-06,3.3473587665652417e-06,0.0,0.0,0.0,6.694717533130483e-06,3.3473587665652417e-06,0.0,0.0,0.0,3.3473587665652417e-06,0.0,3.3473587665652417e-06,0.0,3.3473587665652417e-06,0.0,6.694717533130483e-06,0.0,1.0042076299695725e-05,0.0,0.0,0.0,3.3473587665652417e-06,6.694717533130483e-06,3.3473587665652417e-06,1.0042076299695725e-05,3.3473587665652417e-06,0.0,0.0,0.0,0.0,0.0,0.0,6.694717533130483e-06,6.694717533130483e-06,0.0,0.0,0.0,0.0,0.0,0.0,3.3473587665652417e-06,0.0,0.0,0.0,3.3473587665652417e-06,0.0,0.0,0.0,3.3473587665652417e-06,6.694717533130483e-06,0.0,0.0,0.0,0.0,0.0,0.0,0.0,0.0,0.0,0.0,0.0,0.0,0.0,0.0,0.0,0.0,0.0,0.0,0.0,0.0,0.0,0.0,0.0,0.0,0.0,0.0,0.0,0.0,0.0
0.0,0.0,0.0,0.0,0.0,0.0,0.0,0.0,0.0,0.0,0.0,0.0,0.0,0.0,0.0,0.0,0.0,0.0,0.0,0.0,0.0,0.0,0.0,0.0,0.0,0.0,0.0,0.0,0.0,0.0,0.0,0.0,3.3473587665652417e-06,0.0,0.0,0.0,0.0,0.0,0.0,0.0,0.0,0.0,0.0,0.0,0.0,0.0,0.0,0.0,0.0,0.0,0.0,0.0,0.0,0.0,0.0,0.0,0.0,0.0,0.0,0.0,0.0,0.0,0.0,0.0,0.0,0.0,0.0,0.0,0.0,0.0,0.0,0.0,0.0,0.0,0.0,0.0,0.0,0.0,0.0,0.0,0.0,0.0,0.0,0.0,0.0,0.0,0.0,0.0,0.0,0.0,0.0,0.0,0.0,3.3473587665652417e-06,0.0,0.0,0.0,0.0,0.0,1.3389435066260967e-05,3.3473587665652417e-06,0.0,0.0,0.0,3.3473587665652417e-06,0.0,0.0,0.0,3.3473587665652417e-06,0.0,0.0,3.3473587665652417e-06,0.0,0.0,6.694717533130483e-06,0.0,6.694717533130483e-06,6.694717533130483e-06,3.3473587665652417e-06,3.3473587665652417e-06,3.3473587665652417e-06,3.3473587665652417e-06,6.694717533130483e-06,3.3473587665652417e-06,1.0042076299695725e-05,3.3473587665652417e-06,3.3473587665652417e-06,6.694717533130483e-06,6.694717533130483e-06,3.3473587665652417e-06,1.3389435066260967e-05,3.3473587665652417e-06,6.694717533130483e-06,0.0,1.3389435066260967e-05,0.0,1.0042076299695725e-05,0.0,1.3389435066260967e-05,1.0042076299695725e-05,1.0042076299695725e-05,3.3473587665652417e-06,3.3473587665652417e-06,0.0,3.3473587665652417e-06,6.694717533130483e-06,0.0,0.0,0.0,3.3473587665652417e-06,3.3473587665652417e-06,0.0,0.0,0.0,0.0,0.0,0.0,0.0,3.3473587665652417e-06,0.0,0.0,0.0,0.0,0.0,0.0,0.0,0.0,0.0,0.0,0.0,0.0,0.0,0.0,0.0,0.0,0.0,3.3473587665652417e-06,0.0,0.0,0.0,0.0,0.0,0.0,0.0,0.0,0.0,0.0,0.0,0.0,0.0,0.0,0.0,0.0,0.0,0.0,0.0,0.0,0.0,0.0,0.0,0.0,0.0,0.0,0.0,0.0,0.0,0.0,0.0,0.0,0.0,0.0,0.0,0.0,0.0,0.0,0.0,0.0,0.0,0.0,0.0,0.0,0.0,0.0,0.0,0.0,0.0,0.0,0.0,0.0,0.0,0.0,0.0,0.0,0.0,0.0,0.0,0.0,0.0,0.0,0.0,0.0,0.0,0.0,0.0,0.0,0.0,0.0,0.0,0.0,0.0,0.0,0.0,0.0,0.0,0.0,0.0,0.0,0.0,0.0,0.0,0.0,0.0,0.0,0.0,0.0,0.0,0.0,3.3473587665652417e-06,0.0,0.0,0.0,0.0,0.0,0.0,0.0,0.0,0.0,0.0,0.0,3.3473587665652417e-06,0.0,0.0,0.0,0.0,3.3473587665652417e-06,0.0,3.3473587665652417e-06,0.0,6.694717533130483e-06,0.0,3.3473587665652417e-06,0.0,3.3473587665652417e-06,2.3431511365956693e-05,0.0,0.0,0.0,0.0,0.0,0.0,3.3473587665652417e-06,0.0,0.0,3.3473587665652417e-06,3.3473587665652417e-06,3.3473587665652417e-06,0.0,3.3473587665652417e-06,0.0,0.0,0.0,0.0,3.3473587665652417e-06,0.0,6.694717533130483e-06,3.3473587665652417e-06,6.694717533130483e-06,0.0,0.0,0.0,0.0,3.3473587665652417e-06,0.0,0.0,0.0,0.0,0.0,0.0,0.0,3.3473587665652417e-06,0.0,0.0,0.0,0.0,0.0,3.3473587665652417e-06,3.3473587665652417e-06,0.0,0.0,0.0,0.0,0.0,3.3473587665652417e-06,0.0,0.0,0.0,0.0,0.0,0.0,0.0,0.0,0.0,0.0,0.0,0.0,0.0,0.0,0.0,0.0,0.0
0.0,0.0,0.0,0.0,0.0,3.3473587665652417e-06,0.0,0.0,3.3473587665652417e-06,0.0,0.0,0.0,0.0,0.0,0.0,0.0,0.0,0.0,0.0,0.0,0.0,0.0,0.0,0.0,0.0,0.0,0.0,0.0,0.0,0.0,0.0,0.0,0.0,0.0,0.0,0.0,0.0,0.0,0.0,0.0,0.0,0.0,0.0,0.0,0.0,0.0,0.0,0.0,0.0,0.0,0.0,0.0,0.0,0.0,3.3473587665652417e-06,0.0,0.0,0.0,0.0,0.0,3.3473587665652417e-06,0.0,0.0,3.3473587665652417e-06,0.0,0.0,0.0,0.0,0.0,0.0,0.0,0.0,0.0,0.0,0.0,0.0,0.0,0.0,0.0,0.0,0.0,0.0,0.0,0.0,0.0,3.3473587665652417e-06,0.0,0.0,0.0,0.0,0.0,0.0,0.0,3.3473587665652417e-06,0.0,0.0,0.0,3.3473587665652417e-06,3.3473587665652417e-06,0.0,0.0,3.3473587665652417e-06,1.0042076299695725e-05,0.0,0.0,0.0,3.3473587665652417e-06,0.0,0.0,0.0,0.0,1.0042076299695725e-05,0.0,6.694717533130483e-06,6.694717533130483e-06,6.694717533130483e-06,6.694717533130483e-06,0.0,1.0042076299695725e-05,6.694717533130483e-06,1.0042076299695725e-05,3.3473587665652417e-06,3.3473587665652417e-06,3.3473587665652417e-06,0.0,3.3473587665652417e-06,1.3389435066260967e-05,3.3473587665652417e-06,0.0,3.3473587665652417e-06,1.3389435066260967e-05,1.3389435066260967e-05,6.694717533130483e-06,3.3473587665652417e-06,6.694717533130483e-06,6.694717533130483e-06,0.0,0.0,6.694717533130483e-06,0.0,0.0,3.3473587665652417e-06,3.3473587665652417e-06,6.694717533130483e-06,0.0,0.0,0.0,3.3473587665652417e-06,6.694717533130483e-06,0.0,6.694717533130483e-06,0.0,0.0,3.3473587665652417e-06,3.3473587665652417e-06,3.3473587665652417e-06,0.0,0.0,0.0,3.3473587665652417e-06,0.0,0.0,0.0,0.0,0.0,0.0,0.0,0.0,0.0,0.0,0.0,0.0,0.0,0.0,0.0,0.0,0.0,0.0,0.0,0.0,0.0,0.0,0.0,0.0,0.0,0.0,0.0,0.0,0.0,0.0,0.0,0.0,0.0,0.0,0.0,0.0,0.0,0.0,0.0,0.0,0.0,0.0,0.0,0.0,0.0,0.0,0.0,0.0,0.0,0.0,0.0,0.0,0.0,0.0,0.0,0.0,0.0,0.0,0.0,0.0,0.0,0.0,0.0,0.0,0.0,0.0,0.0,0.0,0.0,0.0,0.0,0.0,0.0,0.0,0.0,0.0,0.0,0.0,0.0,0.0,0.0,0.0,0.0,0.0,0.0,0.0,0.0,0.0,0.0,0.0,0.0,0.0,0.0,0.0,0.0,0.0,0.0,0.0,0.0,0.0,0.0,0.0,0.0,0.0,6.694717533130483e-06,0.0,0.0,0.0,0.0,0.0,0.0,0.0,0.0,0.0,0.0,0.0,0.0,0.0,0.0,0.0,0.0,0.0,0.0,0.0,0.0,6.694717533130483e-06,0.0,3.3473587665652417e-06,0.0,0.0,0.0,0.0,0.0,6.694717533130483e-06,1.3389435066260967e-05,0.0,0.0,0.0,3.3473587665652417e-06,0.0,6.694717533130483e-06,0.0,0.0,3.3473587665652417e-06,0.0,6.694717533130483e-06,0.0,0.0,0.0,0.0,0.0,0.0,0.0,0.0,0.0,0.0,0.0,0.0,0.0,3.3473587665652417e-06,3.3473587665652417e-06,0.0,0.0,0.0,0.0,0.0,0.0,0.0,0.0,0.0,0.0,0.0,0.0,0.0,0.0,0.0,0.0,0.0,0.0,0.0,0.0,0.0,0.0,0.0,0.0,0.0,0.0,0.0,0.0,0.0,0.0,3.3473587665652417e-06,0.0,0.0,0.0,0.0,0.0,0.0,0.0,0.0
0.0,0.0,0.0,3.3473587665652417e-06,0.0,0.0,0.0,0.0,0.0,0.0,0.0,0.0,0.0,0.0,0.0,0.0,0.0,0.0,0.0,0.0,0.0,0.0,0.0,0.0,0.0,0.0,0.0,0.0,0.0,0.0,0.0,0.0,0.0,0.0,0.0,0.0,0.0,0.0,0.0,0.0,0.0,0.0,0.0,0.0,0.0,0.0,0.0,0.0,0.0,0.0,0.0,0.0,0.0,0.0,0.0,0.0,0.0,0.0,0.0,0.0,0.0,3.3473587665652417e-06,0.0,0.0,0.0,0.0,0.0,0.0,0.0,0.0,0.0,0.0,0.0,0.0,0.0,0.0,0.0,0.0,0.0,0.0,0.0,0.0,0.0,0.0,0.0,3.3473587665652417e-06,0.0,0.0,0.0,0.0,0.0,0.0,0.0,3.3473587665652417e-06,0.0,0.0,0.0,3.3473587665652417e-06,0.0,0.0,3.3473587665652417e-06,0.0,0.0,0.0,0.0,0.0,3.3473587665652417e-06,6.694717533130483e-06,3.3473587665652417e-06,6.694717533130483e-06,0.0,3.3473587665652417e-06,0.0,0.0,3.3473587665652417e-06,3.3473587665652417e-06,0.0,3.3473587665652417e-06,6.694717533130483e-06,0.0,0.0,0.0,0.0,0.0,3.3473587665652417e-06,3.3473587665652417e-06,1.0042076299695725e-05,0.0,0.0,1.673679383282621e-05,3.3473587665652417e-06,0.0,6.694717533130483e-06,0.0,1.0042076299695725e-05,6.694717533130483e-06,1.3389435066260967e-05,1.0042076299695725e-05,0.0,3.3473587665652417e-06,1.0042076299695725e-05,3.3473587665652417e-06,3.3473587665652417e-06,0.0,3.3473587665652417e-06,3.3473587665652417e-06,3.3473587665652417e-06,3.3473587665652417e-06,0.0,0.0,0.0,0.0,0.0,0.0,0.0,0.0,3.3473587665652417e-06,0.0,6.694717533130483e-06,0.0,0.0,0.0,0.0,0.0,0.0,0.0,0.0,0.0,0.0,0.0,3.3473587665652417e-06,0.0,0.0,3.3473587665652417e-06,0.0,0.0,0.0,0.0,0.0,0.0,0.0,0.0,0.0,0.0,0.0,3.3473587665652417e-06,0.0,0.0,0.0,0.0,0.0,0.0,0.0,0.0,0.0,0.0,0.0,0.0,0.0,0.0,0.0,0.0,0.0,0.0,0.0,0.0,0.0,0.0,0.0,0.0,0.0,0.0,0.0,0.0,0.0,0.0,0.0,0.0,0.0,0.0,0.0,0.0,0.0,0.0,0.0,0.0,0.0,0.0,0.0,0.0,0.0,0.0,0.0,0.0,0.0,0.0,0.0,0.0,0.0,0.0,0.0,0.0,0.0,0.0,0.0,0.0,0.0,0.0,0.0,0.0,0.0,0.0,0.0,0.0,3.3473587665652417e-06,0.0,0.0,0.0,0.0,0.0,0.0,0.0,0.0,0.0,0.0,0.0,0.0,0.0,0.0,0.0,0.0,0.0,6.694717533130483e-06,0.0,0.0,0.0,0.0,0.0,3.3473587665652417e-06,0.0,0.0,0.0,0.0,0.0,0.0,0.0,0.0,0.0,3.3473587665652417e-06,3.3473587665652417e-06,0.0,0.0,0.0,0.0,0.0,0.0,0.0,0.0,0.0,0.0,0.0,0.0,0.0,0.0,0.0,0.0,0.0,0.0,3.3473587665652417e-06,0.0,0.0,0.0,0.0,0.0,0.0,0.0,3.3473587665652417e-06,0.0,0.0,0.0,0.0,0.0,3.3473587665652417e-06,0.0,3.3473587665652417e-06,0.0,0.0,0.0,0.0,3.3473587665652417e-06,0.0,0.0,0.0,3.3473587665652417e-06,0.0,0.0,0.0,0.0,0.0,0.0,0.0,0.0,0.0,0.0,0.0,0.0,0.0,0.0,0.0,0.0,0.0,0.0,0.0,0.0,0.0,0.0,0.0,0.0,0.0,0.0
0.0,0.0,0.0,0.0,0.0,0.0,0.0,0.0,0.0,0.0,0.0,0.0,0.0,0.0,0.0,0.0,0.0,0.0,0.0,0.0,0.0,0.0,0.0,0.0,0.0,0.0,0.0,0.0,0.0,0.0,0.0,0.0,0.0,0.0,0.0,0.0,0.0,0.0,0.0,0.0,0.0,0.0,0.0,3.3473587665652417e-06,0.0,0.0,0.0,0.0,0.0,0.0,0.0,0.0,0.0,0.0,0.0,0.0,0.0,0.0,0.0,0.0,0.0,0.0,0.0,0.0,0.0,0.0,0.0,0.0,0.0,0.0,0.0,0.0,0.0,0.0,0.0,0.0,0.0,0.0,0.0,0.0,0.0,0.0,0.0,0.0,0.0,0.0,0.0,0.0,0.0,0.0,0.0,0.0,0.0,0.0,0.0,0.0,3.3473587665652417e-06,0.0,0.0,3.3473587665652417e-06,0.0,0.0,0.0,3.3473587665652417e-06,0.0,3.3473587665652417e-06,0.0,0.0,0.0,3.3473587665652417e-06,0.0,0.0,6.694717533130483e-06,0.0,0.0,0.0,3.3473587665652417e-06,0.0,6.694717533130483e-06,0.0,0.0,3.3473587665652417e-06,0.0,3.3473587665652417e-06,3.3473587665652417e-06,3.3473587665652417e-06,3.3473587665652417e-06,0.0,0.0,0.0,3.3473587665652417e-06,0.0,6.694717533130483e-06,3.3473587665652417e-06,0.0,6.694717533130483e-06,0.0,0.0,0.0,0.0,3.3473587665652417e-06,6.694717533130483e-06,3.3473587665652417e-06,3.3473587665652417e-06,3.3473587665652417e-06,0.0,0.0,0.0,3.3473587665652417e-06,0.0,3.3473587665652417e-06,0.0,0.0,0.0,0.0,0.0,0.0,0.0,0.0,0.0,0.0,0.0,0.0,0.0,0.0,0.0,0.0,0.0,0.0,0.0,0.0,0.0,0.0,0.0,0.0,0.0,0.0,0.0,0.0,0.0,0.0,0.0,0.0,0.0,0.0,0.0,0.0,0.0,0.0,0.0,0.0,0.0,3.3473587665652417e-06,0.0,0.0,0.0,0.0,0.0,0.0,0.0,0.0,0.0,0.0,0.0,0.0,0.0,0.0,0.0,0.0,0.0,0.0,0.0,0.0,0.0,0.0,0.0,0.0,0.0,0.0,0.0,0.0,0.0,0.0,0.0,0.0,0.0,0.0,0.0,0.0,0.0,0.0,0.0,0.0,0.0,0.0,0.0,0.0,0.0,0.0,0.0,0.0,0.0,0.0,0.0,0.0,0.0,0.0,0.0,0.0,0.0,0.0,0.0,0.0,0.0,0.0,0.0,0.0,0.0,0.0,0.0,0.0,0.0,0.0,0.0,3.3473587665652417e-06,3.3473587665652417e-06,0.0,0.0,0.0,3.3473587665652417e-06,0.0,0.0,0.0,0.0,3.3473587665652417e-06,0.0,0.0,0.0,3.3473587665652417e-06,0.0,0.0,6.694717533130483e-06,0.0,3.3473587665652417e-06,3.3473587665652417e-06,0.0,0.0,0.0,0.0,0.0,0.0,3.3473587665652417e-06,0.0,0.0,0.0,1.0042076299695725e-05,0.0,0.0,0.0,3.3473587665652417e-06,0.0,0.0,0.0,3.3473587665652417e-06,0.0,0.0,0.0,0.0,0.0,3.3473587665652417e-06,6.694717533130483e-06,0.0,3.3473587665652417e-06,0.0,0.0,0.0,0.0,3.3473587665652417e-06,0.0,0.0,0.0,0.0,0.0,0.0,0.0,0.0,0.0,0.0,0.0,0.0,0.0,6.694717533130483e-06,0.0,0.0,0.0,0.0,0.0,0.0,0.0,0.0,0.0,0.0,0.0,0.0,0.0,0.0,3.3473587665652417e-06,0.0,0.0,0.0,0.0,0.0,0.0,3.3473587665652417e-06,0.0,0.0,0.0,0.0,0.0,0.0
0.0,0.0,0.0,0.0,0.0,0.0,0.0,0.0,0.0,0.0,0.0,0.0,0.0,0.0,0.0,0.0,0.0,0.0,0.0,0.0,0.0,0.0,0.0,0.0,0.0,0.0,0.0,0.0,0.0,0.0,0.0,0.0,0.0,0.0,0.0,0.0,0.0,0.0,0.0,0.0,0.0,0.0,0.0,0.0,0.0,0.0,0.0,0.0,0.0,0.0,0.0,0.0,0.0,0.0,0.0,0.0,0.0,0.0,0.0,0.0,0.0,0.0,0.0,0.0,0.0,0.0,0.0,0.0,0.0,0.0,0.0,0.0,0.0,0.0,0.0,0.0,0.0,0.0,0.0,0.0,0.0,0.0,0.0,0.0,0.0,0.0,0.0,0.0,0.0,0.0,0.0,0.0,0.0,0.0,0.0,3.3473587665652417e-06,0.0,3.3473587665652417e-06,0.0,0.0,3.3473587665652417e-06,0.0,0.0,0.0,3.3473587665652417e-06,0.0,0.0,0.0,0.0,0.0,3.3473587665652417e-06,3.3473587665652417e-06,6.694717533130483e-06,3.3473587665652417e-06,0.0,3.3473587665652417e-06,6.694717533130483e-06,3.3473587665652417e-06,3.3473587665652417e-06,1.3389435066260967e-05,6.694717533130483e-06,0.0,0.0,0.0,0.0,0.0,1.0042076299695725e-05,3.3473587665652417e-06,3.3473587665652417e-06,3.3473587665652417e-06,1.0042076299695725e-05,0.0,0.0,0.0,0.0,3.3473587665652417e-06,3.3473587665652417e-06,3.3473587665652417e-06,3.3473587665652417e-06,0.0,0.0,0.0,0.0,0.0,0.0,0.0,0.0,0.0,0.0,0.0,3.3473587665652417e-06,0.0,0.0,6.694717533130483e-06,0.0,0.0,0.0,0.0,3.3473587665652417e-06,6.694717533130483e-06,0.0,0.0,0.0,0.0,0.0,0.0,0.0,0.0,0.0,0.0,0.0,0.0,0.0,0.0,0.0,0.0,0.0,0.0,0.0,0.0,0.0,0.0,0.0,0.0,0.0,0.0,0.0,0.0,0.0,0.0,0.0,0.0,0.0,0.0,0.0,0.0,0.0,0.0,0.0,0.0,0.0,0.0,0.0,0.0,0.0,0.0,0.0,0.0,0.0,0.0,0.0,0.0,0.0,0.0,0.0,0.0,0.0,0.0,0.0,0.0,0.0,0.0,0.0,0.0,0.0,0.0,0.0,0.0,0.0,0.0,0.0,0.0,0.0,0.0,0.0,0.0,0.0,0.0,0.0,0.0,0.0,0.0,0.0,0.0,0.0,0.0,0.0,0.0,0.0,0.0,0.0,0.0,0.0,0.0,0.0,0.0,3.3473587665652417e-06,0.0,0.0,0.0,0.0,0.0,3.3473587665652417e-06,0.0,0.0,0.0,0.0,0.0,0.0,0.0,0.0,0.0,0.0,0.0,0.0,0.0,0.0,0.0,3.3473587665652417e-06,0.0,0.0,0.0,0.0,0.0,6.694717533130483e-06,0.0,0.0,0.0,0.0,0.0,0.0,0.0,0.0,0.0,0.0,3.3473587665652417e-06,0.0,0.0,0.0,0.0,0.0,0.0,0.0,0.0,0.0,0.0,0.0,0.0,0.0,0.0,0.0,0.0,0.0,0.0,0.0,0.0,6.694717533130483e-06,0.0,0.0,0.0,0.0,0.0,0.0,0.0,0.0,0.0,0.0,0.0,0.0,1.0042076299695725e-05,3.3473587665652417e-06,0.0,0.0,0.0,0.0,0.0,0.0,0.0,0.0,0.0,0.0,0.0,0.0,0.0,0.0,0.0,0.0,0.0,0.0,0.0,0.0,0.0,0.0,0.0,0.0,0.0,0.0,0.0,0.0,0.0
0.0,0.0,0.0,0.0,0.0,0.0,0.0,0.0,0.0,0.0,0.0,0.0,0.0,0.0,0.0,0.0,0.0,0.0,0.0,0.0,0.0,0.0,0.0,0.0,0.0,0.0,0.0,0.0,0.0,0.0,0.0,0.0,0.0,0.0,0.0,0.0,0.0,0.0,0.0,0.0,0.0,0.0,0.0,0.0,0.0,0.0,0.0,0.0,0.0,0.0,0.0,0.0,0.0,0.0,0.0,0.0,0.0,0.0,0.0,0.0,0.0,0.0,0.0,0.0,0.0,0.0,0.0,0.0,0.0,0.0,0.0,0.0,0.0,0.0,0.0,0.0,0.0,0.0,0.0,0.0,0.0,0.0,0.0,0.0,0.0,0.0,0.0,0.0,0.0,0.0,0.0,0.0,0.0,0.0,0.0,3.3473587665652417e-06,0.0,0.0,0.0,0.0,6.694717533130483e-06,6.694717533130483e-06,0.0,0.0,0.0,0.0,0.0,0.0,3.3473587665652417e-06,0.0,0.0,0.0,3.3473587665652417e-06,0.0,0.0,0.0,3.3473587665652417e-06,0.0,0.0,0.0,0.0,3.3473587665652417e-06,0.0,0.0,6.694717533130483e-06,3.3473587665652417e-06,0.0,3.3473587665652417e-06,3.3473587665652417e-06,3.3473587665652417e-06,6.694717533130483e-06,3.3473587665652417e-06,0.0,3.3473587665652417e-06,0.0,3.3473587665652417e-06,3.3473587665652417e-06,0.0,0.0,0.0,3.3473587665652417e-06,0.0,6.694717533130483e-06,0.0,0.0,0.0,0.0,3.3473587665652417e-06,0.0,0.0,6.694717533130483e-06,0.0,0.0,3.3473587665652417e-06,0.0,0.0,0.0,0.0,0.0,0.0,0.0,3.3473587665652417e-06,0.0,0.0,0.0,0.0,0.0,3.3473587665652417e-06,0.0,0.0,0.0,0.0,0.0,0.0,0.0,0.0,0.0,0.0,0.0,0.0,0.0,0.0,0.0,0.0,0.0,0.0,0.0,0.0,0.0,0.0,0.0,0.0,0.0,0.0,0.0,0.0,0.0,0.0,0.0,0.0,0.0,0.0,0.0,0.0,0.0,0.0,0.0,0.0,0.0,0.0,0.0,0.0,0.0,0.0,0.0,0.0,0.0,0.0,0.0,0.0,0.0,0.0,0.0,0.0,0.0,0.0,0.0,0.0,0.0,0.0,0.0,0.0,0.0,0.0,0.0,0.0,0.0,0.0,0.0,0.0,0.0,0.0,0.0,0.0,0.0,0.0,0.0,0.0,0.0,0.0,0.0,0.0,0.0,0.0,0.0,0.0,0.0,0.0,0.0,0.0,0.0,0.0,0.0,0.0,0.0,0.0,0.0,0.0,0.0,0.0,0.0,0.0,0.0,0.0,0.0,3.3473587665652417e-06,0.0,0.0,0.0,0.0,0.0,0.0,0.0,0.0,0.0,0.0,1.673679383282621e-05,0.0,0.0,0.0,0.0,0.0,0.0,0.0,0.0,0.0,0.0,0.0,0.0,0.0,0.0,0.0,0.0,0.0,1.0042076299695725e-05,0.0,0.0,0.0,3.3473587665652417e-06,0.0,0.0,0.0,3.3473587665652417e-06,0.0,0.0,0.0,0.0,0.0,0.0,0.0,0.0,0.0,0.0,0.0,0.0,0.0,0.0,0.0,6.694717533130483e-06,0.0,0.0,0.0,0.0,0.0,0.0,0.0,0.0,3.3473587665652417e-06,0.0,0.0,0.0,0.0,0.0,0.0,0.0,0.0,0.0,3.3473587665652417e-06,0.0,0.0,0.0,0.0,0.0,0.0,0.0,0.0,0.0,0.0,0.0,0.0
0.0,0.0,0.0,0.0,0.0,0.0,0.0,0.0,0.0,0.0,0.0,0.0,0.0,0.0,0.0,0.0,0.0,0.0,0.0,0.0,0.0,0.0,0.0,0.0,0.0,0.0,0.0,0.0,0.0,0.0,0.0,0.0,0.0,0.0,0.0,0.0,0.0,0.0,0.0,0.0,0.0,0.0,0.0,0.0,0.0,0.0,0.0,0.0,0.0,0.0,0.0,0.0,0.0,0.0,0.0,0.0,0.0,0.0,0.0,0.0,0.0,0.0,0.0,0.0,0.0,0.0,0.0,0.0,0.0,0.0,0.0,3.3473587665652417e-06,0.0,0.0,0.0,0.0,0.0,0.0,0.0,0.0,0.0,0.0,0.0,0.0,0.0,0.0,0.0,0.0,0.0,0.0,0.0,0.0,0.0,0.0,0.0,0.0,0.0,0.0,0.0,0.0,0.0,0.0,6.694717533130483e-06,0.0,0.0,0.0,3.3473587665652417e-06,0.0,0.0,3.3473587665652417e-06,0.0,0.0,0.0,6.694717533130483e-06,0.0,0.0,0.0,0.0,3.3473587665652417e-06,0.0,3.3473587665652417e-06,0.0,0.0,6.694717533130483e-06,0.0,3.3473587665652417e-06,0.0,0.0,0.0,6.694717533130483e-06,0.0,0.0,0.0,0.0,6.694717533130483e-06,0.0,1.0042076299695725e-05,3.3473587665652417e-06,0.0,0.0,0.0,3.3473587665652417e-06,0.0,3.3473587665652417e-06,0.0,0.0,0.0,3.3473587665652417e-06,0.0,0.0,0.0,0.0,0.0,0.0,0.0,0.0,0.0,0.0,3.3473587665652417e-06,0.0,0.0,0.0,0.0,0.0,0.0,0.0,0.0,0.0,0.0,0.0,0.0,0.0,0.0,0.0,0.0,0.0,0.0,0.0,0.0,0.0,0.0,0.0,0.0,0.0,0.0,0.0,0.0,0.0,0.0,0.0,0.0,0.0,0.0,0.0,0.0,0.0,0.0,0.0,0.0,0.0,0.0,0.0,0.0,0.0,0.0,0.0,0.0,0.0,0.0,0.0,0.0,0.0,0.0,0.0,0.0,0.0,0.0,0.0,0.0,0.0,0.0,0.0,0.0,0.0,0.0,0.0,0.0,0.0,0.0,0.0,0.0,0.0,0.0,0.0,0.0,0.0,0.0,0.0,0.0,0.0,0.0,0.0,0.0,3.3473587665652417e-06,3.3473587665652417e-06,0.0,0.0,0.0,0.0,0.0,0.0,0.0,0.0,0.0,0.0,0.0,0.0,0.0,0.0,0.0,0.0,0.0,0.0,0.0,3.3473587665652417e-06,0.0,0.0,0.0,3.3473587665652417e-06,0.0,0.0,0.0,0.0,0.0,0.0,0.0,0.0,3.3473587665652417e-06,0.0,3.3473587665652417e-06,0.0,0.0,0.0,0.0,3.3473587665652417e-06,0.0,0.0,0.0,0.0,0.0,0.0,0.0,0.0,0.0,0.0,0.0,0.0,0.0,0.0,0.0,0.0,3.3473587665652417e-06,0.0,0.0,3.3473587665652417e-06,0.0,0.0,0.0,0.0,0.0,0.0,3.3473587665652417e-06,0.0,0.0,0.0,0.0,0.0,0.0,0.0,3.3473587665652417e-06,0.0,0.0,3.3473587665652417e-06,0.0,0.0,0.0,0.0,0.0,0.0,3.3473587665652417e-06,0.0,0.0,0.0,0.0,0.0,0.0,0.0,0.0,0.0,0.0,0.0,0.0,6.694717533130483e-06,0.0,0.0,0.0,0.0,0.0,0.0,0.0,0.0,0.0,0.0,0.0,0.0,0.0,0.0,0.0,0.0,0.0
0.0,0.0,0.0,0.0,0.0,0.0,0.0,0.0,0.0,0.0,0.0,0.0,0.0,0.0,0.0,0.0,0.0,0.0,0.0,0.0,0.0,0.0,0.0,0.0,0.0,0.0,0.0,0.0,0.0,0.0,0.0,0.0,0.0,0.0,0.0,0.0,0.0,0.0,0.0,0.0,0.0,0.0,0.0,0.0,0.0,0.0,0.0,0.0,0.0,0.0,0.0,0.0,0.0,0.0,0.0,0.0,0.0,0.0,0.0,0.0,0.0,0.0,0.0,0.0,6.694717533130483e-06,0.0,0.0,0.0,0.0,0.0,0.0,0.0,0.0,0.0,0.0,0.0,0.0,0.0,0.0,0.0,0.0,0.0,0.0,0.0,3.3473587665652417e-06,0.0,0.0,0.0,0.0,0.0,0.0,0.0,0.0,0.0,0.0,0.0,0.0,0.0,0.0,0.0,0.0,0.0,3.3473587665652417e-06,0.0,0.0,0.0,0.0,0.0,3.3473587665652417e-06,0.0,0.0,3.3473587665652417e-06,0.0,3.3473587665652417e-06,0.0,0.0,0.0,0.0,0.0,0.0,0.0,0.0,0.0,0.0,0.0,0.0,0.0,3.3473587665652417e-06,0.0,3.3473587665652417e-06,6.694717533130483e-06,0.0,3.3473587665652417e-06,3.3473587665652417e-06,0.0,0.0,0.0,1.3389435066260967e-05,6.694717533130483e-06,3.3473587665652417e-06,6.694717533130483e-06,0.0,0.0,0.0,0.0,0.0,3.3473587665652417e-06,0.0,0.0,0.0,3.3473587665652417e-06,0.0,0.0,0.0,0.0,0.0,0.0,0.0,0.0,0.0,0.0,0.0,0.0,0.0,0.0,0.0,0.0,0.0,0.0,0.0,0.0,0.0,0.0,0.0,0.0,0.0,0.0,0.0,0.0,0.0,0.0,0.0,0.0,0.0,0.0,0.0,0.0,0.0,0.0,0.0,0.0,0.0,0.0,0.0,0.0,0.0,0.0,0.0,0.0,0.0,0.0,0.0,0.0,0.0,0.0,0.0,0.0,0.0,0.0,0.0,0.0,0.0,0.0,0.0,0.0,0.0,0.0,0.0,0.0,0.0,0.0,0.0,0.0,0.0,0.0,0.0,0.0,0.0,0.0,0.0,0.0,0.0,0.0,0.0,0.0,0.0,0.0,0.0,0.0,0.0,0.0,0.0,0.0,0.0,0.0,0.0,0.0,0.0,0.0,0.0,0.0,0.0,0.0,0.0,0.0,0.0,0.0,0.0,0.0,3.3473587665652417e-06,3.3473587665652417e-06,0.0,0.0,0.0,0.0,0.0,0.0,0.0,0.0,0.0,0.0,0.0,0.0,0.0,0.0,0.0,0.0,0.0,0.0,0.0,0.0,0.0,0.0,3.3473587665652417e-06,0.0,0.0,0.0,0.0,0.0,0.0,0.0,6.694717533130483e-06,6.694717533130483e-06,0.0,0.0,0.0,0.0,0.0,0.0,0.0,6.694717533130483e-06,0.0,0.0,0.0,0.0,0.0,0.0,0.0,0.0,0.0,0.0,0.0,0.0,0.0,0.0,0.0,0.0,0.0,0.0,0.0,0.0,0.0,0.0,0.0,0.0,0.0,0.0,0.0,0.0,0.0,0.0,0.0,0.0,0.0,0.0,0.0,0.0,0.0,0.0,3.3473587665652417e-06,0.0,0.0,0.0,0.0,0.0,0.0,0.0,0.0,0.0,0.0,0.0,0.0,0.0,0.0,0.0,0.0,0.0,0.0,0.0,0.0
0.0,0.0,0.0,0.0,0.0,0.0,0.0,3.3473587665652417e-06,0.0,0.0,0.0,0.0,0.0,0.0,0.0,0.0,0.0,0.0,0.0,0.0,0.0,0.0,0.0,0.0,0.0,0.0,0.0,0.0,0.0,0.0,0.0,0.0,0.0,0.0,0.0,0.0,0.0,0.0,0.0,0.0,0.0,0.0,0.0,0.0,0.0,0.0,0.0,0.0,0.0,0.0,0.0,0.0,0.0,0.0,0.0,0.0,0.0,0.0,0.0,0.0,0.0,0.0,0.0,0.0,0.0,0.0,0.0,0.0,0.0,0.0,0.0,0.0,0.0,0.0,0.0,0.0,0.0,0.0,0.0,0.0,0.0,0.0,0.0,0.0,0.0,0.0,0.0,0.0,0.0,0.0,0.0,0.0,0.0,0.0,0.0,0.0,3.3473587665652417e-06,0.0,0.0,0.0,0.0,0.0,0.0,0.0,3.3473587665652417e-06,3.3473587665652417e-06,3.3473587665652417e-06,0.0,6.694717533130483e-06,0.0,0.0,0.0,0.0,0.0,0.0,0.0,0.0,0.0,0.0,0.0,3.3473587665652417e-06,3.3473587665652417e-06,0.0,0.0,0.0,3.3473587665652417e-06,3.3473587665652417e-06,6.694717533130483e-06,0.0,0.0,0.0,0.0,3.3473587665652417e-06,0.0,0.0,0.0,1.0042076299695725e-05,0.0,3.3473587665652417e-06,0.0,0.0,0.0,0.0,0.0,0.0,0.0,0.0,0.0,0.0,0.0,0.0,0.0,0.0,0.0,0.0,0.0,0.0,0.0,0.0,0.0,0.0,0.0,0.0,0.0,0.0,0.0,3.3473587665652417e-06,0.0,0.0,0.0,0.0,0.0,0.0,0.0,0.0,0.0,0.0,0.0,0.0,0.0,0.0,0.0,0.0,0.0,0.0,0.0,0.0,0.0,0.0,0.0,0.0,0.0,0.0,0.0,0.0,0.0,0.0,0.0,0.0,0.0,0.0,0.0,0.0,0.0,0.0,0.0,0.0,0.0,0.0,0.0,0.0,0.0,0.0,0.0,0.0,0.0,0.0,0.0,0.0,0.0,0.0,0.0,0.0,0.0,0.0,0.0,0.0,0.0,0.0,0.0,0.0,0.0,0.0,0.0,0.0,0.0,0.0,0.0,0.0,0.0,0.0,0.0,0.0,0.0,0.0,0.0,0.0,0.0,0.0,0.0,0.0,0.0,0.0,0.0,0.0,0.0,0.0,0.0,0.0,3.3473587665652417e-06,0.0,3.3473587665652417e-06,0.0,0.0,0.0,0.0,0.0,0.0,0.0,0.0,0.0,0.0,0.0,3.3473587665652417e-06,0.0,3.3473587665652417e-06,0.0,0.0,0.0,0.0,0.0,0.0,0.0,3.3473587665652417e-06,0.0,0.0,0.0,0.0,0.0,0.0,0.0,0.0,0.0,0.0,0.0,0.0,0.0,0.0,0.0,0.0,3.3473587665652417e-06,0.0,0.0,0.0,6.694717533130483e-06,0.0,0.0,3.3473587665652417e-06,3.3473587665652417e-06,0.0,0.0,0.0,0.0,0.0,0.0,0.0,0.0,0.0,0.0,0.0,0.0,0.0,0.0,0.0,0.0,3.3473587665652417e-06,0.0,0.0,0.0,0.0,0.0,0.0,0.0,0.0,0.0,0.0,0.0,0.0,0.0,0.0,0.0,0.0,0.0,0.0,0.0,3.3473587665652417e-06,0.0,0.0,0.0,0.0,0.0,0.0,0.0,0.0,0.0,0.0,0.0,0.0,0.0,0.0
0.0,0.0,0.0,0.0,0.0,0.0,0.0,0.0,0.0,0.0,0.0,0.0,0.0,0.0,0.0,0.0,0.0,0.0,0.0,0.0,0.0,0.0,0.0,0.0,0.0,0.0,0.0,0.0,0.0,0.0,0.0,0.0,0.0,0.0,0.0,0.0,0.0,0.0,0.0,0.0,0.0,0.0,0.0,0.0,0.0,0.0,0.0,0.0,0.0,0.0,0.0,0.0,0.0,0.0,0.0,0.0,0.0,0.0,0.0,0.0,0.0,0.0,0.0,0.0,0.0,0.0,0.0,0.0,0.0,0.0,0.0,0.0,0.0,0.0,0.0,0.0,0.0,0.0,0.0,0.0,0.0,0.0,0.0,0.0,0.0,0.0,0.0,0.0,0.0,0.0,0.0,0.0,0.0,3.3473587665652417e-06,3.3473587665652417e-06,0.0,0.0,0.0,0.0,0.0,0.0,0.0,0.0,0.0,3.3473587665652417e-06,3.3473587665652417e-06,3.3473587665652417e-06,0.0,0.0,3.3473587665652417e-06,0.0,0.0,6.694717533130483e-06,0.0,3.3473587665652417e-06,0.0,6.694717533130483e-06,0.0,0.0,0.0,0.0,0.0,0.0,3.3473587665652417e-06,6.694717533130483e-06,0.0,0.0,3.3473587665652417e-06,0.0,0.0,6.694717533130483e-06,0.0,0.0,0.0,6.694717533130483e-06,0.0,0.0,0.0,3.3473587665652417e-06,3.3473587665652417e-06,0.0,0.0,0.0,0.0,0.0,0.0,0.0,0.0,0.0,0.0,0.0,0.0,0.0,0.0,3.3473587665652417e-06,0.0,0.0,0.0,0.0,0.0,0.0,0.0,0.0,0.0,0.0,0.0,0.0,0.0,0.0,0.0,0.0,0.0,0.0,0.0,0.0,0.0,0.0,0.0,0.0,0.0,0.0,0.0,0.0,0.0,0.0,0.0,0.0,0.0,0.0,0.0,0.0,0.0,0.0,0.0,0.0,0.0,0.0,0.0,0.0,0.0,0.0,0.0,0.0,0.0,0.0,0.0,0.0,0.0,0.0,0.0,0.0,0.0,0.0,0.0,0.0,0.0,0.0,0.0,0.0,0.0,0.0,0.0,0.0,0.0,0.0,0.0,0.0,0.0,0.0,0.0,0.0,0.0,0.0,0.0,0.0,0.0,0.0,0.0,0.0,0.0,0.0,0.0,0.0,0.0,0.0,0.0,0.0,0.0,0.0,0.0,0.0,0.0,0.0,3.3473587665652417e-06,0.0,6.694717533130483e-06,0.0,0.0,0.0,0.0,0.0,0.0,0.0,3.3473587665652417e-06,0.0,0.0,0.0,0.0,0.0,3.3473587665652417e-06,0.0,0.0,0.0,0.0,0.0,3.3473587665652417e-06,0.0,0.0,0.0,0.0,0.0,0.0,3.3473587665652417e-06,0.0,0.0,0.0,0.0,0.0,0.0,0.0,3.3473587665652417e-06,0.0,0.0,0.0,0.0,0.0,0.0,3.3473587665652417e-06,0.0,0.0,0.0,0.0,0.0,3.3473587665652417e-06,0.0,0.0,3.3473587665652417e-06,0.0,0.0,0.0,0.0,0.0,0.0,0.0,0.0,0.0,0.0,0.0,0.0,0.0,3.3473587665652417e-06,0.0,0.0,0.0,0.0,0.0,0.0,0.0,0.0,0.0,0.0,0.0,0.0,0.0,0.0,0.0,0.0,0.0,0.0,0.0,0.0,0.0,0.0,0.0,0.0,0.0,0.0,0.0,0.0,0.0,0.0,0.0,0.0,0.0,0.0,0.0,0.0,0.0,0.0,0.0
0.0,0.0,0.0,0.0,0.0,0.0,0.0,0.0,0.0,0.0,0.0,0.0,0.0,0.0,0.0,0.0,0.0,0.0,0.0,0.0,0.0,0.0,0.0,0.0,0.0,0.0,0.0,0.0,0.0,0.0,0.0,0.0,0.0,0.0,0.0,0.0,0.0,0.0,0.0,0.0,0.0,0.0,0.0,0.0,0.0,0.0,0.0,0.0,0.0,0.0,0.0,0.0,0.0,0.0,0.0,0.0,0.0,0.0,0.0,0.0,0.0,0.0,0.0,0.0,0.0,0.0,3.3473587665652417e-06,0.0,0.0,0.0,0.0,0.0,0.0,0.0,0.0,0.0,0.0,0.0,0.0,0.0,0.0,0.0,0.0,3.3473587665652417e-06,3.3473587665652417e-06,0.0,0.0,0.0,0.0,0.0,0.0,0.0,0.0,0.0,0.0,0.0,0.0,0.0,0.0,0.0,0.0,0.0,0.0,0.0,0.0,0.0,3.3473587665652417e-06,0.0,3.3473587665652417e-06,0.0,0.0,0.0,0.0,3.3473587665652417e-06,0.0,0.0,6.694717533130483e-06,0.0,0.0,0.0,0.0,0.0,6.694717533130483e-06,0.0,0.0,3.3473587665652417e-06,0.0,0.0,3.3473587665652417e-06,3.3473587665652417e-06,0.0,0.0,0.0,0.0,0.0,0.0,0.0,3.3473587665652417e-06,0.0,0.0,0.0,0.0,0.0,0.0,0.0,3.3473587665652417e-06,0.0,3.3473587665652417e-06,0.0,0.0,0.0,3.3473587665652417e-06,0.0,0.0,0.0,0.0,0.0,0.0,0.0,0.0,0.0,0.0,0.0,0.0,0.0,0.0,0.0,0.0,0.0,0.0,0.0,0.0,0.0,0.0,0.0,0.0,0.0,0.0,0.0,0.0,0.0,0.0,0.0,0.0,0.0,0.0,0.0,0.0,0.0,0.0,0.0,0.0,0.0,0.0,0.0,0.0,0.0,0.0,0.0,0.0,0.0,0.0,0.0,0.0,0.0,0.0,0.0,0.0,0.0,0.0,0.0,0.0,0.0,0.0,0.0,0.0,0.0,0.0,0.0,0.0,0.0,0.0,0.0,0.0,0.0,0.0,0.0,0.0,0.0,0.0,0.0,0.0,0.0,0.0,0.0,0.0,0.0,0.0,0.0,0.0,0.0,0.0,0.0,0.0,0.0,0.0,0.0,0.0,0.0,0.0,0.0,0.0,0.0,0.0,0.0,0.0,0.0,0.0,0.0,0.0,0.0,0.0,0.0,0.0,0.0,0.0,0.0,0.0,0.0,0.0,0.0,0.0,0.0,0.0,0.0,3.3473587665652417e-06,0.0,0.0,0.0,0.0,0.0,0.0,0.0,0.0,3.3473587665652417e-06,0.0,0.0,0.0,0.0,0.0,0.0,0.0,0.0,0.0,0.0,0.0,0.0,6.694717533130483e-06,0.0,0.0,0.0,0.0,3.3473587665652417e-06,0.0,0.0,0.0,0.0,3.3473587665652417e-06,0.0,0.0,0.0,0.0,0.0,0.0,3.3473587665652417e-06,0.0,0.0,0.0,0.0,0.0,0.0,0.0,0.0,0.0,6.694717533130483e-06,3.3473587665652417e-06,0.0,3.3473587665652417e-06,0.0,0.0,0.0,0.0,0.0,0.0,0.0,0.0,0.0,0.0,0.0,0.0,0.0,0.0,0.0,0.0,0.0,0.0,0.0,0.0,0.0,0.0,0.0,0.0,0.0,0.0,0.0,0.0,0.0,0.0,0.0,0.0
0.0,0.0,0.0,0.0,0.0,0.0,0.0,0.0,0.0,0.0,0.0,0.0,0.0,0.0,0.0,0.0,0.0,0.0,0.0,0.0,0.0,0.0,0.0,0.0,0.0,0.0,0.0,0.0,0.0,0.0,0.0,0.0,0.0,0.0,0.0,0.0,0.0,0.0,0.0,0.0,0.0,0.0,0.0,0.0,0.0,0.0,0.0,0.0,0.0,0.0,0.0,0.0,0.0,0.0,0.0,0.0,0.0,0.0,0.0,0.0,0.0,0.0,0.0,0.0,0.0,0.0,0.0,0.0,0.0,0.0,0.0,0.0,0.0,0.0,3.3473587665652417e-06,0.0,3.3473587665652417e-06,0.0,0.0,0.0,0.0,0.0,0.0,6.694717533130483e-06,0.0,0.0,0.0,3.3473587665652417e-06,0.0,0.0,0.0,0.0,0.0,0.0,0.0,0.0,0.0,0.0,0.0,0.0,3.3473587665652417e-06,0.0,0.0,0.0,0.0,0.0,1.3389435066260967e-05,0.0,0.0,0.0,0.0,3.3473587665652417e-06,0.0,0.0,3.3473587665652417e-06,0.0,0.0,0.0,0.0,0.0,3.3473587665652417e-06,3.3473587665652417e-06,0.0,0.0,0.0,0.0,0.0,0.0,0.0,0.0,1.0042076299695725e-05,0.0,0.0,0.0,0.0,0.0,0.0,0.0,0.0,3.3473587665652417e-06,0.0,0.0,0.0,0.0,0.0,0.0,0.0,0.0,0.0,0.0,0.0,3.3473587665652417e-06,0.0,0.0,0.0,0.0,0.0,0.0,0.0,0.0,0.0,0.0,0.0,0.0,0.0,0.0,0.0,0.0,0.0,0.0,0.0,0.0,0.0,0.0,0.0,0.0,0.0,0.0,0.0,0.0,0.0,0.0,0.0,0.0,0.0,0.0,0.0,0.0,0.0,0.0,0.0,0.0,0.0,0.0,0.0,0.0,0.0,0.0,0.0,0.0,0.0,0.0,0.0,0.0,0.0,0.0,0.0,0.0,0.0,0.0,0.0,0.0,0.0,0.0,0.0,0.0,3.3473587665652417e-06,0.0,0.0,0.0,0.0,0.0,0.0,0.0,0.0,0.0,0.0,0.0,0.0,0.0,0.0,0.0,0.0,0.0,0.0,0.0,0.0,0.0,0.0,0.0,0.0,0.0,0.0,0.0,0.0,0.0,0.0,0.0,0.0,0.0,0.0,0.0,0.0,0.0,0.0,0.0,0.0,0.0,0.0,0.0,0.0,0.0,3.3473587665652417e-06,0.0,0.0,0.0,0.0,0.0,0.0,0.0,0.0,0.0,0.0,0.0,0.0,0.0,0.0,0.0,0.0,0.0,0.0,0.0,0.0,3.3473587665652417e-06,0.0,0.0,0.0,0.0,0.0,0.0,3.3473587665652417e-06,0.0,0.0,0.0,0.0,0.0,0.0,0.0,0.0,0.0,0.0,0.0,0.0,0.0,0.0,0.0,0.0,0.0,0.0,0.0,0.0,0.0,0.0,0.0,0.0,0.0,0.0,0.0,6.694717533130483e-06,0.0,0.0,0.0,0.0,0.0,0.0,3.3473587665652417e-06,0.0,0.0,0.0,0.0,0.0,0.0,0.0,0.0,0.0,0.0,0.0,0.0,0.0,0.0,0.0,0.0,0.0,0.0,0.0,0.0,0.0,0.0,0.0,0.0,0.0,0.0,0.0,0.0,0.0,3.3473587665652417e-06,0.0,0.0,0.0,0.0
0.0,0.0,0.0,0.0,0.0,0.0,0.0,0.0,0.0,0.0,0.0,0.0,0.0,0.0,0.0,0.0,0.0,0.0,0.0,0.0,0.0,0.0,0.0,0.0,0.0,0.0,0.0,0.0,0.0,0.0,0.0,0.0,0.0,0.0,0.0,0.0,0.0,0.0,0.0,0.0,0.0,0.0,0.0,0.0,0.0,0.0,0.0,0.0,0.0,0.0,0.0,0.0,0.0,0.0,0.0,0.0,0.0,0.0,0.0,0.0,0.0,0.0,0.0,0.0,0.0,0.0,0.0,0.0,3.3473587665652417e-06,0.0,0.0,0.0,0.0,3.3473587665652417e-06,0.0,0.0,0.0,0.0,0.0,0.0,0.0,0.0,0.0,0.0,0.0,0.0,0.0,0.0,0.0,0.0,0.0,0.0,0.0,0.0,0.0,0.0,0.0,0.0,0.0,0.0,0.0,0.0,0.0,0.0,0.0,3.3473587665652417e-06,0.0,0.0,0.0,0.0,0.0,0.0,0.0,0.0,0.0,0.0,0.0,0.0,3.3473587665652417e-06,0.0,0.0,0.0,3.3473587665652417e-06,0.0,0.0,0.0,3.3473587665652417e-06,0.0,0.0,3.3473587665652417e-06,3.3473587665652417e-06,0.0,0.0,0.0,6.694717533130483e-06,0.0,0.0,0.0,3.3473587665652417e-06,0.0,0.0,0.0,3.3473587665652417e-06,0.0,0.0,0.0,3.3473587665652417e-06,0.0,0.0,0.0,0.0,0.0,0.0,0.0,0.0,0.0,0.0,0.0,0.0,0.0,0.0,0.0,0.0,0.0,0.0,3.3473587665652417e-06,0.0,0.0,0.0,0.0,0.0,0.0,0.0,0.0,0.0,0.0,0.0,0.0,0.0,0.0,0.0,0.0,0.0,0.0,0.0,0.0,0.0,0.0,0.0,0.0,0.0,0.0,0.0,0.0,0.0,0.0,0.0,0.0,0.0,0.0,0.0,0.0,0.0,0.0,0.0,0.0,0.0,0.0,0.0,0.0,0.0,0.0,0.0,0.0,0.0,0.0,0.0,0.0,0.0,0.0,0.0,0.0,0.0,0.0,0.0,0.0,0.0,0.0,0.0,0.0,0.0,0.0,0.0,0.0,0.0,0.0,0.0,0.0,0.0,0.0,0.0,0.0,0.0,0.0,0.0,0.0,0.0,0.0,0.0,0.0,0.0,0.0,0.0,0.0,0.0,2.3431511365956693e-05,0.0,0.0,0.0,0.0,0.0,0.0,0.0,0.0,0.0,0.0,0.0,0.0,0.0,0.0,0.0,0.0,0.0,0.0,0.0,0.0,0.0,3.3473587665652417e-06,0.0,0.0,3.3473587665652417e-06,0.0,0.0,0.0,6.694717533130483e-06,0.0,0.0,0.0,0.0,0.0,0.0,0.0,0.0,0.0,0.0,0.0,0.0,0.0,0.0,0.0,0.0,0.0,0.0,0.0,0.0,0.0,0.0,0.0,0.0,0.0,0.0,0.0,0.0,0.0,0.0,0.0,0.0,0.0,0.0,0.0,0.0,0.0,0.0,0.0,0.0,0.0,0.0,0.0,0.0,0.0,0.0,0.0,0.0,0.0,0.0,0.0,3.3473587665652417e-06,0.0,0.0,0.0,0.0,0.0,0.0,0.0,0.0,0.0,0.0,0.0,0.0,0.0,0.0,0.0,0.0,0.0,0.0,0.0,0.0,0.0,0.0,0.0
0.0,0.0,0.0,0.0,0.0,0.0,0.0,0.0,0.0,0.0,0.0,0.0,0.0,0.0,0.0,0.0,0.0,0.0,0.0,0.0,0.0,0.0,0.0,0.0,0.0,0.0,0.0,0.0,0.0,0.0,0.0,0.0,0.0,0.0,0.0,0.0,0.0,0.0,0.0,0.0,0.0,0.0,0.0,0.0,0.0,0.0,0.0,0.0,0.0,0.0,0.0,0.0,0.0,0.0,0.0,0.0,0.0,0.0,0.0,0.0,0.0,0.0,0.0,0.0,0.0,0.0,0.0,0.0,0.0,0.0,0.0,0.0,0.0,0.0,0.0,0.0,0.0,0.0,0.0,0.0,0.0,0.0,3.3473587665652417e-06,0.0,0.0,0.0,0.0,0.0,0.0,0.0,0.0,0.0,3.3473587665652417e-06,0.0,0.0,0.0,3.3473587665652417e-06,0.0,0.0,0.0,0.0,0.0,0.0,3.3473587665652417e-06,0.0,0.0,0.0,3.3473587665652417e-06,0.0,0.0,3.3473587665652417e-06,0.0,3.3473587665652417e-06,0.0,0.0,0.0,0.0,0.0,0.0,6.694717533130483e-06,0.0,0.0,0.0,0.0,0.0,6.694717533130483e-06,6.694717533130483e-06,3.3473587665652417e-06,0.0,0.0,3.3473587665652417e-06,0.0,0.0,0.0,0.0,0.0,0.0,0.0,0.0,0.0,3.3473587665652417e-06,0.0,0.0,0.0,0.0,0.0,0.0,0.0,3.3473587665652417e-06,0.0,0.0,0.0,0.0,0.0,0.0,0.0,0.0,0.0,0.0,0.0,0.0,0.0,0.0,0.0,0.0,0.0,0.0,0.0,0.0,0.0,0.0,0.0,0.0,0.0,0.0,0.0,0.0,0.0,0.0,0.0,0.0,0.0,0.0,0.0,0.0,0.0,0.0,0.0,0.0,0.0,0.0,0.0,0.0,0.0,0.0,0.0,0.0,0.0,0.0,0.0,0.0,0.0,0.0,0.0,0.0,0.0,0.0,0.0,0.0,0.0,0.0,0.0,0.0,0.0,0.0,0.0,0.0,0.0,0.0,0.0,0.0,0.0,0.0,0.0,0.0,0.0,0.0,0.0,0.0,0.0,0.0,0.0,0.0,0.0,0.0,0.0,0.0,0.0,0.0,0.0,0.0,0.0,0.0,0.0,0.0,0.0,0.0,0.0,0.0,0.0,0.0,3.3473587665652417e-06,0.0,0.0,0.0,0.0,0.0,0.0,0.0,0.0,0.0,0.0,0.0,0.0,0.0,0.0,0.0,0.0,0.0,0.0,0.0,0.0,0.0,0.0,0.0,0.0,0.0,0.0,0.0,0.0,0.0,0.0,3.3473587665652417e-06,0.0,0.0,0.0,0.0,0.0,3.3473587665652417e-06,0.0,0.0,0.0,0.0,0.0,0.0,0.0,0.0,0.0,0.0,0.0,0.0,0.0,0.0,0.0,0.0,0.0,0.0,0.0,0.0,0.0,3.3473587665652417e-06,0.0,0.0,0.0,3.3473587665652417e-06,0.0,0.0,0.0,0.0,0.0,0.0,0.0,0.0,0.0,0.0,0.0,0.0,0.0,0.0,0.0,0.0,0.0,0.0,0.0,0.0,0.0,0.0,0.0,0.0,0.0,0.0,0.0,0.0,0.0,0.0,0.0,0.0,0.0,0.0,0.0,0.0,0.0,0.0,0.0,0.0,0.0,0.0,0.0,0.0,0.0
0.0,0.0,0.0,0.0,0.0,0.0,0.0,0.0,0.0,0.0,0.0,0.0,0.0,0.0,0.0,0.0,0.0,0.0,0.0,0.0,0.0,0.0,0.0,0.0,0.0,0.0,0.0,0.0,0.0,0.0,0.0,0.0,0.0,0.0,0.0,0.0,0.0,0.0,0.0,0.0,0.0,0.0,0.0,0.0,0.0,0.0,0.0,0.0,0.0,0.0,0.0,0.0,0.0,0.0,0.0,0.0,0.0,0.0,0.0,0.0,0.0,0.0,0.0,0.0,0.0,0.0,0.0,0.0,0.0,0.0,0.0,0.0,0.0,0.0,0.0,0.0,0.0,0.0,0.0,0.0,3.3473587665652417e-06,0.0,0.0,0.0,0.0,0.0,0.0,0.0,0.0,0.0,0.0,0.0,0.0,0.0,0.0,0.0,0.0,0.0,3.3473587665652417e-06,0.0,0.0,3.3473587665652417e-06,0.0,0.0,0.0,0.0,3.3473587665652417e-06,0.0,0.0,0.0,0.0,0.0,0.0,0.0,0.0,3.3473587665652417e-06,3.3473587665652417e-06,3.3473587665652417e-06,0.0,0.0,0.0,3.3473587665652417e-06,0.0,6.694717533130483e-06,0.0,0.0,3.3473587665652417e-06,0.0,0.0,0.0,6.694717533130483e-06,3.3473587665652417e-06,6.694717533130483e-06,6.694717533130483e-06,0.0,0.0,0.0,0.0,0.0,0.0,3.3473587665652417e-06,0.0,0.0,0.0,0.0,0.0,0.0,0.0,0.0,0.0,0.0,0.0,0.0,0.0,0.0,0.0,0.0,0.0,0.0,0.0,0.0,0.0,0.0,0.0,0.0,0.0,0.0,0.0,0.0,0.0,0.0,0.0,0.0,0.0,0.0,0.0,0.0,0.0,0.0,0.0,0.0,0.0,0.0,0.0,0.0,0.0,0.0,0.0,0.0,0.0,0.0,0.0,0.0,0.0,0.0,0.0,0.0,0.0,0.0,0.0,0.0,0.0,0.0,0.0,0.0,0.0,0.0,0.0,0.0,0.0,0.0,0.0,0.0,0.0,0.0,0.0,0.0,0.0,0.0,0.0,0.0,0.0,0.0,0.0,0.0,0.0,0.0,0.0,0.0,0.0,0.0,0.0,0.0,0.0,0.0,0.0,0.0,0.0,0.0,0.0,0.0,0.0,0.0,0.0,0.0,0.0,0.0,0.0,0.0,0.0,0.0,0.0,0.0,0.0,0.0,0.0,0.0,0.0,0.0,0.0,0.0,0.0,0.0,0.0,0.0,0.0,0.0,0.0,0.0,0.0,0.0,0.0,0.0,0.0,0.0,0.0,0.0,0.0,0.0,0.0,0.0,3.3473587665652417e-06,0.0,0.0,0.0,0.0,0.0,0.0,0.0,0.0,0.0,0.0,0.0,0.0,0.0,0.0,0.0,0.0,0.0,0.0,0.0,0.0,0.0,0.0,0.0,0.0,0.0,0.0,0.0,0.0,0.0,0.0,0.0,0.0,0.0,0.0,0.0,0.0,0.0,0.0,0.0,0.0,0.0,0.0,0.0,0.0,0.0,0.0,0.0,0.0,0.0,0.0,0.0,0.0,0.0,0.0,0.0,0.0,0.0,0.0,0.0,0.0,0.0,0.0,0.0,0.0,0.0,0.0,0.0,0.0,0.0,0.0,0.0,0.0,0.0,0.0,0.0,0.0,0.0,0.0
0.0,3.3473587665652417e-06,0.0,0.0,0.0,0.0,0.0,0.0,0.0,0.0,0.0,0.0,0.0,0.0,0.0,0.0,0.0,0.0,0.0,0.0,0.0,0.0,0.0,0.0,0.0,0.0,0.0,0.0,0.0,0.0,0.0,0.0,0.0,0.0,0.0,0.0,0.0,0.0,0.0,0.0,0.0,0.0,0.0,0.0,0.0,0.0,0.0,0.0,0.0,0.0,0.0,0.0,0.0,0.0,0.0,0.0,0.0,0.0,0.0,0.0,0.0,0.0,0.0,0.0,0.0,0.0,0.0,0.0,0.0,0.0,0.0,0.0,0.0,0.0,0.0,0.0,0.0,0.0,0.0,0.0,0.0,0.0,0.0,0.0,0.0,0.0,0.0,0.0,0.0,0.0,0.0,0.0,0.0,0.0,0.0,0.0,0.0,0.0,0.0,3.3473587665652417e-06,3.3473587665652417e-06,3.3473587665652417e-06,0.0,0.0,0.0,0.0,0.0,0.0,0.0,0.0,0.0,0.0,0.0,0.0,3.3473587665652417e-06,0.0,0.0,0.0,3.3473587665652417e-06,0.0,0.0,0.0,3.3473587665652417e-06,0.0,3.3473587665652417e-06,0.0,0.0,0.0,0.0,0.0,0.0,0.0,0.0,0.0,0.0,0.0,0.0,0.0,3.3473587665652417e-06,0.0,0.0,0.0,0.0,0.0,0.0,0.0,0.0,6.694717533130483e-06,0.0,0.0,0.0,0.0,0.0,0.0,0.0,0.0,0.0,0.0,0.0,0.0,0.0,0.0,0.0,0.0,0.0,0.0,0.0,0.0,0.0,0.0,0.0,0.0,0.0,0.0,0.0,0.0,0.0,0.0,0.0,0.0,0.0,0.0,0.0,0.0,0.0,0.0,0.0,0.0,0.0,0.0,0.0,0.0,0.0,0.0,0.0,0.0,0.0,0.0,0.0,0.0,0.0,0.0,0.0,0.0,0.0,0.0,0.0,0.0,0.0,0.0,0.0,0.0,0.0,0.0,0.0,0.0,0.0,0.0,0.0,0.0,0.0,0.0,0.0,0.0,0.0,0.0,0.0,0.0,0.0,0.0,0.0,0.0,0.0,0.0,0.0,0.0,0.0,0.0,0.0,0.0,0.0,0.0,0.0,0.0,0.0,0.0,0.0,0.0,0.0,0.0,0.0,0.0,3.3473587665652417e-06,0.0,0.0,0.0,0.0,0.0,0.0,0.0,0.0,0.0,0.0,0.0,0.0,0.0,0.0,0.0,0.0,0.0,0.0,0.0,0.0,0.0,0.0,0.0,0.0,0.0,0.0,0.0,0.0,0.0,0.0,0.0,0.0,0.0,0.0,0.0,6.694717533130483e-06,0.0,0.0,0.0,0.0,0.0,0.0,0.0,0.0,0.0,0.0,0.0,0.0,0.0,0.0,0.0,0.0,0.0,0.0,0.0,0.0,0.0,0.0,0.0,0.0,3.3473587665652417e-06,0.0,0.0,0.0,0.0,0.0,0.0,0.0,0.0,0.0,0.0,0.0,0.0,0.0,0.0,0.0,0.0,0.0,0.0,0.0,0.0,0.0,0.0,0.0,0.0,0.0,0.0,0.0,0.0,0.0,0.0,0.0,0.0,0.0,0.0,0.0,0.0,0.0,0.0,0.0,0.0,0.0,0.0,0.0,0.0,0.0,0.0
0.0,0.0,0.0,0.0,0.0,0.0,0.0,0.0,0.0,0.0,0.0,0.0,0.0,0.0,0.0,0.0,0.0,0.0,0.0,0.0,0.0,0.0,0.0,0.0,0.0,0.0,0.0,0.0,0.0,0.0,0.0,0.0,0.0,0.0,0.0,0.0,0.0,0.0,0.0,0.0,0.0,0.0,0.0,0.0,0.0,0.0,0.0,0.0,0.0,0.0,0.0,0.0,0.0,0.0,0.0,0.0,0.0,0.0,0.0,0.0,0.0,0.0,0.0,0.0,0.0,0.0,0.0,0.0,0.0,0.0,3.3473587665652417e-06,0.0,0.0,0.0,0.0,0.0,0.0,0.0,0.0,0.0,0.0,0.0,0.0,0.0,0.0,0.0,0.0,0.0,0.0,0.0,0.0,0.0,6.694717533130483e-06,0.0,0.0,0.0,0.0,0.0,0.0,0.0,0.0,0.0,0.0,0.0,0.0,0.0,6.694717533130483e-06,0.0,0.0,0.0,0.0,3.3473587665652417e-06,0.0,0.0,0.0,0.0,0.0,3.3473587665652417e-06,0.0,0.0,0.0,3.3473587665652417e-06,3.3473587665652417e-06,0.0,0.0,0.0,0.0,6.694717533130483e-06,0.0,0.0,0.0,0.0,0.0,0.0,0.0,0.0,0.0,0.0,0.0,0.0,0.0,0.0,0.0,0.0,0.0,0.0,0.0,0.0,0.0,0.0,0.0,0.0,0.0,0.0,0.0,0.0,0.0,0.0,0.0,0.0,0.0,0.0,0.0,0.0,0.0,0.0,0.0,0.0,0.0,0.0,0.0,0.0,0.0,0.0,0.0,0.0,0.0,0.0,0.0,0.0,0.0,0.0,0.0,0.0,0.0,0.0,0.0,0.0,0.0,0.0,0.0,0.0,0.0,0.0,0.0,0.0,0.0,0.0,0.0,0.0,0.0,0.0,0.0,0.0,0.0,0.0,0.0,0.0,0.0,0.0,0.0,0.0,0.0,0.0,0.0,0.0,0.0,0.0,0.0,0.0,0.0,0.0,0.0,0.0,0.0,0.0,0.0,0.0,0.0,0.0,0.0,0.0,0.0,0.0,0.0,0.0,0.0,0.0,3.3473587665652417e-06,0.0,0.0,0.0,0.0,0.0,0.0,0.0,0.0,0.0,0.0,0.0,0.0,0.0,0.0,0.0,0.0,0.0,0.0,0.0,0.0,0.0,0.0,0.0,0.0,0.0,0.0,0.0,0.0,0.0,0.0,0.0,0.0,0.0,0.0,0.0,0.0,0.0,3.3473587665652417e-06,0.0,0.0,0.0,0.0,0.0,0.0,3.3473587665652417e-06,3.3473587665652417e-06,0.0,3.3473587665652417e-06,0.0,0.0,0.0,0.0,0.0,0.0,0.0,0.0,0.0,0.0,0.0,0.0,0.0,0.0,0.0,0.0,0.0,0.0,0.0,0.0,0.0,0.0,0.0,0.0,0.0,0.0,0.0,0.0,0.0,0.0,0.0,0.0,3.3473587665652417e-06,0.0,0.0,0.0,0.0,0.0,0.0,0.0,0.0,0.0,0.0,0.0,0.0,0.0,0.0,0.0,0.0,0.0,0.0,0.0,0.0,0.0,0.0,0.0,0.0,0.0,0.0,0.0,0.0,0.0,0.0,0.0,0.0,0.0,0.0,0.0,0.0,0.0,0.0,0.0,0.0
0.0,0.0,0.0,0.0,0.0,0.0,0.0,0.0,0.0,0.0,0.0,0.0,0.0,0.0,0.0,0.0,0.0,0.0,0.0,0.0,0.0,0.0,0.0,0.0,0.0,0.0,0.0,0.0,0.0,0.0,0.0,0.0,0.0,0.0,0.0,0.0,0.0,0.0,0.0,0.0,0.0,0.0,0.0,0.0,0.0,0.0,0.0,0.0,0.0,0.0,0.0,0.0,0.0,0.0,0.0,0.0,0.0,0.0,0.0,0.0,0.0,0.0,0.0,0.0,0.0,0.0,0.0,0.0,0.0,3.3473587665652417e-06,0.0,0.0,3.3473587665652417e-06,0.0,0.0,0.0,0.0,0.0,0.0,0.0,0.0,0.0,0.0,0.0,0.0,0.0,0.0,0.0,0.0,0.0,0.0,0.0,6.694717533130483e-06,0.0,0.0,0.0,0.0,0.0,0.0,0.0,0.0,0.0,3.3473587665652417e-06,0.0,0.0,0.0,3.3473587665652417e-06,0.0,0.0,0.0,0.0,0.0,3.3473587665652417e-06,0.0,0.0,0.0,0.0,0.0,0.0,0.0,0.0,0.0,0.0,0.0,0.0,0.0,0.0,0.0,0.0,0.0,0.0,0.0,0.0,0.0,0.0,0.0,3.3473587665652417e-06,0.0,0.0,0.0,0.0,0.0,0.0,0.0,0.0,0.0,0.0,0.0,0.0,0.0,0.0,0.0,0.0,0.0,0.0,0.0,0.0,0.0,0.0,0.0,0.0,0.0,0.0,0.0,0.0,0.0,0.0,0.0,0.0,0.0,0.0,0.0,0.0,0.0,0.0,0.0,0.0,0.0,0.0,0.0,0.0,0.0,0.0,0.0,3.3473587665652417e-06,0.0,0.0,0.0,0.0,0.0,0.0,0.0,0.0,0.0,0.0,0.0,0.0,0.0,0.0,0.0,0.0,0.0,0.0,0.0,0.0,0.0,0.0,0.0,0.0,0.0,0.0,0.0,0.0,0.0,0.0,0.0,0.0,0.0,0.0,0.0,0.0,0.0,0.0,0.0,0.0,0.0,0.0,0.0,0.0,0.0,0.0,0.0,0.0,0.0,0.0,0.0,0.0,0.0,3.3473587665652417e-06,0.0,0.0,0.0,0.0,0.0,0.0,0.0,0.0,0.0,0.0,0.0,0.0,0.0,0.0,0.0,0.0,0.0,0.0,0.0,0.0,0.0,0.0,0.0,0.0,0.0,0.0,0.0,0.0,0.0,0.0,0.0,0.0,0.0,0.0,0.0,0.0,0.0,0.0,0.0,0.0,3.3473587665652417e-06,0.0,0.0,0.0,0.0,0.0,0.0,0.0,0.0,0.0,0.0,0.0,0.0,3.3473587665652417e-06,0.0,0.0,0.0,0.0,0.0,0.0,0.0,0.0,0.0,0.0,0.0,0.0,3.3473587665652417e-06,0.0,0.0,0.0,0.0,0.0,0.0,0.0,0.0,0.0,0.0,0.0,0.0,0.0,0.0,0.0,0.0,0.0,0.0,0.0,0.0,0.0,0.0,0.0,0.0,0.0,0.0,0.0,0.0,0.0,0.0,0.0,0.0,0.0,0.0,0.0,0.0,0.0,0.0,0.0,0.0,0.0,0.0,0.0,0.0,0.0,0.0,0.0,0.0,0.0,0.0,0.0,0.0,0.0,0.0
0.0,0.0,0.0,0.0,0.0,0.0,0.0,0.0,0.0,0.0,0.0,0.0,0.0,0.0,0.0,0.0,0.0,0.0,0.0,0.0,0.0,0.0,0.0,0.0,0.0,0.0,0.0,0.0,0.0,0.0,0.0,0.0,0.0,0.0,0.0,0.0,0.0,0.0,0.0,0.0,0.0,0.0,0.0,0.0,0.0,0.0,0.0,0.0,0.0,0.0,0.0,0.0,0.0,0.0,0.0,0.0,0.0,0.0,0.0,0.0,0.0,0.0,0.0,0.0,0.0,0.0,0.0,0.0,0.0,0.0,0.0,3.3473587665652417e-06,3.3473587665652417e-06,0.0,0.0,0.0,0.0,0.0,0.0,0.0,0.0,0.0,0.0,0.0,0.0,0.0,0.0,3.3473587665652417e-06,3.3473587665652417e-06,0.0,0.0,0.0,3.3473587665652417e-06,0.0,0.0,0.0,0.0,0.0,0.0,0.0,0.0,0.0,0.0,0.0,0.0,0.0,0.0,0.0,0.0,0.0,3.3473587665652417e-06,3.3473587665652417e-06,0.0,0.0,3.3473587665652417e-06,0.0,0.0,0.0,0.0,0.0,3.3473587665652417e-06,3.3473587665652417e-06,0.0,0.0,0.0,0.0,3.3473587665652417e-06,0.0,6.694717533130483e-06,3.3473587665652417e-06,0.0,0.0,0.0,0.0,3.3473587665652417e-06,3.3473587665652417e-06,0.0,0.0,0.0,0.0,0.0,0.0,0.0,0.0,0.0,0.0,0.0,0.0,0.0,0.0,0.0,0.0,0.0,0.0,0.0,0.0,0.0,0.0,0.0,0.0,0.0,0.0,0.0,0.0,0.0,6.694717533130483e-06,0.0,0.0,0.0,0.0,0.0,0.0,0.0,0.0,0.0,0.0,0.0,0.0,0.0,0.0,0.0,0.0,0.0,0.0,0.0,0.0,0.0,0.0,0.0,0.0,0.0,0.0,0.0,0.0,0.0,0.0,0.0,0.0,0.0,0.0,0.0,0.0,0.0,0.0,0.0,0.0,0.0,0.0,0.0,0.0,0.0,0.0,0.0,0.0,0.0,0.0,0.0,0.0,0.0,0.0,0.0,0.0,0.0,0.0,0.0,0.0,0.0,0.0,0.0,0.0,0.0,0.0,0.0,0.0,0.0,0.0,0.0,0.0,0.0,0.0,0.0,0.0,0.0,0.0,0.0,0.0,0.0,0.0,0.0,0.0,0.0,0.0,0.0,0.0,0.0,0.0,0.0,0.0,3.3473587665652417e-06,0.0,0.0,0.0,0.0,0.0,3.3473587665652417e-06,0.0,0.0,0.0,0.0,0.0,0.0,0.0,0.0,0.0,0.0,0.0,0.0,3.3473587665652417e-06,0.0,0.0,0.0,0.0,0.0,3.3473587665652417e-06,0.0,0.0,0.0,0.0,0.0,0.0,0.0,0.0,0.0,0.0,0.0,0.0,0.0,0.0,0.0,0.0,0.0,0.0,0.0,0.0,0.0,0.0,0.0,0.0,0.0,0.0,0.0,0.0,0.0,0.0,0.0,0.0,0.0,0.0,0.0,0.0,0.0,0.0,0.0,0.0,0.0,0.0,0.0,0.0,0.0,0.0,0.0,0.0,0.0,0.0,0.0,0.0,0.0,0.0,0.0,0.0,0.0,0.0,0.0,0.0,0.0,0.0,0.0,0.0,0.0,0.0,0.0,0.0,0.0,0.0,0.0,0.0,0.0,0.0,0.0,0.0
0.0,0.0,0.0,0.0,0.0,0.0,0.0,0.0,0.0,0.0,0.0,0.0,0.0,0.0,0.0,0.0,0.0,0.0,0.0,0.0,0.0,0.0,0.0,0.0,0.0,0.0,0.0,0.0,0.0,0.0,0.0,0.0,0.0,0.0,0.0,0.0,0.0,0.0,0.0,0.0,0.0,0.0,0.0,0.0,0.0,0.0,0.0,0.0,0.0,0.0,0.0,0.0,0.0,0.0,0.0,0.0,0.0,0.0,0.0,0.0,0.0,0.0,0.0,0.0,0.0,0.0,0.0,0.0,0.0,0.0,3.3473587665652417e-06,3.3473587665652417e-06,3.3473587665652417e-06,0.0,0.0,0.0,0.0,0.0,0.0,0.0,0.0,0.0,0.0,0.0,0.0,0.0,0.0,0.0,0.0,0.0,0.0,0.0,0.0,0.0,3.3473587665652417e-06,0.0,0.0,0.0,0.0,0.0,3.3473587665652417e-06,0.0,3.3473587665652417e-06,3.3473587665652417e-06,0.0,0.0,0.0,0.0,0.0,3.3473587665652417e-06,0.0,0.0,0.0,0.0,0.0,0.0,3.3473587665652417e-06,0.0,0.0,0.0,0.0,0.0,0.0,0.0,0.0,0.0,0.0,0.0,0.0,0.0,0.0,0.0,0.0,0.0,0.0,0.0,0.0,0.0,0.0,0.0,0.0,0.0,3.3473587665652417e-06,0.0,0.0,0.0,0.0,0.0,0.0,0.0,0.0,0.0,0.0,0.0,0.0,0.0,0.0,0.0,0.0,0.0,0.0,0.0,0.0,0.0,0.0,0.0,0.0,0.0,0.0,0.0,0.0,0.0,0.0,0.0,0.0,0.0,0.0,0.0,0.0,0.0,0.0,0.0,0.0,0.0,0.0,0.0,0.0,0.0,0.0,0.0,0.0,0.0,0.0,0.0,0.0,0.0,0.0,0.0,0.0,0.0,0.0,0.0,0.0,0.0,0.0,0.0,0.0,0.0,0.0,0.0,0.0,0.0,0.0,0.0,0.0,0.0,0.0,0.0,0.0,0.0,0.0,0.0,0.0,0.0,0.0,0.0,0.0,0.0,0.0,0.0,0.0,0.0,0.0,0.0,0.0,0.0,0.0,0.0,0.0,0.0,0.0,0.0,0.0,0.0,0.0,0.0,0.0,0.0,0.0,0.0,0.0,0.0,0.0,0.0,0.0,3.3473587665652417e-06,0.0,0.0,0.0,0.0,0.0,0.0,0.0,0.0,0.0,0.0,0.0,0.0,0.0,0.0,0.0,0.0,0.0,0.0,0.0,0.0,0.0,0.0,0.0,0.0,3.3473587665652417e-06,0.0,0.0,0.0,0.0,0.0,0.0,0.0,0.0,0.0,0.0,0.0,0.0,0.0,0.0,0.0,0.0,0.0,3.3473587665652417e-06,0.0,0.0,0.0,0.0,0.0,0.0,0.0,0.0,0.0,0.0,0.0,0.0,0.0,0.0,0.0,0.0,0.0,0.0,0.0,0.0,3.3473587665652417e-06,0.0,0.0,0.0,0.0,0.0,0.0,0.0,0.0,0.0,0.0,0.0,0.0,0.0,0.0,0.0,0.0,0.0,0.0,0.0,0.0,0.0,0.0,0.0,0.0,0.0,0.0,0.0,0.0,0.0,0.0,0.0,0.0,0.0,0.0,0.0,0.0,0.0,0.0,0.0,0.0
0.0,0.0,0.0,0.0,0.0,0.0,0.0,0.0,0.0,0.0,0.0,0.0,0.0,0.0,0.0,0.0,0.0,0.0,0.0,0.0,0.0,0.0,0.0,0.0,0.0,0.0,0.0,0.0,0.0,0.0,0.0,0.0,0.0,0.0,0.0,0.0,0.0,0.0,0.0,0.0,0.0,0.0,0.0,0.0,0.0,0.0,0.0,0.0,0.0,0.0,0.0,0.0,0.0,0.0,0.0,0.0,0.0,0.0,0.0,0.0,0.0,0.0,0.0,0.0,0.0,0.0,0.0,0.0,0.0,3.3473587665652417e-06,0.0,3.3473587665652417e-06,3.3473587665652417e-06,0.0,0.0,0.0,0.0,0.0,0.0,0.0,0.0,0.0,0.0,0.0,0.0,0.0,0.0,0.0,0.0,0.0,0.0,0.0,0.0,0.0,0.0,0.0,0.0,0.0,3.3473587665652417e-06,0.0,0.0,0.0,0.0,0.0,0.0,0.0,0.0,0.0,0.0,0.0,0.0,0.0,0.0,0.0,0.0,0.0,0.0,0.0,0.0,0.0,0.0,0.0,0.0,0.0,0.0,0.0,0.0,0.0,0.0,0.0,0.0,0.0,0.0,0.0,0.0,3.3473587665652417e-06,0.0,0.0,0.0,0.0,0.0,0.0,0.0,0.0,0.0,0.0,0.0,0.0,0.0,0.0,0.0,0.0,0.0,0.0,0.0,0.0,0.0,0.0,0.0,0.0,0.0,0.0,0.0,0.0,0.0,0.0,0.0,0.0,0.0,0.0,0.0,0.0,0.0,0.0,0.0,0.0,0.0,0.0,0.0,0.0,0.0,0.0,0.0,0.0,0.0,0.0,0.0,0.0,3.3473587665652417e-06,0.0,0.0,0.0,0.0,0.0,0.0,0.0,0.0,0.0,0.0,0.0,0.0,0.0,0.0,0.0,0.0,0.0,0.0,0.0,0.0,0.0,0.0,0.0,0.0,0.0,0.0,0.0,0.0,0.0,0.0,0.0,0.0,0.0,0.0,0.0,0.0,0.0,0.0,0.0,0.0,0.0,0.0,0.0,0.0,0.0,0.0,0.0,0.0,0.0,0.0,0.0,0.0,0.0,0.0,0.0,0.0,0.0,0.0,0.0,0.0,0.0,0.0,0.0,0.0,0.0,0.0,0.0,0.0,0.0,0.0,0.0,0.0,0.0,0.0,0.0,0.0,0.0,0.0,0.0,0.0,0.0,0.0,0.0,0.0,0.0,0.0,0.0,0.0,0.0,0.0,0.0,3.3473587665652417e-06,0.0,0.0,0.0,0.0,0.0,0.0,0.0,0.0,0.0,0.0,3.3473587665652417e-06,6.694717533130483e-06,0.0,0.0,0.0,0.0,0.0,3.3473587665652417e-06,0.0,0.0,0.0,0.0,0.0,0.0,0.0,0.0,0.0,0.0,0.0,0.0,0.0,0.0,0.0,0.0,0.0,0.0,0.0,0.0,0.0,0.0,0.0,0.0,0.0,0.0,0.0,0.0,0.0,0.0,0.0,0.0,0.0,0.0,0.0,0.0,0.0,0.0,0.0,0.0,0.0,0.0,0.0,0.0,0.0,0.0,0.0,0.0,0.0,0.0,0.0,0.0,0.0,0.0,0.0,0.0,0.0,0.0,0.0,0.0,0.0
0.0,0.0,0.0,0.0,0.0,0.0,0.0,0.0,0.0,0.0,0.0,0.0,0.0,0.0,0.0,0.0,0.0,0.0,0.0,0.0,0.0,0.0,0.0,0.0,0.0,0.0,0.0,0.0,0.0,0.0,0.0,0.0,0.0,0.0,0.0,0.0,0.0,0.0,0.0,0.0,0.0,0.0,0.0,0.0,0.0,0.0,0.0,0.0,0.0,0.0,0.0,0.0,0.0,0.0,0.0,0.0,0.0,0.0,0.0,0.0,0.0,0.0,0.0,0.0,0.0,0.0,0.0,0.0,0.0,0.0,3.3473587665652417e-06,0.0,0.0,0.0,0.0,0.0,0.0,3.3473587665652417e-06,0.0,0.0,0.0,0.0,0.0,0.0,0.0,0.0,0.0,0.0,0.0,0.0,0.0,0.0,0.0,0.0,0.0,0.0,0.0,0.0,0.0,0.0,0.0,0.0,0.0,0.0,6.694717533130483e-06,0.0,0.0,0.0,0.0,3.3473587665652417e-06,0.0,0.0,0.0,0.0,0.0,0.0,6.694717533130483e-06,3.3473587665652417e-06,0.0,0.0,0.0,0.0,0.0,0.0,0.0,0.0,0.0,0.0,0.0,0.0,0.0,0.0,0.0,0.0,0.0,0.0,0.0,0.0,3.3473587665652417e-06,0.0,0.0,0.0,3.3473587665652417e-06,0.0,0.0,0.0,0.0,0.0,0.0,0.0,0.0,0.0,0.0,0.0,0.0,0.0,0.0,0.0,0.0,0.0,0.0,0.0,0.0,0.0,0.0,0.0,0.0,0.0,0.0,0.0,0.0,0.0,0.0,0.0,0.0,0.0,0.0,0.0,0.0,0.0,0.0,0.0,0.0,0.0,0.0,0.0,0.0,0.0,0.0,0.0,0.0,0.0,0.0,0.0,0.0,0.0,0.0,0.0,0.0,0.0,0.0,0.0,0.0,0.0,0.0,0.0,0.0,0.0,0.0,0.0,0.0,0.0,0.0,0.0,0.0,0.0,0.0,0.0,0.0,0.0,0.0,0.0,0.0,0.0,0.0,0.0,0.0,0.0,0.0,0.0,0.0,0.0,0.0,0.0,0.0,0.0,0.0,0.0,0.0,0.0,0.0,0.0,0.0,0.0,0.0,0.0,0.0,0.0,0.0,0.0,0.0,0.0,0.0,0.0,0.0,0.0,0.0,0.0,0.0,0.0,0.0,0.0,0.0,0.0,0.0,0.0,0.0,0.0,0.0,0.0,0.0,0.0,0.0,0.0,0.0,0.0,3.3473587665652417e-06,0.0,0.0,0.0,0.0,0.0,0.0,0.0,0.0,0.0,0.0,0.0,0.0,0.0,6.694717533130483e-06,0.0,3.3473587665652417e-06,0.0,0.0,0.0,0.0,0.0,0.0,0.0,0.0,0.0,0.0,0.0,0.0,0.0,0.0,0.0,0.0,0.0,0.0,0.0,0.0,0.0,0.0,3.3473587665652417e-06,0.0,0.0,0.0,0.0,0.0,0.0,0.0,0.0,6.694717533130483e-06,0.0,0.0,0.0,0.0,0.0,0.0,0.0,0.0,0.0,0.0,0.0,0.0,0.0,0.0,0.0,0.0,0.0,0.0,0.0,0.0,0.0,0.0,0.0,0.0,0.0,0.0,0.0,0.0,0.0,0.0,0.0,0.0,0.0,0.0,0.0
0.0,0.0,0.0,0.0,0.0,0.0,0.0,0.0,0.0,0.0,0.0,0.0,0.0,0.0,0.0,0.0,0.0,0.0,0.0,0.0,0.0,0.0,0.0,0.0,0.0,0.0,0.0,0.0,0.0,0.0,0.0,0.0,0.0,0.0,0.0,0.0,0.0,0.0,0.0,0.0,0.0,0.0,0.0,0.0,0.0,0.0,0.0,0.0,0.0,0.0,0.0,0.0,0.0,0.0,0.0,0.0,0.0,0.0,0.0,0.0,0.0,0.0,0.0,0.0,0.0,0.0,0.0,0.0,0.0,0.0,0.0,0.0,0.0,0.0,0.0,0.0,0.0,0.0,0.0,0.0,0.0,0.0,0.0,0.0,0.0,0.0,3.3473587665652417e-06,0.0,0.0,0.0,0.0,3.3473587665652417e-06,0.0,0.0,0.0,0.0,0.0,0.0,0.0,0.0,0.0,0.0,0.0,0.0,0.0,0.0,0.0,0.0,0.0,0.0,0.0,0.0,0.0,0.0,3.3473587665652417e-06,0.0,0.0,0.0,0.0,0.0,0.0,0.0,0.0,0.0,0.0,0.0,0.0,0.0,0.0,0.0,0.0,0.0,0.0,0.0,0.0,0.0,0.0,0.0,0.0,0.0,0.0,0.0,0.0,0.0,0.0,0.0,0.0,0.0,0.0,0.0,0.0,0.0,0.0,0.0,0.0,0.0,0.0,0.0,0.0,0.0,0.0,0.0,0.0,0.0,0.0,0.0,0.0,0.0,0.0,0.0,0.0,0.0,0.0,0.0,0.0,0.0,0.0,0.0,0.0,0.0,0.0,0.0,0.0,0.0,0.0,0.0,0.0,0.0,0.0,0.0,0.0,0.0,0.0,0.0,0.0,0.0,0.0,0.0,0.0,0.0,0.0,0.0,0.0,0.0,0.0,0.0,0.0,0.0,0.0,0.0,0.0,0.0,0.0,0.0,0.0,0.0,0.0,0.0,0.0,0.0,0.0,0.0,0.0,0.0,0.0,0.0,0.0,0.0,0.0,0.0,0.0,0.0,0.0,0.0,0.0,0.0,0.0,0.0,0.0,0.0,0.0,0.0,0.0,0.0,0.0,0.0,0.0,0.0,0.0,0.0,3.3473587665652417e-06,0.0,0.0,0.0,0.0,0.0,0.0,0.0,0.0,0.0,0.0,0.0,0.0,0.0,0.0,0.0,0.0,0.0,0.0,0.0,0.0,0.0,0.0,0.0,0.0,0.0,0.0,0.0,0.0,0.0,0.0,3.3473587665652417e-06,0.0,0.0,0.0,0.0,0.0,0.0,0.0,0.0,0.0,0.0,3.3473587665652417e-06,6.694717533130483e-06,0.0,0.0,0.0,0.0,0.0,0.0,0.0,0.0,0.0,0.0,0.0,0.0,0.0,0.0,0.0,0.0,0.0,0.0,0.0,3.3473587665652417e-06,3.3473587665652417e-06,0.0,0.0,0.0,0.0,0.0,0.0,0.0,0.0,0.0,0.0,0.0,0.0,0.0,0.0,0.0,0.0,0.0,0.0,0.0,0.0,0.0,0.0,0.0,0.0,0.0,0.0,0.0,0.0,0.0,0.0,0.0,0.0,0.0,0.0,0.0,0.0,0.0,0.0,0.0,0.0,0.0,0.0,0.0,0.0,0.0
0.0,0.0,0.0,0.0,0.0,0.0,0.0,0.0,0.0,0.0,0.0,0.0,0.0,0.0,0.0,0.0,0.0,0.0,0.0,0.0,0.0,0.0,0.0,0.0,0.0,0.0,0.0,0.0,0.0,0.0,0.0,0.0,0.0,0.0,0.0,0.0,0.0,0.0,0.0,0.0,0.0,0.0,0.0,0.0,0.0,0.0,3.3473587665652417e-06,0.0,0.0,0.0,0.0,0.0,0.0,0.0,0.0,0.0,0.0,0.0,0.0,0.0,0.0,0.0,0.0,0.0,0.0,0.0,0.0,0.0,0.0,0.0,0.0,0.0,0.0,0.0,0.0,0.0,0.0,0.0,0.0,0.0,0.0,0.0,0.0,0.0,3.3473587665652417e-06,3.3473587665652417e-06,0.0,0.0,0.0,0.0,0.0,0.0,0.0,0.0,0.0,0.0,0.0,0.0,3.3473587665652417e-06,0.0,0.0,0.0,0.0,0.0,0.0,0.0,0.0,0.0,0.0,0.0,0.0,0.0,0.0,0.0,0.0,0.0,3.3473587665652417e-06,3.3473587665652417e-06,0.0,0.0,0.0,0.0,0.0,0.0,0.0,0.0,0.0,0.0,0.0,0.0,0.0,0.0,0.0,0.0,0.0,0.0,0.0,0.0,0.0,0.0,0.0,6.694717533130483e-06,0.0,0.0,0.0,0.0,0.0,0.0,0.0,0.0,0.0,0.0,0.0,0.0,0.0,0.0,0.0,0.0,0.0,0.0,0.0,0.0,0.0,0.0,0.0,0.0,0.0,0.0,0.0,0.0,0.0,0.0,0.0,0.0,0.0,0.0,0.0,0.0,0.0,0.0,0.0,0.0,0.0,0.0,0.0,0.0,0.0,0.0,0.0,0.0,0.0,0.0,0.0,0.0,0.0,0.0,0.0,0.0,0.0,0.0,0.0,0.0,0.0,0.0,0.0,0.0,0.0,0.0,0.0,0.0,0.0,0.0,0.0,0.0,0.0,0.0,0.0,0.0,0.0,0.0,0.0,0.0,0.0,0.0,0.0,0.0,0.0,0.0,0.0,0.0,0.0,0.0,0.0,0.0,0.0,0.0,3.3473587665652417e-06,0.0,0.0,0.0,0.0,0.0,0.0,0.0,0.0,0.0,0.0,0.0,0.0,0.0,0.0,0.0,0.0,0.0,0.0,0.0,0.0,0.0,0.0,0.0,0.0,0.0,0.0,0.0,0.0,0.0,0.0,0.0,0.0,0.0,0.0,0.0,0.0,0.0,0.0,0.0,0.0,0.0,0.0,0.0,0.0,0.0,0.0,0.0,0.0,0.0,0.0,0.0,0.0,0.0,0.0,0.0,3.3473587665652417e-06,3.3473587665652417e-06,3.3473587665652417e-06,6.694717533130483e-06,0.0,0.0,0.0,0.0,0.0,0.0,0.0,0.0,0.0,0.0,0.0,0.0,0.0,0.0,0.0,0.0,0.0,0.0,0.0,0.0,0.0,0.0,0.0,0.0,0.0,0.0,0.0,0.0,0.0,0.0,0.0,0.0,0.0,0.0,0.0,0.0,0.0,0.0,0.0,0.0,0.0,0.0,0.0,0.0,0.0,0.0,0.0,0.0,0.0,0.0,0.0,0.0,0.0,0.0,0.0,0.0,0.0,0.0,0.0,0.0,0.0,0.0,0.0,0.0
0.0,0.0,0.0,0.0,0.0,0.0,0.0,0.0,0.0,0.0,0.0,0.0,0.0,0.0,0.0,0.0,0.0,0.0,0.0,0.0,0.0,0.0,0.0,0.0,0.0,0.0,0.0,0.0,0.0,0.0,0.0,0.0,0.0,0.0,0.0,0.0,0.0,0.0,0.0,0.0,0.0,0.0,0.0,0.0,0.0,0.0,0.0,0.0,0.0,0.0,0.0,0.0,0.0,0.0,0.0,0.0,0.0,0.0,0.0,0.0,0.0,0.0,0.0,0.0,0.0,0.0,0.0,0.0,0.0,0.0,0.0,0.0,0.0,0.0,0.0,0.0,0.0,0.0,0.0,0.0,0.0,0.0,0.0,0.0,0.0,0.0,0.0,0.0,0.0,3.3473587665652417e-06,0.0,0.0,0.0,0.0,0.0,0.0,0.0,0.0,0.0,0.0,0.0,0.0,0.0,0.0,0.0,0.0,0.0,3.3473587665652417e-06,0.0,0.0,0.0,0.0,0.0,0.0,0.0,0.0,3.3473587665652417e-06,0.0,0.0,0.0,0.0,0.0,0.0,0.0,0.0,0.0,0.0,0.0,0.0,0.0,0.0,0.0,0.0,0.0,0.0,0.0,0.0,0.0,0.0,0.0,0.0,0.0,0.0,0.0,0.0,0.0,0.0,0.0,0.0,0.0,0.0,0.0,0.0,0.0,0.0,0.0,0.0,0.0,0.0,0.0,0.0,0.0,0.0,0.0,0.0,0.0,0.0,0.0,0.0,0.0,0.0,0.0,0.0,0.0,0.0,0.0,0.0,0.0,0.0,0.0,0.0,0.0,0.0,0.0,0.0,0.0,0.0,0.0,0.0,0.0,0.0,0.0,0.0,0.0,0.0,0.0,0.0,0.0,0.0,0.0,0.0,0.0,0.0,0.0,0.0,0.0,0.0,0.0,0.0,0.0,0.0,0.0,0.0,0.0,0.0,0.0,0.0,0.0,0.0,0.0,0.0,0.0,0.0,0.0,0.0,0.0,0.0,0.0,0.0,0.0,0.0,0.0,0.0,0.0,0.0,0.0,0.0,0.0,0.0,0.0,0.0,0.0,0.0,0.0,0.0,0.0,0.0,0.0,0.0,0.0,0.0,0.0,0.0,0.0,0.0,0.0,0.0,0.0,0.0,0.0,0.0,0.0,0.0,0.0,0.0,0.0,3.3473587665652417e-06,0.0,0.0,0.0,0.0,0.0,0.0,0.0,0.0,0.0,0.0,0.0,0.0,0.0,0.0,0.0,0.0,0.0,0.0,0.0,0.0,0.0,0.0,0.0,0.0,0.0,0.0,0.0,0.0,3.3473587665652417e-06,0.0,0.0,0.0,3.3473587665652417e-06,0.0,0.0,0.0,0.0,0.0,0.0,0.0,0.0,0.0,0.0,0.0,0.0,0.0,0.0,0.0,0.0,0.0,0.0,0.0,0.0,0.0,0.0,0.0,0.0,0.0,0.0,0.0,0.0,0.0,0.0,0.0,0.0,0.0,0.0,0.0,0.0,0.0,0.0,0.0,0.0,0.0,0.0,0.0,0.0,0.0,0.0,0.0,0.0,0.0,0.0,0.0,0.0,0.0,0.0,0.0,0.0,0.0,0.0,0.0,0.0
0.0,0.0,0.0,0.0,0.0,0.0,0.0,0.0,0.0,0.0,0.0,0.0,0.0,0.0,0.0,0.0,0.0,0.0,0.0,0.0,0.0,0.0,0.0,0.0,0.0,0.0,0.0,0.0,0.0,0.0,0.0,0.0,0.0,0.0,0.0,0.0,0.0,0.0,0.0,0.0,0.0,0.0,0.0,0.0,0.0,0.0,0.0,0.0,0.0,0.0,0.0,0.0,0.0,0.0,0.0,0.0,0.0,0.0,0.0,0.0,0.0,0.0,0.0,0.0,0.0,0.0,0.0,0.0,0.0,0.0,0.0,0.0,0.0,0.0,0.0,0.0,0.0,3.3473587665652417e-06,0.0,0.0,0.0,0.0,0.0,0.0,0.0,0.0,0.0,0.0,0.0,0.0,0.0,0.0,0.0,0.0,0.0,0.0,0.0,0.0,0.0,0.0,0.0,0.0,0.0,0.0,0.0,0.0,0.0,0.0,0.0,6.694717533130483e-06,0.0,0.0,0.0,0.0,0.0,0.0,0.0,0.0,0.0,6.694717533130483e-06,0.0,0.0,0.0,0.0,0.0,0.0,0.0,0.0,0.0,0.0,0.0,6.694717533130483e-06,0.0,0.0,0.0,0.0,0.0,0.0,3.3473587665652417e-06,0.0,0.0,0.0,0.0,0.0,0.0,0.0,0.0,0.0,0.0,0.0,0.0,0.0,0.0,0.0,0.0,0.0,0.0,0.0,0.0,0.0,0.0,0.0,0.0,0.0,0.0,0.0,0.0,0.0,0.0,0.0,0.0,0.0,0.0,0.0,0.0,0.0,0.0,0.0,0.0,0.0,0.0,0.0,0.0,0.0,0.0,0.0,0.0,0.0,0.0,0.0,0.0,0.0,0.0,0.0,0.0,0.0,0.0,0.0,0.0,0.0,0.0,0.0,0.0,0.0,0.0,0.0,0.0,0.0,0.0,0.0,0.0,0.0,0.0,0.0,0.0,0.0,0.0,0.0,0.0,0.0,0.0,0.0,0.0,0.0,0.0,0.0,0.0,0.0,0.0,0.0,0.0,0.0,0.0,0.0,0.0,0.0,0.0,0.0,0.0,0.0,0.0,0.0,0.0,0.0,0.0,0.0,0.0,0.0,0.0,0.0,0.0,0.0,0.0,0.0,0.0,0.0,0.0,0.0,0.0,0.0,0.0,0.0,0.0,0.0,0.0,0.0,0.0,0.0,0.0,0.0,0.0,0.0,0.0,0.0,0.0,0.0,0.0,0.0,0.0,0.0,0.0,0.0,0.0,0.0,0.0,0.0,0.0,0.0,0.0,0.0,0.0,0.0,0.0,6.694717533130483e-06,0.0,6.694717533130483e-06,0.0,0.0,0.0,0.0,0.0,0.0,0.0,0.0,0.0,0.0,0.0,0.0,0.0,0.0,0.0,0.0,0.0,0.0,0.0,0.0,0.0,0.0,0.0,0.0,0.0,0.0,3.3473587665652417e-06,0.0,0.0,0.0,0.0,0.0,0.0,6.694717533130483e-06,0.0,0.0,0.0,0.0,0.0,0.0,0.0,0.0,0.0,0.0,0.0,0.0,0.0,0.0,0.0,0.0,0.0,0.0,0.0,0.0,0.0,0.0,0.0,0.0,0.0,0.0,0.0,0.0,0.0,0.0
0.0,0.0,0.0,0.0,0.0,0.0,0.0,0.0,0.0,0.0,0.0,0.0,0.0,0.0,0.0,0.0,0.0,0.0,0.0,0.0,0.0,0.0,0.0,0.0,0.0,0.0,0.0,0.0,0.0,0.0,0.0,0.0,0.0,0.0,0.0,0.0,0.0,0.0,0.0,0.0,0.0,0.0,0.0,0.0,0.0,0.0,0.0,0.0,0.0,0.0,0.0,0.0,0.0,0.0,0.0,0.0,0.0,0.0,0.0,0.0,0.0,0.0,0.0,0.0,0.0,0.0,0.0,3.3473587665652417e-06,0.0,0.0,0.0,0.0,0.0,0.0,0.0,0.0,0.0,0.0,0.0,0.0,0.0,0.0,0.0,0.0,0.0,0.0,0.0,0.0,0.0,3.3473587665652417e-06,0.0,0.0,3.3473587665652417e-06,3.3473587665652417e-06,3.3473587665652417e-06,0.0,6.694717533130483e-06,0.0,0.0,0.0,0.0,0.0,0.0,0.0,0.0,0.0,0.0,0.0,0.0,0.0,0.0,0.0,0.0,0.0,0.0,0.0,0.0,0.0,0.0,3.3473587665652417e-06,0.0,0.0,0.0,0.0,0.0,0.0,0.0,0.0,0.0,0.0,0.0,0.0,0.0,0.0,0.0,0.0,0.0,0.0,0.0,0.0,0.0,0.0,0.0,0.0,0.0,0.0,3.3473587665652417e-06,0.0,0.0,0.0,0.0,0.0,0.0,0.0,0.0,0.0,0.0,0.0,0.0,0.0,0.0,0.0,0.0,0.0,0.0,0.0,0.0,0.0,0.0,0.0,6.694717533130483e-06,0.0,0.0,0.0,0.0,0.0,0.0,0.0,0.0,0.0,0.0,0.0,0.0,0.0,0.0,0.0,0.0,0.0,0.0,0.0,0.0,0.0,0.0,0.0,0.0,0.0,0.0,0.0,0.0,0.0,0.0,0.0,0.0,0.0,0.0,0.0,0.0,0.0,0.0,0.0,0.0,0.0,0.0,0.0,0.0,0.0,0.0,0.0,0.0,0.0,0.0,0.0,0.0,0.0,0.0,0.0,0.0,0.0,0.0,0.0,0.0,0.0,3.3473587665652417e-06,0.0,0.0,0.0,0.0,0.0,0.0,0.0,0.0,0.0,0.0,0.0,0.0,0.0,0.0,0.0,0.0,0.0,0.0,0.0,0.0,0.0,0.0,0.0,0.0,0.0,3.3473587665652417e-06,0.0,0.0,0.0,0.0,0.0,0.0,0.0,0.0,0.0,0.0,0.0,0.0,0.0,0.0,0.0,0.0,0.0,0.0,0.0,0.0,0.0,0.0,0.0,0.0,0.0,0.0,0.0,0.0,0.0,0.0,0.0,0.0,0.0,0.0,0.0,0.0,0.0,0.0,0.0,0.0,0.0,0.0,0.0,0.0,0.0,0.0,0.0,0.0,0.0,0.0,0.0,0.0,0.0,0.0,0.0,0.0,0.0,0.0,0.0,0.0,0.0,0.0,0.0,0.0,0.0,0.0,0.0,0.0,0.0,0.0,0.0,0.0,3.3473587665652417e-06,0.0,0.0,0.0,3.3473587665652417e-06,0.0,0.0,0.0,0.0,0.0,0.0,0.0,0.0,0.0,0.0,0.0,0.0,0.0,0.0,0.0,0.0,0.0,0.0,0.0,0.0,0.0,0.0,0.0,0.0
0.0,0.0,0.0,0.0,0.0,0.0,0.0,0.0,0.0,0.0,0.0,0.0,0.0,0.0,0.0,0.0,0.0,0.0,0.0,0.0,0.0,0.0,0.0,0.0,0.0,0.0,0.0,0.0,0.0,0.0,0.0,0.0,0.0,0.0,0.0,0.0,0.0,0.0,0.0,0.0,0.0,0.0,0.0,0.0,0.0,0.0,0.0,0.0,0.0,0.0,0.0,0.0,0.0,0.0,0.0,0.0,0.0,0.0,0.0,0.0,0.0,0.0,0.0,0.0,0.0,0.0,0.0,0.0,0.0,0.0,0.0,0.0,0.0,0.0,0.0,0.0,0.0,0.0,0.0,3.3473587665652417e-06,0.0,0.0,0.0,0.0,0.0,0.0,0.0,0.0,0.0,0.0,0.0,0.0,0.0,0.0,0.0,0.0,0.0,0.0,0.0,0.0,0.0,0.0,0.0,0.0,0.0,0.0,0.0,0.0,0.0,0.0,0.0,0.0,0.0,0.0,3.3473587665652417e-06,0.0,0.0,0.0,0.0,0.0,0.0,0.0,0.0,0.0,0.0,0.0,0.0,3.3473587665652417e-06,0.0,0.0,0.0,0.0,0.0,0.0,0.0,0.0,0.0,0.0,0.0,0.0,0.0,0.0,0.0,0.0,0.0,6.694717533130483e-06,0.0,0.0,0.0,0.0,0.0,0.0,0.0,0.0,0.0,0.0,0.0,0.0,0.0,0.0,0.0,0.0,0.0,0.0,0.0,0.0,0.0,0.0,0.0,0.0,0.0,0.0,0.0,0.0,0.0,0.0,0.0,0.0,0.0,0.0,0.0,0.0,0.0,0.0,0.0,0.0,0.0,0.0,0.0,0.0,0.0,0.0,0.0,0.0,0.0,0.0,0.0,0.0,0.0,0.0,0.0,0.0,0.0,0.0,0.0,0.0,0.0,0.0,0.0,0.0,0.0,0.0,0.0,0.0,0.0,0.0,0.0,0.0,0.0,0.0,0.0,0.0,0.0,0.0,0.0,0.0,0.0,0.0,0.0,0.0,0.0,0.0,0.0,0.0,0.0,0.0,0.0,0.0,0.0,0.0,0.0,0.0,0.0,0.0,0.0,0.0,0.0,0.0,0.0,0.0,0.0,0.0,0.0,0.0,0.0,0.0,0.0,0.0,0.0,0.0,0.0,0.0,0.0,0.0,3.3473587665652417e-06,0.0,0.0,0.0,0.0,0.0,0.0,0.0,0.0,0.0,0.0,0.0,3.3473587665652417e-06,0.0,0.0,0.0,0.0,3.3473587665652417e-06,0.0,0.0,0.0,0.0,0.0,0.0,0.0,0.0,0.0,0.0,0.0,0.0,0.0,0.0,0.0,0.0,0.0,0.0,0.0,0.0,0.0,0.0,0.0,0.0,0.0,0.0,0.0,0.0,0.0,0.0,0.0,0.0,0.0,0.0,0.0,0.0,0.0,0.0,0.0,0.0,0.0,0.0,0.0,0.0,0.0,0.0,0.0,0.0,0.0,0.0,0.0,0.0,0.0,0.0,0.0,0.0,0.0,0.0,0.0,0.0,0.0,0.0,0.0,0.0,0.0,0.0,0.0,0.0,0.0,0.0,0.0,0.0,0.0,0.0,0.0,0.0,0.0,0.0
0.0,0.0,0.0,0.0,0.0,0.0,0.0,0.0,0.0,0.0,0.0,0.0,0.0,0.0,0.0,0.0,0.0,0.0,0.0,0.0,0.0,0.0,0.0,0.0,0.0,0.0,0.0,0.0,0.0,0.0,0.0,0.0,0.0,0.0,0.0,0.0,0.0,0.0,0.0,0.0,0.0,0.0,0.0,0.0,0.0,0.0,0.0,0.0,0.0,0.0,0.0,0.0,0.0,0.0,0.0,0.0,0.0,0.0,0.0,0.0,0.0,0.0,0.0,0.0,0.0,0.0,0.0,3.3473587665652417e-06,0.0,0.0,0.0,0.0,0.0,0.0,0.0,0.0,0.0,0.0,0.0,0.0,0.0,0.0,0.0,0.0,0.0,0.0,0.0,0.0,0.0,0.0,0.0,0.0,0.0,0.0,0.0,0.0,0.0,0.0,0.0,0.0,0.0,0.0,0.0,0.0,0.0,0.0,0.0,0.0,3.3473587665652417e-06,0.0,0.0,0.0,0.0,0.0,3.3473587665652417e-06,0.0,0.0,3.3473587665652417e-06,0.0,0.0,0.0,0.0,0.0,0.0,0.0,0.0,0.0,3.3473587665652417e-06,0.0,0.0,0.0,0.0,0.0,0.0,0.0,0.0,0.0,0.0,0.0,0.0,0.0,0.0,0.0,0.0,0.0,0.0,0.0,0.0,0.0,0.0,0.0,0.0,0.0,0.0,0.0,0.0,0.0,0.0,0.0,0.0,0.0,0.0,0.0,0.0,0.0,0.0,0.0,0.0,0.0,0.0,0.0,0.0,0.0,0.0,0.0,0.0,0.0,0.0,0.0,0.0,0.0,0.0,0.0,0.0,0.0,0.0,0.0,0.0,0.0,0.0,0.0,0.0,0.0,0.0,0.0,0.0,0.0,0.0,0.0,0.0,0.0,0.0,0.0,0.0,0.0,0.0,0.0,0.0,0.0,0.0,0.0,0.0,0.0,0.0,0.0,0.0,0.0,0.0,0.0,0.0,0.0,0.0,0.0,0.0,0.0,0.0,0.0,0.0,0.0,0.0,0.0,0.0,0.0,0.0,0.0,0.0,0.0,0.0,0.0,0.0,0.0,0.0,0.0,0.0,0.0,0.0,0.0,0.0,0.0,0.0,0.0,0.0,0.0,0.0,0.0,3.3473587665652417e-06,0.0,0.0,0.0,0.0,0.0,0.0,0.0,0.0,0.0,0.0,0.0,0.0,0.0,3.3473587665652417e-06,0.0,0.0,0.0,0.0,0.0,0.0,0.0,0.0,0.0,0.0,0.0,0.0,0.0,3.3473587665652417e-06,0.0,0.0,0.0,0.0,3.3473587665652417e-06,0.0,0.0,0.0,0.0,0.0,0.0,0.0,0.0,0.0,0.0,0.0,0.0,0.0,0.0,0.0,0.0,0.0,0.0,0.0,0.0,0.0,0.0,0.0,0.0,0.0,0.0,0.0,0.0,0.0,0.0,0.0,0.0,0.0,0.0,0.0,0.0,0.0,0.0,0.0,0.0,0.0,0.0,0.0,0.0,0.0,0.0,0.0,0.0,0.0,0.0,0.0,0.0,0.0,0.0,0.0,0.0,0.0,0.0,0.0,0.0,0.0,0.0,0.0,0.0,0.0,0.0,0.0,0.0,0.0,0.0,0.0
0.0,0.0,0.0,0.0,0.0,0.0,0.0,0.0,0.0,0.0,0.0,0.0,0.0,0.0,0.0,0.0,0.0,0.0,0.0,0.0,0.0,0.0,0.0,0.0,0.0,0.0,0.0,0.0,0.0,0.0,0.0,0.0,0.0,0.0,0.0,0.0,0.0,0.0,0.0,0.0,0.0,0.0,0.0,0.0,0.0,0.0,0.0,0.0,0.0,0.0,0.0,0.0,0.0,0.0,0.0,0.0,0.0,0.0,0.0,0.0,0.0,0.0,0.0,0.0,0.0,0.0,0.0,0.0,0.0,0.0,0.0,0.0,0.0,0.0,0.0,0.0,0.0,0.0,0.0,0.0,0.0,0.0,0.0,0.0,0.0,0.0,0.0,0.0,0.0,0.0,0.0,0.0,0.0,0.0,0.0,0.0,0.0,0.0,3.3473587665652417e-06,0.0,0.0,3.3473587665652417e-06,0.0,0.0,0.0,0.0,0.0,0.0,0.0,0.0,0.0,0.0,0.0,0.0,0.0,0.0,0.0,0.0,0.0,0.0,0.0,0.0,0.0,0.0,0.0,6.694717533130483e-06,0.0,0.0,0.0,0.0,0.0,0.0,0.0,0.0,0.0,0.0,0.0,0.0,0.0,0.0,0.0,0.0,0.0,0.0,0.0,0.0,0.0,0.0,0.0,0.0,0.0,0.0,0.0,0.0,0.0,0.0,0.0,0.0,0.0,0.0,0.0,0.0,6.694717533130483e-06,0.0,0.0,0.0,0.0,0.0,0.0,0.0,0.0,0.0,0.0,0.0,0.0,0.0,0.0,0.0,0.0,0.0,0.0,0.0,0.0,0.0,0.0,0.0,0.0,0.0,0.0,0.0,0.0,0.0,0.0,0.0,0.0,0.0,0.0,0.0,0.0,0.0,0.0,0.0,0.0,0.0,0.0,0.0,0.0,0.0,0.0,0.0,0.0,0.0,0.0,0.0,0.0,0.0,0.0,0.0,0.0,0.0,0.0,0.0,0.0,0.0,0.0,0.0,0.0,0.0,0.0,0.0,0.0,0.0,0.0,0.0,0.0,0.0,0.0,0.0,0.0,0.0,0.0,0.0,0.0,0.0,0.0,0.0,0.0,0.0,0.0,0.0,0.0,0.0,0.0,0.0,0.0,0.0,0.0,0.0,0.0,0.0,0.0,0.0,0.0,0.0,0.0,0.0,0.0,0.0,0.0,0.0,0.0,0.0,0.0,0.0,0.0,0.0,0.0,0.0,0.0,0.0,0.0,3.3473587665652417e-06,0.0,0.0,0.0,3.3473587665652417e-06,0.0,0.0,0.0,0.0,0.0,0.0,0.0,3.3473587665652417e-06,0.0,0.0,0.0,0.0,0.0,0.0,0.0,0.0,0.0,0.0,0.0,0.0,0.0,0.0,0.0,0.0,0.0,0.0,0.0,0.0,0.0,0.0,0.0,0.0,0.0,0.0,0.0,0.0,0.0,0.0,0.0,0.0,0.0,0.0,0.0,0.0,0.0,0.0,0.0,0.0,0.0,0.0,0.0,0.0,0.0,0.0,0.0,0.0,0.0,0.0,0.0,0.0,0.0,0.0,0.0,0.0,0.0,0.0,0.0,0.0,0.0,0.0,0.0,0.0,0.0,0.0
0.0,0.0,0.0,0.0,0.0,0.0,0.0,0.0,0.0,0.0,0.0,0.0,0.0,0.0,0.0,0.0,0.0,0.0,0.0,0.0,0.0,0.0,0.0,0.0,0.0,0.0,0.0,0.0,0.0,0.0,0.0,0.0,0.0,0.0,0.0,0.0,0.0,0.0,0.0,0.0,0.0,0.0,0.0,0.0,0.0,0.0,0.0,0.0,0.0,0.0,0.0,0.0,0.0,0.0,0.0,0.0,0.0,0.0,0.0,0.0,0.0,0.0,0.0,0.0,0.0,0.0,0.0,0.0,0.0,0.0,0.0,0.0,0.0,0.0,0.0,0.0,0.0,0.0,0.0,3.3473587665652417e-06,0.0,0.0,0.0,0.0,0.0,0.0,0.0,0.0,3.3473587665652417e-06,0.0,0.0,0.0,0.0,0.0,0.0,0.0,0.0,0.0,0.0,0.0,0.0,0.0,0.0,0.0,0.0,0.0,0.0,0.0,0.0,0.0,0.0,0.0,0.0,0.0,0.0,0.0,0.0,0.0,0.0,0.0,3.3473587665652417e-06,0.0,0.0,0.0,0.0,0.0,0.0,0.0,0.0,0.0,0.0,0.0,0.0,0.0,0.0,0.0,0.0,0.0,0.0,0.0,0.0,0.0,0.0,0.0,0.0,0.0,0.0,0.0,0.0,0.0,0.0,0.0,0.0,0.0,0.0,0.0,0.0,0.0,0.0,0.0,0.0,0.0,0.0,0.0,0.0,0.0,0.0,0.0,0.0,0.0,0.0,0.0,0.0,0.0,0.0,0.0,0.0,0.0,0.0,0.0,0.0,0.0,0.0,0.0,0.0,0.0,0.0,0.0,0.0,0.0,0.0,0.0,0.0,0.0,0.0,0.0,0.0,0.0,0.0,0.0,0.0,0.0,0.0,0.0,0.0,0.0,0.0,0.0,0.0,0.0,0.0,0.0,0.0,0.0,0.0,0.0,0.0,0.0,0.0,0.0,0.0,0.0,0.0,0.0,0.0,0.0,0.0,0.0,0.0,0.0,0.0,0.0,0.0,0.0,0.0,0.0,0.0,0.0,0.0,0.0,0.0,0.0,0.0,0.0,0.0,0.0,0.0,0.0,0.0,0.0,0.0,0.0,0.0,0.0,0.0,0.0,0.0,0.0,0.0,3.3473587665652417e-06,0.0,0.0,0.0,0.0,0.0,0.0,0.0,0.0,0.0,0.0,0.0,0.0,0.0,0.0,0.0,0.0,0.0,0.0,0.0,0.0,0.0,0.0,0.0,0.0,0.0,0.0,0.0,0.0,0.0,0.0,0.0,0.0,0.0,0.0,0.0,0.0,0.0,0.0,0.0,0.0,0.0,0.0,0.0,0.0,0.0,0.0,0.0,0.0,0.0,0.0,0.0,0.0,0.0,0.0,0.0,0.0,0.0,0.0,0.0,0.0,0.0,0.0,0.0,0.0,0.0,0.0,0.0,0.0,0.0,0.0,0.0,0.0,0.0,0.0,0.0,0.0,0.0,0.0,0.0,0.0,0.0,0.0,0.0,0.0,0.0,0.0,0.0,0.0,0.0,0.0,0.0,0.0,0.0,0.0,0.0,0.0,0.0,0.0,0.0,0.0
0.0,0.0,0.0,0.0,0.0,0.0,0.0,0.0,0.0,0.0,0.0,0.0,0.0,0.0,0.0,0.0,0.0,0.0,0.0,0.0,0.0,0.0,0.0,0.0,0.0,0.0,0.0,0.0,0.0,0.0,0.0,0.0,0.0,0.0,0.0,0.0,0.0,0.0,0.0,0.0,0.0,0.0,0.0,0.0,0.0,0.0,0.0,0.0,0.0,0.0,0.0,0.0,0.0,0.0,0.0,0.0,0.0,0.0,0.0,0.0,0.0,0.0,0.0,0.0,0.0,0.0,0.0,0.0,0.0,0.0,0.0,0.0,0.0,0.0,0.0,0.0,0.0,0.0,0.0,0.0,0.0,0.0,0.0,0.0,0.0,0.0,0.0,0.0,0.0,0.0,0.0,0.0,0.0,0.0,0.0,0.0,0.0,0.0,0.0,0.0,0.0,0.0,0.0,0.0,0.0,0.0,0.0,0.0,0.0,0.0,0.0,0.0,1.3389435066260967e-05,0.0,0.0,0.0,0.0,0.0,3.3473587665652417e-06,0.0,0.0,0.0,0.0,0.0,0.0,0.0,0.0,3.3473587665652417e-06,0.0,0.0,0.0,0.0,0.0,0.0,0.0,0.0,0.0,0.0,0.0,0.0,0.0,0.0,0.0,0.0,0.0,0.0,0.0,0.0,0.0,0.0,0.0,0.0,0.0,0.0,0.0,0.0,0.0,0.0,0.0,0.0,0.0,0.0,0.0,0.0,0.0,0.0,0.0,0.0,0.0,0.0,0.0,0.0,0.0,0.0,0.0,0.0,0.0,0.0,0.0,0.0,0.0,0.0,0.0,0.0,0.0,0.0,0.0,0.0,0.0,0.0,0.0,0.0,0.0,0.0,0.0,0.0,0.0,0.0,0.0,0.0,0.0,0.0,0.0,0.0,0.0,0.0,0.0,0.0,0.0,0.0,0.0,0.0,0.0,0.0,0.0,0.0,0.0,0.0,0.0,0.0,0.0,0.0,0.0,0.0,0.0,0.0,0.0,0.0,0.0,0.0,0.0,0.0,0.0,0.0,0.0,0.0,0.0,0.0,0.0,0.0,0.0,0.0,0.0,0.0,0.0,0.0,0.0,0.0,0.0,0.0,0.0,0.0,0.0,0.0,0.0,0.0,0.0,0.0,0.0,0.0,0.0,0.0,0.0,0.0,0.0,0.0,0.0,0.0,0.0,0.0,0.0,0.0,0.0,0.0,0.0,0.0,0.0,0.0,0.0,0.0,0.0,0.0,0.0,0.0,0.0,0.0,0.0,0.0,0.0,0.0,0.0,0.0,0.0,0.0,0.0,0.0,0.0,0.0,0.0,0.0,0.0,0.0,0.0,0.0,0.0,0.0,0.0,0.0,0.0,0.0,0.0,0.0,0.0,0.0,0.0,0.0,0.0,0.0,0.0,0.0,0.0,0.0,0.0,0.0,0.0,0.0,0.0,0.0,0.0,0.0,0.0,0.0,0.0,0.0,0.0,0.0,0.0,0.0,0.0,0.0,0.0,0.0,0.0,0.0,0.0,0.0,0.0,0.0,0.0,0.0,0.0,0.0,0.0,0.0,0.0,0.0,0.0,0.0,0.0,0.0
0.0,0.0,0.0,0.0,0.0,0.0,0.0,0.0,0.0,0.0,0.0,0.0,0.0,0.0,0.0,0.0,0.0,0.0,0.0,0.0,0.0,0.0,0.0,0.0,0.0,0.0,0.0,0.0,0.0,0.0,0.0,0.0,0.0,0.0,0.0,0.0,0.0,0.0,0.0,0.0,0.0,0.0,0.0,0.0,0.0,0.0,0.0,0.0,0.0,0.0,0.0,0.0,0.0,0.0,0.0,0.0,0.0,0.0,0.0,0.0,0.0,0.0,0.0,0.0,0.0,0.0,0.0,0.0,0.0,0.0,0.0,0.0,0.0,0.0,0.0,0.0,0.0,0.0,0.0,0.0,0.0,0.0,0.0,0.0,0.0,0.0,0.0,0.0,0.0,0.0,0.0,0.0,0.0,0.0,0.0,0.0,0.0,0.0,0.0,0.0,0.0,0.0,0.0,0.0,0.0,0.0,0.0,0.0,0.0,0.0,0.0,0.0,0.0,0.0,0.0,3.3473587665652417e-06,0.0,0.0,3.3473587665652417e-06,0.0,0.0,0.0,0.0,0.0,0.0,0.0,0.0,0.0,0.0,0.0,0.0,0.0,0.0,0.0,0.0,0.0,0.0,0.0,0.0,0.0,0.0,0.0,0.0,0.0,0.0,0.0,0.0,0.0,0.0,0.0,0.0,0.0,0.0,0.0,0.0,0.0,0.0,0.0,0.0,0.0,0.0,0.0,0.0,0.0,0.0,0.0,0.0,0.0,0.0,0.0,0.0,0.0,0.0,0.0,0.0,0.0,0.0,0.0,0.0,0.0,0.0,0.0,0.0,0.0,0.0,0.0,0.0,0.0,0.0,0.0,0.0,0.0,0.0,0.0,0.0,0.0,0.0,0.0,0.0,0.0,0.0,0.0,0.0,0.0,0.0,0.0,0.0,0.0,0.0,0.0,0.0,0.0,0.0,0.0,0.0,0.0,0.0,0.0,0.0,0.0,0.0,0.0,0.0,0.0,0.0,0.0,0.0,0.0,0.0,0.0,0.0,0.0,0.0,0.0,0.0,0.0,0.0,0.0,0.0,0.0,0.0,0.0,0.0,0.0,0.0,0.0,0.0,0.0,0.0,0.0,0.0,0.0,0.0,0.0,0.0,0.0,0.0,0.0,0.0,0.0,0.0,0.0,0.0,0.0,0.0,0.0,0.0,0.0,0.0,0.0,0.0,0.0,0.0,0.0,0.0,3.3473587665652417e-06,0.0,0.0,0.0,0.0,0.0,0.0,0.0,0.0,0.0,3.3473587665652417e-06,0.0,0.0,0.0,0.0,0.0,0.0,0.0,0.0,0.0,3.3473587665652417e-06,0.0,0.0,0.0,0.0,0.0,0.0,0.0,0.0,0.0,0.0,0.0,0.0,0.0,0.0,0.0,0.0,0.0,0.0,0.0,0.0,0.0,3.3473587665652417e-06,0.0,0.0,0.0,0.0,0.0,0.0,0.0,0.0,0.0,0.0,0.0,0.0,0.0,0.0,0.0,0.0,0.0,0.0,0.0,0.0,0.0,0.0,0.0,0.0,0.0,0.0,0.0,0.0,0.0,0.0,0.0,0.0,0.0,0.0,0.0,0.0,0.0,0.0,0.0,0.0,0.0,0.0
0.0,0.0,0.0,0.0,0.0,0.0,0.0,0.0,0.0,0.0,0.0,0.0,0.0,0.0,0.0,0.0,0.0,0.0,0.0,0.0,0.0,0.0,0.0,0.0,0.0,0.0,0.0,0.0,0.0,0.0,0.0,0.0,0.0,0.0,0.0,0.0,0.0,0.0,0.0,0.0,0.0,0.0,0.0,0.0,0.0,0.0,0.0,0.0,0.0,0.0,0.0,0.0,0.0,0.0,0.0,0.0,0.0,0.0,0.0,0.0,0.0,0.0,0.0,0.0,0.0,0.0,0.0,0.0,0.0,0.0,0.0,0.0,0.0,0.0,0.0,0.0,0.0,0.0,0.0,0.0,0.0,0.0,0.0,0.0,0.0,0.0,0.0,0.0,0.0,0.0,0.0,0.0,0.0,0.0,0.0,0.0,0.0,0.0,0.0,0.0,0.0,0.0,0.0,3.3473587665652417e-06,0.0,0.0,0.0,3.3473587665652417e-06,0.0,0.0,0.0,0.0,0.0,0.0,0.0,0.0,0.0,0.0,0.0,0.0,0.0,0.0,0.0,0.0,0.0,0.0,0.0,0.0,0.0,0.0,0.0,0.0,0.0,0.0,0.0,0.0,0.0,0.0,0.0,0.0,0.0,0.0,0.0,0.0,0.0,3.3473587665652417e-06,0.0,0.0,0.0,0.0,0.0,0.0,0.0,0.0,0.0,0.0,0.0,0.0,0.0,0.0,0.0,0.0,0.0,0.0,0.0,0.0,0.0,0.0,0.0,0.0,0.0,0.0,0.0,0.0,0.0,0.0,0.0,0.0,0.0,0.0,0.0,0.0,0.0,0.0,0.0,0.0,0.0,0.0,0.0,0.0,0.0,0.0,0.0,0.0,0.0,0.0,0.0,0.0,0.0,0.0,0.0,0.0,0.0,0.0,0.0,0.0,0.0,0.0,0.0,0.0,0.0,0.0,0.0,0.0,0.0,0.0,0.0,0.0,0.0,0.0,0.0,0.0,0.0,0.0,0.0,0.0,0.0,0.0,0.0,0.0,0.0,0.0,0.0,0.0,0.0,0.0,0.0,0.0,0.0,0.0,0.0,0.0,0.0,0.0,0.0,0.0,0.0,0.0,0.0,0.0,0.0,0.0,0.0,0.0,0.0,0.0,0.0,0.0,0.0,0.0,0.0,0.0,0.0,0.0,3.3473587665652417e-06,0.0,0.0,0.0,0.0,0.0,0.0,0.0,0.0,0.0,0.0,3.3473587665652417e-06,0.0,0.0,0.0,0.0,0.0,0.0,0.0,0.0,0.0,0.0,0.0,0.0,0.0,3.3473587665652417e-06,0.0,0.0,0.0,0.0,0.0,0.0,0.0,3.3473587665652417e-06,0.0,0.0,0.0,0.0,0.0,0.0,0.0,0.0,0.0,0.0,0.0,0.0,0.0,0.0,0.0,0.0,0.0,0.0,0.0,0.0,0.0,0.0,0.0,0.0,0.0,0.0,0.0,0.0,0.0,0.0,0.0,0.0,0.0,0.0,0.0,0.0,0.0,0.0,0.0,0.0,0.0,0.0,0.0,0.0,0.0,0.0,0.0,0.0,0.0,0.0,0.0,0.0,0.0,0.0,0.0,0.0,0.0,0.0,0.0,0.0,0.0,0.0
0.0,0.0,0.0,0.0,0.0,0.0,0.0,0.0,0.0,0.0,0.0,0.0,0.0,0.0,0.0,0.0,0.0,0.0,0.0,0.0,0.0,0.0,0.0,0.0,0.0,0.0,0.0,0.0,0.0,0.0,0.0,0.0,0.0,0.0,0.0,0.0,0.0,0.0,0.0,0.0,0.0,0.0,0.0,0.0,0.0,0.0,0.0,0.0,0.0,0.0,0.0,0.0,0.0,0.0,0.0,0.0,0.0,0.0,0.0,0.0,0.0,0.0,0.0,0.0,0.0,0.0,0.0,0.0,0.0,0.0,0.0,0.0,0.0,0.0,0.0,0.0,3.3473587665652417e-06,0.0,0.0,0.0,0.0,0.0,0.0,0.0,0.0,0.0,0.0,0.0,0.0,0.0,0.0,0.0,0.0,6.694717533130483e-06,0.0,0.0,0.0,0.0,0.0,0.0,0.0,0.0,0.0,0.0,0.0,0.0,0.0,3.3473587665652417e-06,0.0,0.0,0.0,0.0,0.0,0.0,0.0,0.0,0.0,0.0,0.0,0.0,0.0,0.0,0.0,0.0,0.0,0.0,0.0,0.0,0.0,3.3473587665652417e-06,0.0,0.0,0.0,0.0,0.0,0.0,0.0,0.0,0.0,0.0,0.0,0.0,0.0,0.0,0.0,0.0,0.0,0.0,0.0,0.0,0.0,0.0,0.0,0.0,0.0,0.0,0.0,0.0,0.0,0.0,0.0,0.0,0.0,0.0,0.0,0.0,0.0,0.0,0.0,0.0,0.0,0.0,0.0,0.0,0.0,0.0,0.0,0.0,0.0,0.0,0.0,0.0,0.0,0.0,0.0,0.0,0.0,0.0,0.0,0.0,0.0,0.0,0.0,0.0,0.0,0.0,0.0,0.0,0.0,0.0,0.0,0.0,0.0,0.0,0.0,0.0,0.0,0.0,0.0,0.0,0.0,0.0,0.0,0.0,0.0,0.0,0.0,0.0,0.0,0.0,0.0,0.0,0.0,0.0,0.0,0.0,0.0,0.0,0.0,0.0,0.0,0.0,0.0,0.0,0.0,0.0,0.0,0.0,0.0,0.0,0.0,0.0,0.0,0.0,0.0,0.0,0.0,0.0,0.0,0.0,0.0,0.0,0.0,0.0,0.0,0.0,0.0,0.0,0.0,0.0,0.0,0.0,0.0,0.0,0.0,0.0,0.0,0.0,3.3473587665652417e-06,0.0,0.0,0.0,0.0,3.3473587665652417e-06,0.0,3.3473587665652417e-06,0.0,0.0,0.0,0.0,0.0,0.0,0.0,0.0,0.0,0.0,3.3473587665652417e-06,0.0,0.0,3.3473587665652417e-06,0.0,0.0,0.0,0.0,0.0,0.0,0.0,0.0,0.0,0.0,0.0,0.0,0.0,0.0,0.0,0.0,0.0,0.0,0.0,0.0,0.0,0.0,0.0,0.0,0.0,0.0,0.0,0.0,0.0,0.0,0.0,0.0,0.0,0.0,0.0,0.0,0.0,0.0,0.0,0.0,0.0,0.0,0.0,0.0,0.0,0.0,0.0,0.0,0.0,0.0,0.0,0.0,0.0,0.0,0.0,0.0,0.0,0.0,0.0,0.0,0.0,0.0,0.0,0.0,0.0,0.0,0.0,0.0,0.0,0.0
0.0,0.0,0.0,0.0,0.0,0.0,0.0,0.0,0.0,0.0,0.0,0.0,0.0,0.0,0.0,0.0,0.0,0.0,0.0,0.0,0.0,0.0,0.0,0.0,0.0,0.0,0.0,0.0,0.0,0.0,0.0,0.0,0.0,0.0,0.0,0.0,0.0,0.0,0.0,0.0,0.0,0.0,0.0,0.0,0.0,0.0,0.0,0.0,0.0,0.0,0.0,0.0,0.0,0.0,0.0,0.0,0.0,0.0,0.0,0.0,0.0,0.0,0.0,0.0,0.0,0.0,0.0,0.0,0.0,0.0,0.0,0.0,0.0,0.0,0.0,0.0,0.0,0.0,0.0,0.0,0.0,0.0,0.0,0.0,0.0,0.0,0.0,0.0,0.0,0.0,0.0,0.0,0.0,0.0,0.0,3.3473587665652417e-06,0.0,0.0,0.0,3.3473587665652417e-06,3.3473587665652417e-06,0.0,0.0,0.0,0.0,0.0,0.0,0.0,0.0,0.0,0.0,0.0,0.0,0.0,0.0,0.0,0.0,0.0,0.0,0.0,0.0,0.0,0.0,0.0,0.0,0.0,0.0,0.0,0.0,0.0,0.0,0.0,0.0,0.0,0.0,6.694717533130483e-06,0.0,0.0,0.0,0.0,0.0,0.0,0.0,0.0,0.0,0.0,0.0,0.0,0.0,0.0,0.0,0.0,0.0,0.0,0.0,0.0,0.0,0.0,0.0,0.0,0.0,0.0,0.0,0.0,0.0,0.0,0.0,0.0,0.0,0.0,0.0,0.0,0.0,0.0,0.0,0.0,0.0,0.0,0.0,0.0,0.0,0.0,0.0,0.0,0.0,0.0,0.0,0.0,0.0,0.0,0.0,0.0,0.0,0.0,0.0,0.0,0.0,0.0,0.0,0.0,0.0,0.0,0.0,0.0,0.0,0.0,0.0,0.0,0.0,0.0,0.0,0.0,0.0,0.0,0.0,0.0,0.0,0.0,0.0,0.0,0.0,0.0,0.0,0.0,0.0,0.0,0.0,0.0,0.0,0.0,0.0,0.0,0.0,0.0,0.0,0.0,0.0,0.0,0.0,0.0,0.0,0.0,0.0,0.0,0.0,0.0,0.0,0.0,0.0,0.0,0.0,0.0,0.0,0.0,0.0,0.0,0.0,3.3473587665652417e-06,0.0,0.0,0.0,0.0,0.0,0.0,0.0,0.0,0.0,0.0,3.3473587665652417e-06,0.0,0.0,0.0,0.0,0.0,0.0,3.3473587665652417e-06,0.0,0.0,0.0,0.0,0.0,0.0,0.0,0.0,0.0,0.0,0.0,0.0,0.0,3.3473587665652417e-06,0.0,0.0,0.0,0.0,0.0,0.0,0.0,0.0,0.0,0.0,0.0,0.0,0.0,0.0,0.0,0.0,0.0,0.0,0.0,0.0,0.0,0.0,0.0,0.0,0.0,0.0,0.0,0.0,0.0,0.0,0.0,0.0,0.0,0.0,0.0,0.0,0.0,0.0,0.0,0.0,0.0,0.0,0.0,0.0,0.0,0.0,0.0,0.0,0.0,0.0,0.0,0.0,0.0,0.0,0.0,0.0,0.0,0.0,0.0,0.0,0.0,0.0,0.0,0.0,0.0,0.0,0.0,0.0,0.0,0.0
0.0,0.0,0.0,0.0,0.0,0.0,0.0,0.0,0.0,0.0,0.0,0.0,0.0,0.0,0.0,0.0,0.0,0.0,0.0,0.0,0.0,0.0,0.0,0.0,0.0,0.0,0.0,0.0,0.0,0.0,0.0,0.0,0.0,0.0,0.0,0.0,0.0,0.0,0.0,0.0,0.0,0.0,0.0,0.0,0.0,0.0,0.0,0.0,0.0,0.0,0.0,0.0,0.0,0.0,0.0,0.0,0.0,0.0,0.0,0.0,0.0,0.0,0.0,0.0,0.0,0.0,0.0,0.0,0.0,0.0,3.3473587665652417e-06,0.0,0.0,0.0,0.0,0.0,0.0,0.0,0.0,0.0,0.0,0.0,0.0,0.0,0.0,0.0,0.0,0.0,0.0,0.0,0.0,0.0,3.3473587665652417e-06,0.0,0.0,0.0,0.0,0.0,0.0,0.0,0.0,0.0,0.0,0.0,0.0,0.0,0.0,0.0,0.0,0.0,0.0,0.0,0.0,0.0,0.0,0.0,0.0,0.0,0.0,0.0,0.0,0.0,0.0,0.0,0.0,0.0,0.0,0.0,0.0,0.0,0.0,0.0,0.0,0.0,0.0,0.0,0.0,0.0,0.0,0.0,0.0,0.0,0.0,0.0,0.0,0.0,0.0,0.0,0.0,0.0,0.0,0.0,0.0,0.0,0.0,0.0,0.0,0.0,0.0,0.0,0.0,0.0,0.0,0.0,0.0,0.0,0.0,0.0,0.0,0.0,0.0,0.0,0.0,0.0,0.0,0.0,0.0,0.0,0.0,0.0,0.0,0.0,0.0,0.0,0.0,0.0,0.0,0.0,0.0,0.0,0.0,0.0,0.0,0.0,0.0,0.0,0.0,0.0,0.0,0.0,0.0,0.0,0.0,0.0,0.0,0.0,0.0,0.0,0.0,0.0,0.0,0.0,0.0,0.0,0.0,0.0,0.0,0.0,0.0,0.0,0.0,0.0,0.0,0.0,0.0,0.0,0.0,0.0,0.0,0.0,0.0,0.0,0.0,0.0,0.0,0.0,0.0,3.3473587665652417e-06,0.0,3.3473587665652417e-06,0.0,3.3473587665652417e-06,0.0,0.0,0.0,0.0,0.0,0.0,0.0,0.0,0.0,0.0,0.0,0.0,0.0,0.0,0.0,0.0,0.0,0.0,0.0,0.0,0.0,0.0,0.0,0.0,0.0,0.0,3.3473587665652417e-06,0.0,0.0,0.0,0.0,0.0,1.0042076299695725e-05,0.0,0.0,0.0,0.0,0.0,0.0,0.0,0.0,0.0,0.0,0.0,0.0,0.0,0.0,0.0,0.0,0.0,0.0,0.0,0.0,0.0,0.0,0.0,0.0,0.0,0.0,0.0,0.0,0.0,0.0,0.0,0.0,0.0,0.0,0.0,0.0,0.0,0.0,0.0,0.0,0.0,0.0,0.0,0.0,0.0,0.0,0.0,0.0,0.0,0.0,0.0,0.0,0.0,3.3473587665652417e-06,0.0,0.0,0.0,0.0,0.0,0.0,0.0,0.0,0.0,0.0,0.0,3.3473587665652417e-06,0.0,0.0,0.0,0.0,0.0,0.0,0.0,0.0,0.0,0.0,0.0,0.0,0.0,0.0,0.0,0.0,0.0,0.0,0.0
0.0,0.0,0.0,0.0,0.0,0.0,0.0,0.0,0.0,0.0,0.0,0.0,0.0,0.0,0.0,0.0,0.0,0.0,0.0,0.0,0.0,0.0,0.0,0.0,0.0,0.0,0.0,0.0,0.0,0.0,0.0,0.0,0.0,0.0,0.0,0.0,0.0,0.0,0.0,0.0,0.0,0.0,0.0,0.0,0.0,0.0,0.0,0.0,0.0,0.0,0.0,0.0,0.0,0.0,0.0,0.0,0.0,0.0,0.0,0.0,0.0,0.0,0.0,0.0,0.0,0.0,0.0,0.0,0.0,0.0,0.0,0.0,0.0,0.0,0.0,0.0,0.0,0.0,0.0,0.0,0.0,0.0,0.0,0.0,0.0,0.0,0.0,0.0,0.0,0.0,3.3473587665652417e-06,0.0,0.0,0.0,0.0,0.0,0.0,0.0,0.0,0.0,0.0,0.0,0.0,0.0,0.0,0.0,0.0,0.0,0.0,0.0,0.0,0.0,0.0,6.694717533130483e-06,0.0,0.0,0.0,0.0,0.0,0.0,0.0,0.0,0.0,0.0,0.0,0.0,0.0,0.0,0.0,0.0,0.0,0.0,0.0,0.0,0.0,0.0,0.0,0.0,0.0,0.0,0.0,0.0,0.0,0.0,0.0,0.0,0.0,0.0,0.0,0.0,0.0,0.0,0.0,0.0,0.0,0.0,0.0,0.0,0.0,0.0,0.0,0.0,0.0,0.0,0.0,0.0,0.0,0.0,0.0,0.0,0.0,0.0,0.0,0.0,0.0,0.0,0.0,0.0,0.0,0.0,0.0,0.0,0.0,0.0,0.0,0.0,0.0,0.0,0.0,0.0,0.0,0.0,0.0,0.0,0.0,0.0,0.0,0.0,0.0,0.0,0.0,0.0,0.0,0.0,0.0,0.0,0.0,0.0,0.0,0.0,0.0,0.0,0.0,0.0,0.0,0.0,0.0,0.0,3.3473587665652417e-06,0.0,0.0,0.0,0.0,0.0,0.0,0.0,0.0,0.0,0.0,0.0,0.0,0.0,0.0,0.0,0.0,0.0,0.0,0.0,0.0,0.0,0.0,0.0,0.0,0.0,0.0,0.0,0.0,0.0,0.0,0.0,0.0,0.0,0.0,0.0,0.0,0.0,0.0,0.0,0.0,0.0,0.0,0.0,0.0,0.0,0.0,0.0,0.0,0.0,0.0,0.0,0.0,0.0,0.0,0.0,0.0,0.0,0.0,0.0,0.0,0.0,0.0,0.0,0.0,0.0,0.0,0.0,0.0,0.0,0.0,0.0,0.0,0.0,0.0,0.0,0.0,0.0,0.0,0.0,0.0,0.0,0.0,0.0,0.0,0.0,0.0,0.0,0.0,0.0,0.0,0.0,0.0,0.0,0.0,0.0,0.0,0.0,0.0,0.0,0.0,0.0,0.0,0.0,0.0,0.0,0.0,0.0,0.0,0.0,0.0,0.0,0.0,0.0,0.0,0.0,0.0,0.0,0.0,0.0,0.0,0.0,0.0,0.0,0.0,0.0,0.0,0.0,0.0,0.0,0.0,0.0,0.0,0.0,0.0,0.0,0.0,0.0,0.0,0.0,0.0,0.0
0.0,0.0,0.0,0.0,0.0,0.0,0.0,0.0,0.0,0.0,0.0,0.0,0.0,0.0,0.0,0.0,0.0,0.0,0.0,0.0,0.0,0.0,0.0,0.0,3.3473587665652417e-06,0.0,0.0,0.0,0.0,0.0,0.0,0.0,0.0,0.0,0.0,0.0,0.0,0.0,0.0,0.0,0.0,0.0,0.0,0.0,0.0,0.0,0.0,0.0,0.0,0.0,0.0,0.0,0.0,0.0,0.0,0.0,0.0,0.0,0.0,0.0,0.0,0.0,0.0,0.0,0.0,0.0,0.0,0.0,0.0,0.0,0.0,0.0,0.0,0.0,0.0,0.0,0.0,0.0,0.0,0.0,0.0,0.0,0.0,0.0,0.0,0.0,0.0,0.0,0.0,0.0,0.0,0.0,0.0,0.0,0.0,0.0,0.0,0.0,0.0,0.0,0.0,0.0,0.0,0.0,0.0,0.0,0.0,0.0,0.0,0.0,0.0,0.0,0.0,0.0,0.0,0.0,0.0,0.0,0.0,0.0,0.0,0.0,0.0,0.0,0.0,0.0,0.0,0.0,0.0,0.0,0.0,0.0,0.0,0.0,0.0,0.0,0.0,0.0,0.0,0.0,0.0,0.0,0.0,0.0,0.0,0.0,0.0,0.0,0.0,0.0,0.0,0.0,0.0,0.0,0.0,0.0,0.0,0.0,0.0,0.0,0.0,0.0,0.0,0.0,0.0,0.0,0.0,0.0,0.0,0.0,0.0,0.0,0.0,0.0,0.0,0.0,0.0,0.0,0.0,0.0,0.0,0.0,0.0,0.0,0.0,0.0,0.0,0.0,0.0,0.0,0.0,0.0,0.0,0.0,0.0,0.0,0.0,0.0,0.0,0.0,0.0,0.0,0.0,0.0,0.0,0.0,0.0,0.0,0.0,0.0,0.0,0.0,0.0,0.0,0.0,0.0,0.0,0.0,0.0,0.0,0.0,0.0,0.0,0.0,0.0,0.0,0.0,0.0,0.0,0.0,0.0,0.0,0.0,0.0,0.0,0.0,0.0,0.0,0.0,0.0,0.0,0.0,0.0,0.0,0.0,0.0,0.0,0.0,0.0,0.0,0.0,0.0,0.0,0.0,0.0,0.0,0.0,0.0,0.0,0.0,0.0,0.0,0.0,0.0,0.0,0.0,0.0,0.0,0.0,0.0,0.0,0.0,0.0,0.0,0.0,0.0,0.0,0.0,0.0,0.0,0.0,0.0,0.0,0.0,0.0,0.0,0.0,0.0,0.0,0.0,6.694717533130483e-06,0.0,0.0,0.0,0.0,0.0,0.0,0.0,0.0,0.0,0.0,0.0,0.0,0.0,0.0,0.0,0.0,0.0,0.0,0.0,0.0,0.0,0.0,0.0,0.0,0.0,0.0,0.0,0.0,0.0,0.0,0.0,0.0,0.0,0.0,0.0,0.0,0.0,0.0,0.0,0.0,0.0,0.0,0.0,0.0,0.0,0.0,0.0,0.0,0.0,0.0,0.0,0.0,0.0,0.0,0.0,0.0,0.0,0.0,0.0,0.0,0.0,0.0,0.0,0.0,0.0,0.0,0.0,0.0,0.0
0.0,0.0,0.0,0.0,0.0,0.0,0.0,0.0,0.0,0.0,0.0,0.0,0.0,0.0,0.0,0.0,0.0,0.0,0.0,0.0,0.0,0.0,0.0,0.0,0.0,0.0,0.0,0.0,0.0,0.0,0.0,0.0,0.0,0.0,0.0,0.0,0.0,0.0,0.0,0.0,0.0,0.0,0.0,0.0,0.0,0.0,0.0,0.0,0.0,0.0,0.0,0.0,0.0,0.0,0.0,0.0,0.0,0.0,0.0,0.0,0.0,0.0,0.0,0.0,0.0,0.0,0.0,0.0,0.0,0.0,0.0,0.0,0.0,0.0,0.0,0.0,0.0,0.0,0.0,0.0,0.0,0.0,0.0,0.0,0.0,3.3473587665652417e-06,0.0,0.0,0.0,0.0,3.3473587665652417e-06,0.0,0.0,0.0,0.0,0.0,3.3473587665652417e-06,0.0,0.0,0.0,6.694717533130483e-06,0.0,0.0,0.0,0.0,0.0,3.3473587665652417e-06,0.0,0.0,0.0,0.0,0.0,0.0,0.0,0.0,0.0,0.0,0.0,0.0,0.0,0.0,0.0,0.0,0.0,0.0,0.0,0.0,0.0,0.0,0.0,0.0,0.0,0.0,0.0,0.0,0.0,0.0,0.0,0.0,0.0,0.0,0.0,0.0,0.0,0.0,0.0,0.0,0.0,0.0,0.0,0.0,0.0,0.0,0.0,0.0,0.0,0.0,0.0,0.0,0.0,0.0,0.0,0.0,0.0,0.0,0.0,0.0,0.0,0.0,0.0,0.0,0.0,0.0,0.0,0.0,0.0,0.0,0.0,0.0,0.0,0.0,0.0,0.0,0.0,0.0,0.0,0.0,0.0,0.0,0.0,0.0,0.0,0.0,0.0,0.0,0.0,0.0,0.0,0.0,0.0,0.0,0.0,0.0,0.0,0.0,0.0,0.0,0.0,0.0,0.0,0.0,0.0,0.0,0.0,0.0,0.0,0.0,0.0,0.0,0.0,0.0,0.0,0.0,0.0,0.0,0.0,0.0,0.0,0.0,0.0,0.0,0.0,0.0,0.0,0.0,0.0,0.0,0.0,0.0,0.0,0.0,0.0,0.0,0.0,0.0,0.0,0.0,0.0,0.0,0.0,0.0,0.0,0.0,0.0,0.0,0.0,0.0,0.0,0.0,0.0,0.0,3.3473587665652417e-06,0.0,0.0,0.0,0.0,0.0,0.0,0.0,0.0,0.0,0.0,0.0,0.0,0.0,0.0,0.0,0.0,0.0,0.0,0.0,0.0,0.0,0.0,0.0,0.0,0.0,0.0,0.0,0.0,0.0,0.0,0.0,0.0,0.0,0.0,0.0,0.0,0.0,0.0,0.0,0.0,0.0,0.0,0.0,3.3473587665652417e-06,0.0,0.0,0.0,0.0,0.0,0.0,0.0,0.0,0.0,0.0,0.0,0.0,0.0,0.0,0.0,0.0,0.0,0.0,0.0,0.0,0.0,0.0,0.0,0.0,0.0,0.0,0.0,0.0,0.0,0.0,0.0,0.0,0.0,0.0,0.0,0.0,0.0,0.0,0.0,0.0,0.0,0.0,0.0,0.0,0.0,0.0,0.0,0.0,0.0,0.0,0.0,0.0,0.0,0.0
0.0,0.0,0.0,0.0,0.0,0.0,0.0,0.0,0.0,0.0,0.0,0.0,0.0,0.0,0.0,0.0,0.0,0.0,0.0,0.0,0.0,0.0,0.0,0.0,0.0,0.0,0.0,0.0,0.0,0.0,0.0,0.0,0.0,0.0,0.0,0.0,0.0,0.0,0.0,0.0,0.0,0.0,0.0,0.0,0.0,0.0,0.0,0.0,0.0,0.0,0.0,0.0,0.0,0.0,0.0,0.0,0.0,0.0,0.0,0.0,0.0,0.0,0.0,0.0,0.0,0.0,0.0,0.0,0.0,0.0,0.0,0.0,0.0,0.0,0.0,0.0,0.0,0.0,0.0,0.0,0.0,0.0,3.3473587665652417e-06,0.0,0.0,0.0,0.0,0.0,0.0,0.0,0.0,0.0,3.3473587665652417e-06,0.0,0.0,0.0,0.0,0.0,0.0,0.0,0.0,0.0,0.0,0.0,0.0,0.0,0.0,0.0,0.0,0.0,0.0,0.0,0.0,0.0,0.0,0.0,0.0,0.0,0.0,0.0,0.0,0.0,0.0,0.0,0.0,0.0,0.0,0.0,0.0,0.0,0.0,0.0,0.0,0.0,0.0,0.0,0.0,0.0,0.0,0.0,0.0,0.0,0.0,0.0,0.0,0.0,0.0,0.0,0.0,0.0,0.0,0.0,0.0,0.0,0.0,0.0,0.0,0.0,0.0,0.0,0.0,0.0,0.0,0.0,0.0,0.0,0.0,0.0,0.0,0.0,0.0,0.0,0.0,0.0,0.0,0.0,0.0,0.0,0.0,0.0,0.0,0.0,0.0,0.0,0.0,0.0,0.0,0.0,0.0,0.0,0.0,0.0,0.0,0.0,0.0,3.3473587665652417e-06,0.0,0.0,0.0,0.0,0.0,0.0,0.0,0.0,0.0,0.0,0.0,0.0,0.0,0.0,0.0,0.0,0.0,0.0,0.0,0.0,0.0,0.0,0.0,0.0,0.0,0.0,0.0,0.0,0.0,0.0,0.0,0.0,0.0,0.0,0.0,0.0,0.0,0.0,0.0,0.0,0.0,0.0,0.0,3.3473587665652417e-06,0.0,0.0,0.0,0.0,0.0,0.0,0.0,0.0,0.0,0.0,0.0,0.0,0.0,0.0,0.0,0.0,0.0,0.0,0.0,0.0,0.0,0.0,0.0,0.0,0.0,0.0,0.0,0.0,0.0,0.0,0.0,0.0,0.0,0.0,0.0,0.0,0.0,0.0,0.0,0.0,0.0,0.0,0.0,0.0,0.0,0.0,0.0,0.0,0.0,0.0,0.0,0.0,0.0,0.0,0.0,0.0,0.0,0.0,3.3473587665652417e-06,0.0,0.0,0.0,0.0,0.0,0.0,0.0,0.0,0.0,0.0,0.0,0.0,0.0,0.0,0.0,0.0,0.0,0.0,0.0,0.0,0.0,0.0,0.0,0.0,0.0,0.0,0.0,0.0,0.0,0.0,0.0,0.0,0.0,0.0,0.0,0.0,0.0,0.0,0.0,0.0,0.0,0.0,0.0,0.0,0.0,0.0,0.0,0.0,0.0,0.0,0.0,0.0,0.0,0.0,0.0,0.0,0.0,0.0,0.0,0.0,0.0
0.0,0.0,0.0,0.0,0.0,0.0,0.0,0.0,0.0,0.0,0.0,0.0,0.0,0.0,0.0,0.0,0.0,0.0,0.0,0.0,0.0,0.0,0.0,0.0,0.0,0.0,0.0,0.0,0.0,0.0,0.0,0.0,0.0,0.0,0.0,0.0,0.0,0.0,0.0,0.0,0.0,0.0,0.0,0.0,0.0,0.0,0.0,0.0,0.0,0.0,0.0,0.0,0.0,0.0,0.0,0.0,0.0,0.0,0.0,0.0,0.0,0.0,0.0,0.0,0.0,0.0,0.0,0.0,0.0,0.0,0.0,0.0,0.0,0.0,0.0,0.0,0.0,0.0,0.0,0.0,0.0,0.0,0.0,0.0,0.0,0.0,0.0,0.0,0.0,0.0,0.0,0.0,0.0,0.0,0.0,0.0,0.0,0.0,0.0,0.0,0.0,0.0,0.0,0.0,0.0,0.0,0.0,0.0,0.0,0.0,0.0,0.0,0.0,0.0,0.0,0.0,0.0,0.0,0.0,0.0,0.0,0.0,0.0,0.0,0.0,0.0,0.0,6.694717533130483e-06,0.0,0.0,0.0,0.0,0.0,0.0,0.0,0.0,0.0,0.0,0.0,0.0,0.0,0.0,0.0,0.0,0.0,0.0,0.0,0.0,0.0,0.0,0.0,0.0,0.0,0.0,0.0,0.0,0.0,0.0,0.0,0.0,0.0,0.0,0.0,0.0,0.0,0.0,0.0,0.0,0.0,0.0,0.0,0.0,0.0,0.0,0.0,0.0,0.0,0.0,0.0,0.0,0.0,0.0,0.0,0.0,0.0,0.0,0.0,0.0,0.0,0.0,0.0,0.0,0.0,0.0,0.0,0.0,0.0,0.0,0.0,0.0,6.694717533130483e-06,0.0,0.0,0.0,0.0,0.0,0.0,0.0,0.0,0.0,0.0,0.0,0.0,0.0,0.0,0.0,0.0,0.0,0.0,0.0,0.0,0.0,0.0,0.0,0.0,3.3473587665652417e-06,0.0,0.0,0.0,0.0,0.0,0.0,0.0,0.0,0.0,0.0,0.0,0.0,0.0,0.0,0.0,0.0,0.0,0.0,0.0,0.0,0.0,0.0,0.0,0.0,0.0,0.0,0.0,0.0,0.0,0.0,0.0,0.0,0.0,0.0,0.0,0.0,3.3473587665652417e-06,0.0,0.0,0.0,0.0,0.0,0.0,3.3473587665652417e-06,0.0,0.0,0.0,3.3473587665652417e-06,0.0,0.0,0.0,0.0,0.0,0.0,0.0,0.0,0.0,0.0,0.0,0.0,0.0,0.0,0.0,0.0,0.0,0.0,0.0,0.0,0.0,0.0,0.0,0.0,0.0,0.0,0.0,0.0,0.0,0.0,0.0,0.0,0.0,0.0,0.0,0.0,0.0,0.0,0.0,0.0,0.0,0.0,0.0,0.0,0.0,0.0,0.0,0.0,0.0,0.0,0.0,0.0,0.0,0.0,0.0,0.0,0.0,0.0,0.0,0.0,0.0,0.0,0.0,0.0,0.0,0.0,0.0,0.0,0.0,0.0,0.0,0.0,0.0,0.0,0.0,0.0,0.0,0.0,0.0,0.0,0.0,0.0,0.0,0.0,0.0,0.0
0.0,0.0,0.0,0.0,0.0,0.0,0.0,0.0,0.0,0.0,0.0,0.0,0.0,0.0,0.0,0.0,0.0,0.0,0.0,0.0,0.0,0.0,0.0,0.0,0.0,0.0,0.0,0.0,0.0,0.0,0.0,0.0,0.0,0.0,0.0,0.0,0.0,0.0,0.0,0.0,0.0,0.0,0.0,0.0,0.0,0.0,0.0,0.0,0.0,0.0,0.0,0.0,0.0,0.0,0.0,0.0,0.0,0.0,0.0,0.0,0.0,0.0,0.0,0.0,0.0,0.0,0.0,0.0,0.0,0.0,0.0,0.0,0.0,0.0,0.0,0.0,0.0,0.0,0.0,0.0,0.0,0.0,0.0,0.0,0.0,0.0,0.0,0.0,0.0,0.0,0.0,0.0,0.0,0.0,0.0,0.0,0.0,0.0,0.0,0.0,0.0,0.0,0.0,0.0,0.0,0.0,0.0,0.0,0.0,0.0,0.0,0.0,0.0,0.0,0.0,0.0,0.0,0.0,0.0,0.0,0.0,0.0,0.0,0.0,0.0,0.0,0.0,0.0,0.0,0.0,0.0,0.0,0.0,0.0,0.0,0.0,0.0,0.0,0.0,0.0,0.0,0.0,0.0,0.0,0.0,0.0,0.0,0.0,0.0,0.0,0.0,0.0,0.0,0.0,0.0,0.0,0.0,0.0,0.0,0.0,0.0,0.0,0.0,0.0,0.0,0.0,0.0,0.0,0.0,0.0,0.0,0.0,0.0,0.0,0.0,0.0,0.0,0.0,0.0,0.0,0.0,0.0,0.0,0.0,0.0,0.0,0.0,0.0,0.0,0.0,0.0,0.0,0.0,0.0,0.0,0.0,0.0,0.0,0.0,0.0,0.0,0.0,0.0,0.0,0.0,0.0,0.0,0.0,0.0,0.0,0.0,0.0,0.0,0.0,0.0,0.0,0.0,0.0,0.0,0.0,0.0,0.0,0.0,0.0,0.0,0.0,0.0,0.0,0.0,0.0,0.0,0.0,0.0,0.0,0.0,0.0,0.0,0.0,0.0,6.694717533130483e-06,0.0,0.0,0.0,0.0,0.0,0.0,0.0,0.0,0.0,0.0,0.0,0.0,0.0,3.3473587665652417e-06,6.694717533130483e-06,0.0,0.0,0.0,0.0,0.0,0.0,0.0,0.0,0.0,0.0,0.0,0.0,0.0,0.0,0.0,0.0,0.0,0.0,0.0,0.0,0.0,0.0,0.0,0.0,0.0,0.0,3.3473587665652417e-06,0.0,0.0,0.0,0.0,0.0,0.0,0.0,0.0,0.0,0.0,0.0,0.0,0.0,0.0,0.0,0.0,0.0,0.0,0.0,0.0,0.0,0.0,0.0,0.0,0.0,0.0,0.0,0.0,0.0,0.0,0.0,0.0,0.0,0.0,0.0,0.0,0.0,0.0,0.0,0.0,0.0,0.0,0.0,0.0,0.0,0.0,0.0,0.0,0.0,0.0,0.0,0.0,0.0,0.0,0.0,0.0,0.0,0.0,0.0,0.0,0.0,0.0,0.0,0.0,0.0,0.0,0.0,0.0,0.0,0.0,0.0,0.0,0.0,0.0,0.0,0.0,0.0,0.0
0.0,0.0,0.0,0.0,0.0,0.0,0.0,0.0,0.0,0.0,0.0,0.0,0.0,0.0,0.0,0.0,0.0,0.0,0.0,0.0,0.0,0.0,0.0,0.0,0.0,0.0,0.0,0.0,0.0,0.0,0.0,0.0,0.0,0.0,0.0,0.0,0.0,0.0,0.0,0.0,0.0,0.0,0.0,0.0,0.0,0.0,0.0,0.0,0.0,0.0,0.0,0.0,0.0,0.0,0.0,0.0,0.0,0.0,0.0,0.0,0.0,0.0,0.0,0.0,0.0,0.0,0.0,0.0,0.0,0.0,0.0,0.0,0.0,0.0,0.0,0.0,0.0,0.0,0.0,0.0,0.0,0.0,0.0,0.0,0.0,0.0,0.0,0.0,0.0,0.0,0.0,0.0,0.0,0.0,0.0,0.0,0.0,0.0,0.0,0.0,0.0,0.0,0.0,0.0,0.0,0.0,0.0,0.0,0.0,0.0,0.0,0.0,0.0,0.0,0.0,0.0,0.0,0.0,0.0,6.694717533130483e-06,0.0,0.0,0.0,0.0,0.0,0.0,0.0,0.0,0.0,0.0,0.0,0.0,0.0,0.0,0.0,0.0,0.0,0.0,0.0,0.0,0.0,0.0,0.0,0.0,0.0,0.0,0.0,0.0,0.0,0.0,0.0,0.0,0.0,0.0,0.0,0.0,0.0,0.0,0.0,0.0,0.0,0.0,0.0,0.0,0.0,0.0,0.0,0.0,0.0,0.0,0.0,0.0,0.0,0.0,0.0,0.0,0.0,0.0,0.0,0.0,0.0,0.0,0.0,0.0,0.0,3.3473587665652417e-06,0.0,0.0,0.0,0.0,0.0,0.0,0.0,0.0,0.0,0.0,0.0,0.0,0.0,0.0,0.0,0.0,0.0,0.0,0.0,0.0,0.0,0.0,0.0,0.0,0.0,0.0,0.0,0.0,0.0,0.0,0.0,0.0,0.0,0.0,0.0,0.0,0.0,0.0,0.0,0.0,0.0,0.0,0.0,0.0,0.0,0.0,0.0,0.0,0.0,0.0,0.0,0.0,0.0,3.3473587665652417e-06,0.0,0.0,3.3473587665652417e-06,0.0,0.0,0.0,3.3473587665652417e-06,0.0,0.0,0.0,0.0,0.0,0.0,0.0,0.0,0.0,0.0,0.0,0.0,0.0,0.0,0.0,0.0,0.0,0.0,0.0,6.694717533130483e-06,0.0,0.0,0.0,0.0,0.0,0.0,0.0,0.0,0.0,0.0,0.0,0.0,0.0,0.0,0.0,0.0,0.0,0.0,0.0,0.0,0.0,0.0,0.0,0.0,0.0,0.0,0.0,0.0,0.0,0.0,0.0,0.0,0.0,0.0,0.0,0.0,0.0,0.0,0.0,0.0,0.0,0.0,0.0,0.0,0.0,0.0,0.0,0.0,0.0,0.0,0.0,0.0,0.0,0.0,0.0,0.0,0.0,0.0,0.0,0.0,0.0,0.0,0.0,0.0,0.0,0.0,0.0,0.0,0.0,0.0,0.0,0.0,0.0,0.0,0.0,0.0,0.0,0.0,0.0,0.0,0.0,0.0,0.0,0.0,0.0,0.0,0.0,0.0,0.0,0.0,0.0,0.0,0.0
0.0,0.0,0.0,0.0,0.0,0.0,0.0,0.0,0.0,0.0,0.0,0.0,0.0,0.0,0.0,0.0,0.0,0.0,0.0,0.0,0.0,0.0,0.0,0.0,0.0,0.0,0.0,0.0,0.0,0.0,0.0,0.0,0.0,0.0,0.0,0.0,0.0,0.0,0.0,0.0,0.0,0.0,0.0,0.0,0.0,0.0,0.0,0.0,0.0,0.0,0.0,0.0,0.0,0.0,0.0,0.0,0.0,0.0,0.0,0.0,0.0,0.0,0.0,0.0,0.0,0.0,0.0,0.0,0.0,0.0,0.0,0.0,0.0,0.0,0.0,0.0,0.0,0.0,0.0,0.0,0.0,0.0,0.0,0.0,0.0,0.0,0.0,0.0,0.0,0.0,0.0,0.0,0.0,0.0,0.0,0.0,0.0,0.0,0.0,0.0,0.0,0.0,0.0,0.0,0.0,0.0,0.0,0.0,0.0,0.0,0.0,0.0,0.0,0.0,0.0,0.0,0.0,0.0,0.0,0.0,0.0,0.0,0.0,0.0,0.0,0.0,0.0,0.0,0.0,0.0,0.0,0.0,0.0,0.0,0.0,0.0,0.0,0.0,0.0,0.0,0.0,0.0,0.0,0.0,0.0,0.0,0.0,0.0,0.0,0.0,0.0,0.0,0.0,0.0,0.0,0.0,0.0,0.0,0.0,0.0,0.0,0.0,0.0,0.0,0.0,0.0,0.0,0.0,0.0,0.0,0.0,0.0,0.0,0.0,0.0,0.0,0.0,0.0,0.0,0.0,0.0,0.0,0.0,0.0,0.0,0.0,0.0,0.0,0.0,0.0,0.0,0.0,0.0,0.0,0.0,0.0,0.0,0.0,0.0,0.0,0.0,0.0,0.0,0.0,0.0,0.0,0.0,0.0,0.0,0.0,0.0,0.0,0.0,0.0,0.0,0.0,0.0,0.0,0.0,0.0,0.0,0.0,0.0,0.0,0.0,0.0,0.0,0.0,0.0,0.0,0.0,0.0,0.0,0.0,0.0,0.0,0.0,0.0,0.0,0.0,0.0,0.0,0.0,0.0,0.0,0.0,0.0,0.0,0.0,0.0,0.0,0.0,0.0,0.0,0.0,0.0,0.0,3.3473587665652417e-06,0.0,0.0,0.0,0.0,0.0,0.0,0.0,0.0,0.0,3.3473587665652417e-06,0.0,0.0,0.0,0.0,0.0,0.0,0.0,0.0,0.0,0.0,0.0,0.0,0.0,0.0,0.0,0.0,0.0,0.0,0.0,0.0,3.3473587665652417e-06,0.0,0.0,0.0,0.0,0.0,0.0,0.0,0.0,0.0,0.0,0.0,0.0,0.0,0.0,0.0,0.0,0.0,0.0,0.0,0.0,0.0,0.0,0.0,0.0,0.0,0.0,0.0,0.0,0.0,0.0,0.0,0.0,0.0,0.0,0.0,0.0,0.0,0.0,0.0,0.0,0.0,0.0,0.0,0.0,0.0,0.0,0.0,0.0,0.0,0.0,0.0,0.0,0.0,0.0,0.0,0.0,0.0,0.0,0.0,0.0,0.0,0.0,0.0,0.0,0.0,0.0,0.0,0.0,0.0,0.0,0.0
0.0,0.0,0.0,0.0,0.0,0.0,0.0,0.0,0.0,0.0,0.0,0.0,0.0,0.0,0.0,0.0,0.0,0.0,0.0,0.0,0.0,0.0,0.0,0.0,0.0,0.0,0.0,0.0,0.0,0.0,0.0,0.0,0.0,0.0,0.0,0.0,0.0,0.0,0.0,0.0,0.0,0.0,0.0,0.0,0.0,0.0,0.0,0.0,0.0,0.0,0.0,0.0,0.0,0.0,0.0,0.0,0.0,0.0,0.0,0.0,0.0,3.3473587665652417e-06,0.0,0.0,0.0,0.0,0.0,0.0,0.0,0.0,0.0,0.0,0.0,0.0,0.0,0.0,0.0,0.0,0.0,0.0,0.0,0.0,0.0,0.0,0.0,0.0,0.0,0.0,0.0,0.0,0.0,0.0,0.0,0.0,0.0,0.0,0.0,3.3473587665652417e-06,0.0,0.0,3.3473587665652417e-06,0.0,0.0,0.0,0.0,0.0,0.0,0.0,0.0,0.0,0.0,0.0,0.0,0.0,0.0,0.0,0.0,0.0,0.0,0.0,0.0,0.0,0.0,0.0,0.0,0.0,0.0,0.0,0.0,0.0,0.0,0.0,0.0,0.0,0.0,0.0,0.0,0.0,0.0,0.0,0.0,0.0,0.0,0.0,0.0,0.0,0.0,0.0,0.0,0.0,0.0,0.0,0.0,0.0,0.0,0.0,0.0,0.0,0.0,0.0,0.0,0.0,0.0,0.0,0.0,0.0,0.0,0.0,0.0,0.0,0.0,0.0,0.0,0.0,0.0,0.0,0.0,0.0,0.0,0.0,0.0,0.0,0.0,0.0,0.0,0.0,0.0,0.0,0.0,0.0,0.0,0.0,0.0,0.0,0.0,0.0,0.0,0.0,0.0,0.0,0.0,0.0,0.0,0.0,0.0,0.0,0.0,0.0,0.0,0.0,0.0,0.0,0.0,0.0,0.0,0.0,0.0,0.0,0.0,0.0,0.0,0.0,0.0,0.0,0.0,0.0,0.0,0.0,0.0,0.0,0.0,0.0,0.0,0.0,0.0,0.0,0.0,0.0,0.0,0.0,0.0,0.0,0.0,0.0,0.0,0.0,0.0,0.0,0.0,0.0,0.0,0.0,0.0,0.0,0.0,0.0,0.0,0.0,0.0,0.0,0.0,0.0,0.0,3.3473587665652417e-06,0.0,0.0,3.3473587665652417e-06,3.3473587665652417e-06,0.0,0.0,0.0,0.0,0.0,0.0,0.0,0.0,0.0,0.0,0.0,0.0,0.0,0.0,0.0,0.0,0.0,0.0,0.0,0.0,0.0,1.3389435066260967e-05,1.0042076299695725e-05,0.0,0.0,0.0,0.0,0.0,0.0,0.0,0.0,0.0,0.0,0.0,0.0,0.0,0.0,0.0,0.0,0.0,0.0,0.0,0.0,0.0,0.0,0.0,0.0,0.0,0.0,0.0,0.0,0.0,0.0,0.0,0.0,0.0,0.0,0.0,0.0,0.0,0.0,0.0,0.0,0.0,0.0,0.0,0.0,0.0,0.0,0.0,0.0,0.0,0.0,0.0,0.0,0.0,0.0,0.0,0.0,0.0,0.0,0.0,0.0,0.0,0.0,0.0,0.0,0.0,0.0,0.0,0.0,0.0
0.0,0.0,0.0,0.0,0.0,0.0,0.0,0.0,0.0,0.0,0.0,0.0,0.0,0.0,0.0,0.0,0.0,0.0,0.0,0.0,0.0,0.0,0.0,0.0,0.0,0.0,0.0,0.0,0.0,0.0,0.0,0.0,0.0,0.0,0.0,0.0,0.0,0.0,0.0,0.0,0.0,0.0,0.0,0.0,0.0,0.0,0.0,0.0,0.0,0.0,0.0,0.0,0.0,0.0,0.0,0.0,0.0,0.0,0.0,0.0,0.0,0.0,0.0,0.0,0.0,0.0,0.0,0.0,0.0,0.0,0.0,0.0,0.0,0.0,0.0,0.0,0.0,0.0,0.0,0.0,0.0,0.0,0.0,0.0,0.0,0.0,3.3473587665652417e-06,0.0,0.0,0.0,0.0,0.0,0.0,0.0,0.0,0.0,0.0,0.0,0.0,0.0,0.0,0.0,0.0,0.0,0.0,0.0,3.3473587665652417e-06,0.0,0.0,0.0,0.0,0.0,0.0,0.0,0.0,0.0,0.0,0.0,0.0,0.0,0.0,0.0,0.0,0.0,0.0,0.0,0.0,0.0,0.0,0.0,0.0,0.0,0.0,0.0,0.0,0.0,0.0,0.0,0.0,0.0,0.0,0.0,0.0,0.0,0.0,0.0,0.0,0.0,0.0,0.0,0.0,0.0,0.0,0.0,0.0,0.0,0.0,0.0,0.0,0.0,0.0,0.0,0.0,0.0,0.0,0.0,0.0,0.0,0.0,0.0,0.0,0.0,0.0,0.0,0.0,0.0,0.0,0.0,0.0,0.0,0.0,0.0,0.0,0.0,0.0,0.0,0.0,0.0,0.0,0.0,0.0,0.0,0.0,0.0,0.0,0.0,0.0,0.0,0.0,0.0,0.0,0.0,0.0,0.0,0.0,0.0,0.0,0.0,0.0,0.0,0.0,0.0,0.0,0.0,0.0,0.0,0.0,0.0,0.0,0.0,0.0,0.0,0.0,0.0,0.0,0.0,0.0,3.3473587665652417e-06,0.0,0.0,0.0,0.0,0.0,0.0,0.0,0.0,0.0,0.0,0.0,0.0,0.0,0.0,3.3473587665652417e-06,0.0,0.0,0.0,0.0,0.0,0.0,0.0,3.3473587665652417e-06,0.0,0.0,0.0,0.0,0.0,0.0,0.0,0.0,3.3473587665652417e-06,3.3473587665652417e-06,0.0,0.0,0.0,0.0,0.0,0.0,0.0,0.0,0.0,0.0,0.0,3.3473587665652417e-06,0.0,0.0,0.0,0.0,0.0,0.0,0.0,0.0,3.3473587665652417e-06,0.0,0.0,0.0,0.0,0.0,0.0,0.0,0.0,0.0,0.0,0.0,0.0,0.0,0.0,0.0,0.0,0.0,0.0,0.0,0.0,0.0,0.0,0.0,0.0,0.0,0.0,0.0,0.0,0.0,0.0,0.0,0.0,0.0,0.0,0.0,0.0,0.0,0.0,0.0,0.0,0.0,0.0,0.0,0.0,0.0,0.0,0.0,0.0,0.0,0.0,0.0,0.0,0.0,0.0,0.0,0.0,0.0,0.0,0.0,0.0,0.0,0.0,0.0,0.0,0.0,0.0,0.0,0.0,0.0,0.0,0.0,0.0,0.0,0.0,0.0,0.0,0.0,0.0
0.0,0.0,0.0,0.0,0.0,0.0,0.0,0.0,0.0,0.0,0.0,0.0,0.0,0.0,0.0,0.0,0.0,0.0,0.0,0.0,0.0,0.0,0.0,0.0,0.0,0.0,0.0,0.0,0.0,0.0,0.0,0.0,0.0,0.0,0.0,0.0,3.3473587665652417e-06,0.0,0.0,0.0,0.0,0.0,0.0,0.0,0.0,0.0,0.0,0.0,0.0,0.0,0.0,0.0,0.0,0.0,0.0,0.0,0.0,0.0,0.0,0.0,0.0,0.0,0.0,0.0,0.0,0.0,0.0,0.0,0.0,0.0,0.0,0.0,0.0,0.0,0.0,0.0,3.3473587665652417e-06,0.0,0.0,0.0,0.0,0.0,0.0,0.0,0.0,0.0,0.0,0.0,0.0,0.0,0.0,0.0,0.0,0.0,0.0,0.0,0.0,0.0,0.0,0.0,0.0,0.0,0.0,0.0,0.0,0.0,0.0,0.0,0.0,0.0,0.0,0.0,0.0,0.0,0.0,0.0,0.0,0.0,0.0,0.0,0.0,0.0,0.0,0.0,0.0,0.0,0.0,0.0,0.0,0.0,0.0,0.0,0.0,0.0,0.0,0.0,0.0,0.0,0.0,0.0,0.0,0.0,0.0,0.0,0.0,0.0,0.0,0.0,0.0,0.0,0.0,0.0,0.0,0.0,0.0,0.0,0.0,0.0,0.0,0.0,0.0,0.0,0.0,0.0,0.0,0.0,0.0,0.0,0.0,0.0,0.0,0.0,0.0,0.0,0.0,0.0,0.0,0.0,0.0,0.0,0.0,0.0,0.0,0.0,0.0,0.0,0.0,0.0,0.0,0.0,0.0,0.0,0.0,0.0,0.0,0.0,0.0,0.0,0.0,0.0,0.0,0.0,0.0,0.0,0.0,0.0,0.0,3.3473587665652417e-06,0.0,0.0,0.0,0.0,0.0,0.0,0.0,0.0,0.0,0.0,0.0,0.0,0.0,0.0,0.0,0.0,0.0,0.0,0.0,0.0,0.0,0.0,0.0,0.0,0.0,0.0,0.0,0.0,3.3473587665652417e-06,0.0,0.0,0.0,0.0,0.0,0.0,0.0,0.0,0.0,0.0,0.0,0.0,0.0,0.0,0.0,3.3473587665652417e-06,0.0,3.3473587665652417e-06,0.0,0.0,0.0,0.0,0.0,0.0,0.0,0.0,0.0,0.0,0.0,0.0,0.0,0.0,0.0,0.0,0.0,0.0,0.0,0.0,0.0,0.0,0.0,0.0,0.0,0.0,0.0,0.0,0.0,0.0,0.0,0.0,0.0,0.0,0.0,0.0,0.0,0.0,0.0,0.0,0.0,0.0,0.0,0.0,0.0,0.0,0.0,0.0,0.0,0.0,0.0,0.0,0.0,0.0,0.0,0.0,0.0,0.0,0.0,0.0,0.0,0.0,0.0,0.0,0.0,0.0,0.0,0.0,0.0,0.0,0.0,0.0,0.0,0.0,0.0,0.0,0.0,0.0,0.0,0.0,0.0,0.0,0.0,0.0,0.0,0.0,0.0,0.0,0.0,0.0,0.0,0.0,0.0,0.0,0.0,0.0,0.0,0.0,0.0,0.0,0.0,0.0,0.0,0.0,0.0
0.0,0.0,0.0,0.0,0.0,0.0,0.0,0.0,0.0,0.0,0.0,0.0,0.0,0.0,0.0,0.0,0.0,0.0,0.0,0.0,0.0,0.0,0.0,0.0,0.0,0.0,0.0,0.0,0.0,0.0,0.0,0.0,0.0,0.0,0.0,0.0,0.0,0.0,0.0,0.0,0.0,0.0,0.0,0.0,0.0,0.0,0.0,0.0,0.0,0.0,0.0,0.0,0.0,0.0,0.0,0.0,0.0,0.0,0.0,0.0,0.0,0.0,0.0,0.0,0.0,0.0,0.0,0.0,0.0,0.0,3.3473587665652417e-06,0.0,0.0,0.0,0.0,0.0,0.0,0.0,0.0,0.0,0.0,0.0,0.0,6.694717533130483e-06,0.0,0.0,0.0,0.0,0.0,0.0,0.0,0.0,0.0,0.0,0.0,0.0,0.0,0.0,0.0,0.0,0.0,0.0,0.0,0.0,0.0,0.0,0.0,0.0,0.0,0.0,0.0,0.0,0.0,0.0,0.0,0.0,0.0,0.0,0.0,0.0,0.0,0.0,0.0,0.0,0.0,3.3473587665652417e-06,0.0,0.0,0.0,0.0,0.0,0.0,0.0,0.0,0.0,0.0,0.0,0.0,0.0,0.0,0.0,0.0,0.0,0.0,0.0,0.0,0.0,0.0,0.0,0.0,0.0,0.0,0.0,0.0,0.0,0.0,0.0,0.0,0.0,0.0,0.0,0.0,0.0,0.0,0.0,0.0,0.0,0.0,0.0,0.0,0.0,0.0,0.0,0.0,0.0,0.0,0.0,0.0,0.0,0.0,0.0,0.0,0.0,0.0,0.0,0.0,0.0,0.0,0.0,0.0,0.0,0.0,0.0,0.0,0.0,0.0,0.0,0.0,0.0,0.0,0.0,0.0,0.0,0.0,0.0,0.0,0.0,0.0,0.0,0.0,0.0,0.0,0.0,0.0,0.0,0.0,0.0,0.0,0.0,0.0,0.0,0.0,0.0,3.3473587665652417e-06,0.0,0.0,0.0,0.0,0.0,0.0,0.0,0.0,0.0,0.0,0.0,0.0,0.0,0.0,0.0,0.0,0.0,0.0,0.0,0.0,0.0,0.0,0.0,0.0,0.0,0.0,0.0,0.0,0.0,0.0,3.3473587665652417e-06,0.0,0.0,3.3473587665652417e-06,0.0,0.0,0.0,0.0,0.0,0.0,0.0,0.0,0.0,0.0,0.0,0.0,0.0,0.0,0.0,0.0,0.0,0.0,0.0,0.0,0.0,0.0,0.0,0.0,0.0,0.0,3.3473587665652417e-06,0.0,0.0,0.0,0.0,0.0,0.0,0.0,0.0,0.0,0.0,0.0,0.0,0.0,0.0,0.0,0.0,0.0,0.0,0.0,0.0,0.0,0.0,0.0,0.0,0.0,0.0,0.0,0.0,0.0,0.0,0.0,0.0,0.0,0.0,0.0,0.0,0.0,0.0,0.0,0.0,0.0,0.0,0.0,0.0,0.0,0.0,0.0,0.0,0.0,0.0,0.0,0.0,0.0,0.0,0.0,0.0,0.0,0.0,0.0,0.0,0.0,0.0,0.0,0.0,0.0,0.0,0.0,0.0,0.0,0.0,0.0,0.0,0.0,0.0,0.0
0.0,0.0,0.0,0.0,0.0,0.0,0.0,0.0,0.0,0.0,0.0,0.0,0.0,0.0,0.0,0.0,0.0,0.0,0.0,0.0,0.0,0.0,0.0,0.0,0.0,0.0,0.0,0.0,0.0,0.0,0.0,0.0,0.0,0.0,0.0,0.0,0.0,0.0,0.0,0.0,0.0,0.0,0.0,0.0,0.0,0.0,0.0,0.0,0.0,0.0,0.0,0.0,0.0,0.0,0.0,0.0,0.0,0.0,0.0,0.0,0.0,0.0,0.0,0.0,0.0,0.0,0.0,0.0,0.0,0.0,0.0,0.0,0.0,0.0,0.0,0.0,0.0,0.0,0.0,0.0,0.0,0.0,0.0,0.0,0.0,0.0,0.0,0.0,0.0,0.0,0.0,0.0,0.0,0.0,0.0,0.0,0.0,0.0,0.0,0.0,0.0,0.0,0.0,0.0,0.0,0.0,0.0,0.0,0.0,0.0,0.0,0.0,0.0,0.0,0.0,0.0,0.0,0.0,0.0,0.0,0.0,0.0,0.0,0.0,0.0,0.0,0.0,0.0,0.0,0.0,0.0,0.0,0.0,0.0,0.0,0.0,0.0,0.0,0.0,0.0,0.0,0.0,0.0,0.0,0.0,0.0,0.0,0.0,0.0,0.0,0.0,0.0,0.0,0.0,0.0,0.0,0.0,0.0,0.0,0.0,0.0,0.0,0.0,0.0,0.0,0.0,0.0,0.0,0.0,0.0,0.0,0.0,0.0,0.0,0.0,0.0,0.0,0.0,0.0,0.0,0.0,0.0,0.0,0.0,0.0,0.0,0.0,0.0,0.0,0.0,0.0,0.0,0.0,0.0,0.0,0.0,0.0,0.0,0.0,0.0,0.0,0.0,0.0,0.0,0.0,0.0,0.0,0.0,0.0,0.0,0.0,0.0,0.0,0.0,0.0,0.0,0.0,0.0,3.3473587665652417e-06,0.0,0.0,0.0,0.0,0.0,0.0,0.0,0.0,0.0,0.0,0.0,0.0,0.0,0.0,0.0,0.0,1.0042076299695725e-05,0.0,3.3473587665652417e-06,0.0,0.0,0.0,0.0,0.0,0.0,0.0,0.0,0.0,0.0,0.0,0.0,3.3473587665652417e-06,0.0,6.694717533130483e-06,0.0,0.0,0.0,0.0,0.0,0.0,0.0,0.0,0.0,0.0,0.0,0.0,0.0,0.0,0.0,0.0,0.0,0.0,0.0,3.3473587665652417e-06,0.0,0.0,0.0,0.0,0.0,0.0,0.0,0.0,0.0,0.0,0.0,0.0,0.0,0.0,0.0,0.0,0.0,0.0,0.0,0.0,0.0,0.0,0.0,0.0,0.0,0.0,3.3473587665652417e-06,0.0,0.0,0.0,0.0,0.0,0.0,0.0,0.0,0.0,0.0,0.0,0.0,0.0,0.0,0.0,0.0,0.0,0.0,0.0,0.0,0.0,0.0,0.0,0.0,0.0,0.0,0.0,0.0,0.0,0.0,0.0,0.0,0.0,0.0,0.0,0.0,0.0,0.0,0.0,0.0,0.0,0.0,0.0,0.0,0.0,0.0,0.0,0.0,0.0,0.0,0.0,0.0,0.0,0.0,0.0,0.0,0.0,0.0,0.0,0.0
0.0,0.0,0.0,0.0,0.0,0.0,0.0,0.0,0.0,0.0,0.0,0.0,0.0,0.0,0.0,0.0,0.0,0.0,0.0,0.0,0.0,0.0,0.0,0.0,0.0,0.0,0.0,0.0,0.0,0.0,0.0,0.0,0.0,0.0,0.0,0.0,0.0,0.0,0.0,0.0,0.0,0.0,0.0,0.0,0.0,0.0,0.0,0.0,0.0,0.0,0.0,0.0,0.0,0.0,0.0,0.0,0.0,0.0,0.0,0.0,0.0,0.0,0.0,0.0,3.3473587665652417e-06,0.0,0.0,0.0,0.0,0.0,0.0,0.0,0.0,0.0,0.0,0.0,0.0,0.0,0.0,0.0,0.0,0.0,0.0,3.3473587665652417e-06,0.0,0.0,0.0,0.0,0.0,0.0,0.0,3.3473587665652417e-06,0.0,0.0,0.0,0.0,0.0,3.3473587665652417e-06,0.0,3.3473587665652417e-06,0.0,0.0,0.0,0.0,0.0,0.0,0.0,0.0,0.0,0.0,0.0,0.0,0.0,0.0,0.0,0.0,0.0,0.0,0.0,0.0,0.0,0.0,0.0,0.0,0.0,0.0,0.0,0.0,0.0,0.0,0.0,0.0,0.0,0.0,0.0,0.0,0.0,0.0,0.0,0.0,0.0,0.0,0.0,0.0,0.0,0.0,0.0,0.0,0.0,0.0,0.0,0.0,0.0,0.0,0.0,0.0,0.0,0.0,0.0,0.0,0.0,0.0,0.0,0.0,0.0,0.0,0.0,0.0,0.0,0.0,0.0,0.0,0.0,0.0,0.0,0.0,0.0,0.0,0.0,0.0,0.0,0.0,0.0,0.0,0.0,0.0,0.0,0.0,0.0,0.0,0.0,0.0,0.0,0.0,0.0,0.0,0.0,0.0,0.0,0.0,0.0,0.0,0.0,0.0,0.0,0.0,0.0,0.0,0.0,0.0,0.0,0.0,0.0,0.0,0.0,0.0,0.0,0.0,0.0,0.0,0.0,0.0,0.0,0.0,0.0,0.0,0.0,0.0,0.0,0.0,0.0,0.0,0.0,0.0,0.0,0.0,0.0,0.0,0.0,0.0,0.0,3.3473587665652417e-06,0.0,0.0,0.0,0.0,6.694717533130483e-06,0.0,0.0,0.0,0.0,0.0,0.0,0.0,0.0,3.3473587665652417e-06,0.0,0.0,0.0,0.0,0.0,0.0,0.0,0.0,0.0,0.0,0.0,0.0,0.0,0.0,0.0,0.0,0.0,0.0,0.0,0.0,0.0,0.0,0.0,0.0,0.0,0.0,0.0,0.0,0.0,0.0,0.0,0.0,0.0,0.0,0.0,0.0,0.0,0.0,0.0,0.0,0.0,0.0,0.0,0.0,0.0,0.0,0.0,0.0,0.0,0.0,0.0,0.0,0.0,0.0,0.0,0.0,0.0,0.0,0.0,0.0,0.0,0.0,0.0,0.0,0.0,0.0,0.0,0.0,0.0,0.0,0.0,0.0,0.0,0.0,0.0,0.0,0.0,0.0,0.0,0.0,0.0,0.0,0.0,0.0,0.0,0.0,0.0,0.0,0.0,0.0,0.0,0.0,0.0,0.0,0.0,0.0,0.0,0.0,0.0,0.0,0.0,0.0,0.0,0.0
0.0,0.0,0.0,0.0,0.0,0.0,0.0,0.0,0.0,0.0,0.0,0.0,0.0,0.0,0.0,0.0,0.0,0.0,0.0,0.0,0.0,0.0,0.0,0.0,0.0,0.0,0.0,0.0,0.0,0.0,0.0,0.0,0.0,0.0,0.0,0.0,0.0,0.0,0.0,0.0,0.0,0.0,0.0,0.0,0.0,0.0,0.0,0.0,0.0,0.0,0.0,0.0,0.0,0.0,0.0,0.0,0.0,0.0,0.0,0.0,0.0,0.0,0.0,0.0,0.0,0.0,0.0,0.0,0.0,0.0,0.0,0.0,0.0,0.0,0.0,0.0,0.0,0.0,0.0,0.0,0.0,0.0,0.0,0.0,0.0,0.0,0.0,0.0,0.0,0.0,0.0,0.0,0.0,0.0,0.0,0.0,0.0,0.0,0.0,0.0,0.0,0.0,0.0,0.0,0.0,0.0,0.0,0.0,0.0,0.0,0.0,0.0,0.0,0.0,0.0,0.0,0.0,0.0,0.0,0.0,0.0,0.0,0.0,0.0,0.0,0.0,0.0,0.0,0.0,0.0,0.0,0.0,0.0,0.0,0.0,0.0,0.0,0.0,0.0,0.0,0.0,0.0,0.0,0.0,0.0,0.0,0.0,0.0,0.0,0.0,0.0,0.0,0.0,0.0,0.0,0.0,0.0,0.0,0.0,0.0,0.0,0.0,0.0,0.0,0.0,0.0,0.0,0.0,0.0,0.0,0.0,0.0,0.0,0.0,0.0,0.0,0.0,0.0,0.0,0.0,0.0,0.0,0.0,0.0,0.0,0.0,0.0,0.0,0.0,0.0,0.0,0.0,0.0,0.0,0.0,0.0,0.0,0.0,0.0,0.0,0.0,0.0,3.3473587665652417e-06,0.0,0.0,0.0,0.0,3.3473587665652417e-06,0.0,0.0,0.0,0.0,0.0,0.0,0.0,0.0,0.0,0.0,0.0,0.0,0.0,0.0,0.0,0.0,0.0,0.0,0.0,0.0,0.0,0.0,0.0,0.0,0.0,0.0,0.0,0.0,0.0,0.0,0.0,0.0,0.0,0.0,0.0,0.0,0.0,0.0,0.0,0.0,0.0,0.0,0.0,0.0,0.0,0.0,0.0,3.3473587665652417e-06,0.0,0.0,0.0,0.0,3.3473587665652417e-06,0.0,0.0,0.0,0.0,0.0,0.0,0.0,0.0,0.0,0.0,0.0,0.0,0.0,0.0,0.0,0.0,0.0,0.0,0.0,0.0,0.0,0.0,0.0,0.0,0.0,0.0,0.0,0.0,0.0,0.0,0.0,0.0,0.0,0.0,0.0,0.0,0.0,0.0,0.0,0.0,0.0,0.0,0.0,0.0,0.0,0.0,0.0,0.0,0.0,0.0,0.0,0.0,0.0,0.0,0.0,0.0,0.0,0.0,0.0,0.0,0.0,0.0,0.0,0.0,0.0,0.0,0.0,0.0,0.0,0.0,0.0,0.0,0.0,0.0,0.0,0.0,0.0,0.0,0.0,0.0,0.0,0.0,0.0,0.0,0.0,0.0,0.0,0.0,0.0,0.0,0.0,0.0,0.0,0.0,0.0,0.0,0.0,0.0,0.0
0.0,0.0,0.0,0.0,0.0,0.0,0.0,0.0,0.0,0.0,0.0,0.0,0.0,0.0,0.0,0.0,0.0,0.0,0.0,0.0,0.0,0.0,0.0,0.0,0.0,0.0,0.0,0.0,0.0,0.0,0.0,0.0,0.0,0.0,0.0,0.0,0.0,0.0,0.0,0.0,0.0,0.0,0.0,0.0,0.0,0.0,0.0,0.0,0.0,0.0,0.0,0.0,0.0,0.0,0.0,0.0,0.0,0.0,0.0,0.0,0.0,0.0,0.0,0.0,0.0,0.0,0.0,3.3473587665652417e-06,0.0,0.0,0.0,0.0,0.0,0.0,0.0,0.0,0.0,0.0,0.0,0.0,0.0,0.0,0.0,0.0,0.0,0.0,0.0,0.0,0.0,0.0,0.0,0.0,0.0,0.0,0.0,0.0,0.0,0.0,0.0,0.0,0.0,0.0,0.0,0.0,0.0,0.0,0.0,0.0,0.0,0.0,0.0,0.0,0.0,0.0,0.0,0.0,0.0,0.0,0.0,0.0,0.0,0.0,0.0,0.0,0.0,0.0,0.0,0.0,0.0,0.0,0.0,0.0,0.0,0.0,0.0,0.0,0.0,0.0,0.0,0.0,0.0,0.0,0.0,0.0,0.0,0.0,0.0,0.0,0.0,0.0,0.0,0.0,0.0,0.0,0.0,0.0,0.0,0.0,0.0,0.0,0.0,0.0,0.0,0.0,0.0,0.0,0.0,0.0,0.0,0.0,0.0,0.0,0.0,0.0,0.0,0.0,0.0,0.0,0.0,6.694717533130483e-06,0.0,0.0,0.0,0.0,0.0,0.0,0.0,0.0,0.0,0.0,0.0,0.0,0.0,0.0,0.0,0.0,0.0,0.0,0.0,0.0,0.0,0.0,0.0,0.0,0.0,0.0,0.0,0.0,0.0,0.0,0.0,0.0,0.0,0.0,0.0,0.0,0.0,0.0,0.0,0.0,0.0,0.0,0.0,0.0,0.0,0.0,0.0,0.0,0.0,0.0,0.0,0.0,0.0,0.0,0.0,0.0,0.0,0.0,0.0,3.3473587665652417e-06,0.0,0.0,0.0,0.0,0.0,0.0,0.0,0.0,0.0,0.0,0.0,0.0,0.0,0.0,6.694717533130483e-06,0.0,0.0,3.3473587665652417e-06,3.3473587665652417e-06,0.0,0.0,0.0,0.0,0.0,0.0,0.0,0.0,0.0,0.0,0.0,0.0,0.0,0.0,0.0,0.0,0.0,0.0,0.0,0.0,0.0,0.0,0.0,0.0,0.0,0.0,0.0,3.3473587665652417e-06,0.0,0.0,3.3473587665652417e-06,0.0,0.0,0.0,0.0,0.0,0.0,0.0,0.0,0.0,0.0,0.0,0.0,0.0,0.0,0.0,0.0,0.0,0.0,0.0,0.0,0.0,0.0,0.0,0.0,0.0,0.0,0.0,0.0,0.0,0.0,0.0,0.0,0.0,0.0,0.0,0.0,0.0,0.0,0.0,0.0,0.0,0.0,0.0,0.0,0.0,0.0,0.0,0.0,0.0,0.0,0.0,0.0,0.0,0.0,0.0,0.0,0.0,0.0,0.0,0.0,0.0,0.0,0.0,0.0,0.0,0.0,0.0,0.0,0.0,0.0
0.0,0.0,0.0,0.0,0.0,0.0,0.0,0.0,0.0,0.0,0.0,0.0,0.0,0.0,0.0,0.0,0.0,0.0,0.0,0.0,0.0,0.0,0.0,0.0,0.0,0.0,0.0,0.0,0.0,0.0,0.0,3.3473587665652417e-06,0.0,0.0,0.0,0.0,0.0,0.0,0.0,0.0,0.0,0.0,0.0,0.0,0.0,0.0,0.0,0.0,0.0,0.0,0.0,0.0,0.0,0.0,0.0,0.0,0.0,0.0,0.0,0.0,0.0,0.0,0.0,0.0,0.0,0.0,0.0,0.0,0.0,0.0,0.0,0.0,0.0,0.0,0.0,0.0,0.0,0.0,0.0,0.0,0.0,0.0,0.0,0.0,0.0,0.0,0.0,0.0,0.0,0.0,0.0,0.0,0.0,0.0,0.0,0.0,0.0,0.0,0.0,0.0,0.0,0.0,0.0,0.0,0.0,0.0,0.0,0.0,0.0,0.0,0.0,0.0,0.0,0.0,0.0,0.0,0.0,0.0,0.0,0.0,0.0,0.0,0.0,0.0,0.0,0.0,0.0,0.0,0.0,0.0,0.0,0.0,0.0,0.0,0.0,0.0,0.0,0.0,0.0,0.0,0.0,0.0,0.0,0.0,0.0,0.0,0.0,0.0,0.0,0.0,0.0,0.0,0.0,0.0,0.0,0.0,0.0,0.0,0.0,0.0,0.0,0.0,0.0,0.0,0.0,0.0,0.0,0.0,0.0,0.0,0.0,0.0,0.0,3.3473587665652417e-06,0.0,0.0,0.0,0.0,0.0,0.0,0.0,0.0,0.0,0.0,0.0,0.0,0.0,0.0,0.0,0.0,0.0,0.0,0.0,0.0,0.0,0.0,0.0,0.0,0.0,0.0,0.0,0.0,0.0,0.0,0.0,0.0,0.0,0.0,0.0,0.0,0.0,0.0,0.0,0.0,0.0,0.0,0.0,0.0,0.0,0.0,0.0,0.0,0.0,0.0,0.0,0.0,0.0,0.0,0.0,0.0,0.0,0.0,0.0,0.0,0.0,0.0,0.0,0.0,3.3473587665652417e-06,0.0,0.0,0.0,0.0,3.3473587665652417e-06,0.0,0.0,0.0,0.0,0.0,0.0,0.0,0.0,0.0,0.0,0.0,0.0,0.0,0.0,0.0,0.0,0.0,0.0,0.0,3.3473587665652417e-06,0.0,0.0,0.0,0.0,3.3473587665652417e-06,0.0,0.0,0.0,0.0,3.3473587665652417e-06,0.0,0.0,0.0,0.0,0.0,0.0,0.0,0.0,0.0,0.0,0.0,0.0,0.0,0.0,0.0,0.0,0.0,0.0,0.0,0.0,0.0,0.0,0.0,0.0,0.0,0.0,0.0,0.0,0.0,0.0,0.0,0.0,0.0,0.0,0.0,0.0,0.0,0.0,0.0,0.0,0.0,0.0,0.0,0.0,0.0,0.0,0.0,0.0,0.0,0.0,0.0,0.0,0.0,0.0,0.0,0.0,0.0,0.0,0.0,0.0,0.0,0.0,0.0,0.0,0.0,0.0,0.0,0.0,0.0,0.0,0.0,0.0,0.0,0.0,0.0,0.0,0.0,0.0,0.0,0.0,0.0,0.0,0.0,0.0,0.0,0.0
0.0,0.0,0.0,0.0,0.0,0.0,0.0,0.0,0.0,0.0,0.0,0.0,0.0,0.0,0.0,0.0,0.0,0.0,0.0,0.0,0.0,0.0,0.0,0.0,0.0,0.0,0.0,0.0,0.0,0.0,0.0,0.0,0.0,0.0,0.0,0.0,0.0,0.0,0.0,0.0,0.0,0.0,0.0,0.0,0.0,0.0,0.0,0.0,0.0,0.0,0.0,0.0,0.0,0.0,0.0,0.0,0.0,0.0,0.0,0.0,0.0,0.0,0.0,0.0,3.3473587665652417e-06,0.0,0.0,0.0,0.0,0.0,0.0,0.0,0.0,0.0,0.0,0.0,0.0,0.0,0.0,0.0,0.0,0.0,0.0,0.0,0.0,0.0,0.0,0.0,0.0,0.0,0.0,0.0,0.0,0.0,0.0,0.0,0.0,0.0,0.0,0.0,0.0,0.0,0.0,0.0,0.0,0.0,0.0,0.0,0.0,0.0,0.0,0.0,0.0,0.0,0.0,0.0,0.0,0.0,0.0,0.0,0.0,0.0,0.0,0.0,0.0,0.0,0.0,0.0,0.0,0.0,0.0,0.0,0.0,0.0,0.0,0.0,0.0,0.0,0.0,0.0,0.0,0.0,0.0,0.0,0.0,0.0,0.0,0.0,0.0,0.0,0.0,0.0,0.0,0.0,0.0,0.0,0.0,0.0,0.0,0.0,0.0,0.0,0.0,0.0,0.0,0.0,0.0,0.0,0.0,0.0,0.0,0.0,0.0,0.0,0.0,0.0,0.0,0.0,0.0,0.0,0.0,0.0,0.0,0.0,0.0,0.0,0.0,0.0,0.0,0.0,0.0,0.0,0.0,0.0,0.0,0.0,0.0,0.0,0.0,0.0,0.0,0.0,0.0,0.0,0.0,0.0,0.0,0.0,0.0,0.0,0.0,0.0,0.0,0.0,0.0,0.0,0.0,0.0,0.0,0.0,0.0,0.0,0.0,0.0,0.0,0.0,6.694717533130483e-06,0.0,0.0,0.0,0.0,0.0,0.0,6.694717533130483e-06,0.0,0.0,0.0,0.0,0.0,0.0,0.0,0.0,0.0,3.3473587665652417e-06,0.0,0.0,0.0,0.0,0.0,3.3473587665652417e-06,0.0,0.0,0.0,0.0,0.0,0.0,0.0,0.0,0.0,0.0,0.0,0.0,0.0,0.0,0.0,0.0,0.0,3.3473587665652417e-06,0.0,0.0,0.0,0.0,0.0,0.0,0.0,3.3473587665652417e-06,3.3473587665652417e-06,0.0,0.0,0.0,0.0,0.0,0.0,6.694717533130483e-06,0.0,0.0,0.0,0.0,0.0,0.0,0.0,0.0,0.0,0.0,0.0,0.0,0.0,0.0,0.0,0.0,0.0,0.0,0.0,0.0,0.0,0.0,0.0,0.0,0.0,0.0,0.0,0.0,0.0,0.0,0.0,0.0,0.0,0.0,0.0,0.0,0.0,0.0,0.0,0.0,0.0,0.0,0.0,0.0,0.0,0.0,0.0,0.0,0.0,0.0,0.0,0.0,0.0,0.0,0.0,0.0,0.0,0.0,0.0,0.0,0.0,0.0,0.0,0.0,0.0,0.0,0.0,0.0,0.0,0.0,0.0,0.0,0.0,0.0,0.0,0.0
0.0,0.0,0.0,0.0,0.0,0.0,0.0,0.0,0.0,0.0,0.0,0.0,0.0,0.0,0.0,0.0,0.0,0.0,0.0,0.0,0.0,0.0,0.0,0.0,0.0,0.0,0.0,0.0,0.0,3.3473587665652417e-06,0.0,0.0,0.0,0.0,0.0,0.0,0.0,0.0,0.0,0.0,0.0,0.0,0.0,0.0,0.0,0.0,0.0,0.0,0.0,0.0,0.0,0.0,0.0,0.0,0.0,0.0,0.0,0.0,0.0,0.0,0.0,0.0,0.0,3.3473587665652417e-06,0.0,0.0,0.0,0.0,0.0,0.0,0.0,0.0,0.0,0.0,0.0,0.0,0.0,0.0,0.0,0.0,0.0,0.0,0.0,0.0,0.0,0.0,0.0,0.0,0.0,3.3473587665652417e-06,0.0,0.0,0.0,0.0,0.0,0.0,0.0,0.0,0.0,0.0,0.0,0.0,0.0,0.0,0.0,0.0,0.0,0.0,0.0,0.0,0.0,0.0,0.0,0.0,0.0,0.0,0.0,0.0,0.0,0.0,0.0,0.0,0.0,0.0,0.0,0.0,0.0,0.0,0.0,0.0,0.0,0.0,0.0,0.0,0.0,0.0,0.0,0.0,0.0,0.0,0.0,3.3473587665652417e-06,0.0,0.0,0.0,0.0,0.0,0.0,0.0,0.0,0.0,0.0,0.0,0.0,0.0,0.0,0.0,0.0,0.0,0.0,0.0,0.0,0.0,0.0,0.0,0.0,0.0,0.0,0.0,0.0,0.0,0.0,0.0,0.0,0.0,0.0,0.0,0.0,0.0,0.0,0.0,0.0,0.0,0.0,0.0,0.0,0.0,0.0,0.0,0.0,0.0,0.0,0.0,0.0,0.0,0.0,0.0,0.0,0.0,0.0,0.0,0.0,0.0,0.0,0.0,0.0,0.0,0.0,0.0,0.0,0.0,0.0,0.0,0.0,0.0,0.0,0.0,0.0,0.0,0.0,0.0,0.0,0.0,0.0,0.0,0.0,0.0,0.0,0.0,0.0,0.0,0.0,0.0,0.0,0.0,0.0,0.0,0.0,0.0,0.0,0.0,0.0,0.0,0.0,0.0,0.0,0.0,0.0,0.0,0.0,0.0,0.0,0.0,0.0,0.0,3.3473587665652417e-06,0.0,0.0,0.0,0.0,0.0,0.0,0.0,0.0,0.0,0.0,0.0,0.0,0.0,0.0,0.0,0.0,0.0,0.0,0.0,0.0,0.0,0.0,0.0,0.0,0.0,0.0,0.0,0.0,0.0,0.0,0.0,0.0,0.0,3.3473587665652417e-06,0.0,0.0,6.694717533130483e-06,0.0,0.0,0.0,0.0,0.0,0.0,0.0,0.0,0.0,0.0,0.0,0.0,0.0,0.0,3.3473587665652417e-06,0.0,0.0,0.0,0.0,0.0,0.0,0.0,0.0,0.0,0.0,0.0,0.0,0.0,0.0,0.0,0.0,0.0,0.0,0.0,0.0,0.0,0.0,0.0,0.0,0.0,0.0,0.0,0.0,0.0,0.0,0.0,0.0,0.0,0.0,0.0,0.0,0.0,0.0,0.0,0.0,0.0,0.0,0.0,0.0,0.0,0.0,0.0,0.0,0.0,0.0,0.0,0.0
0.0,0.0,0.0,0.0,0.0,0.0,0.0,0.0,0.0,0.0,0.0,0.0,0.0,0.0,0.0,0.0,0.0,0.0,0.0,0.0,0.0,0.0,0.0,0.0,0.0,0.0,0.0,0.0,0.0,6.694717533130483e-06,0.0,0.0,0.0,0.0,0.0,0.0,0.0,0.0,0.0,0.0,0.0,0.0,0.0,0.0,0.0,0.0,0.0,0.0,0.0,0.0,0.0,0.0,0.0,0.0,0.0,0.0,0.0,0.0,0.0,0.0,0.0,0.0,0.0,0.0,0.0,0.0,0.0,0.0,0.0,0.0,0.0,0.0,0.0,0.0,0.0,0.0,0.0,0.0,0.0,0.0,0.0,0.0,3.3473587665652417e-06,0.0,0.0,0.0,0.0,0.0,0.0,3.3473587665652417e-06,0.0,0.0,0.0,0.0,0.0,0.0,0.0,0.0,0.0,0.0,0.0,0.0,0.0,0.0,0.0,0.0,0.0,0.0,0.0,0.0,0.0,0.0,0.0,0.0,0.0,0.0,0.0,0.0,0.0,0.0,0.0,0.0,0.0,0.0,0.0,0.0,0.0,0.0,0.0,0.0,0.0,0.0,0.0,0.0,0.0,0.0,0.0,0.0,0.0,0.0,0.0,0.0,0.0,0.0,0.0,0.0,0.0,0.0,0.0,0.0,0.0,0.0,0.0,0.0,0.0,0.0,0.0,0.0,0.0,0.0,0.0,0.0,0.0,0.0,0.0,0.0,0.0,0.0,0.0,0.0,0.0,0.0,0.0,0.0,0.0,0.0,0.0,0.0,0.0,0.0,0.0,0.0,0.0,0.0,0.0,0.0,0.0,0.0,0.0,0.0,0.0,0.0,0.0,0.0,0.0,0.0,3.3473587665652417e-06,0.0,0.0,0.0,0.0,0.0,0.0,0.0,0.0,0.0,0.0,0.0,0.0,0.0,0.0,0.0,0.0,0.0,0.0,0.0,0.0,0.0,0.0,0.0,0.0,0.0,0.0,0.0,0.0,0.0,0.0,0.0,0.0,0.0,0.0,0.0,0.0,0.0,0.0,0.0,0.0,0.0,0.0,0.0,0.0,6.694717533130483e-06,0.0,0.0,0.0,0.0,0.0,3.3473587665652417e-06,3.3473587665652417e-06,0.0,0.0,0.0,0.0,0.0,0.0,0.0,0.0,0.0,0.0,0.0,0.0,0.0,0.0,0.0,0.0,3.3473587665652417e-06,0.0,0.0,0.0,0.0,0.0,0.0,0.0,0.0,0.0,0.0,0.0,0.0,0.0,0.0,0.0,0.0,0.0,0.0,0.0,0.0,0.0,0.0,0.0,0.0,0.0,0.0,0.0,0.0,0.0,0.0,0.0,0.0,0.0,0.0,0.0,0.0,0.0,0.0,0.0,0.0,0.0,0.0,0.0,0.0,0.0,0.0,0.0,0.0,0.0,0.0,0.0,0.0,0.0,0.0,0.0,0.0,0.0,0.0,0.0,0.0,0.0,0.0,0.0,0.0,0.0,0.0,0.0,0.0,0.0,0.0,0.0,0.0,0.0,0.0,0.0,0.0,0.0,0.0,0.0,0.0,0.0,0.0,0.0,0.0,0.0,0.0,0.0,0.0,0.0,0.0,0.0,0.0,0.0,0.0
0.0,0.0,0.0,0.0,0.0,0.0,0.0,0.0,0.0,0.0,0.0,0.0,0.0,0.0,0.0,0.0,0.0,0.0,0.0,0.0,0.0,0.0,0.0,0.0,0.0,0.0,0.0,0.0,0.0,0.0,0.0,0.0,0.0,0.0,0.0,0.0,0.0,0.0,0.0,0.0,0.0,0.0,0.0,0.0,0.0,0.0,0.0,0.0,0.0,0.0,0.0,0.0,0.0,0.0,0.0,0.0,0.0,0.0,0.0,0.0,0.0,0.0,0.0,0.0,0.0,0.0,0.0,0.0,0.0,0.0,0.0,0.0,0.0,0.0,0.0,0.0,0.0,0.0,0.0,0.0,0.0,0.0,0.0,0.0,0.0,0.0,0.0,0.0,0.0,0.0,0.0,0.0,0.0,0.0,0.0,0.0,0.0,0.0,0.0,0.0,0.0,0.0,0.0,0.0,0.0,0.0,0.0,0.0,0.0,0.0,0.0,0.0,0.0,0.0,0.0,0.0,0.0,0.0,0.0,0.0,0.0,0.0,0.0,0.0,0.0,0.0,0.0,0.0,0.0,0.0,0.0,0.0,0.0,0.0,0.0,0.0,0.0,0.0,0.0,0.0,0.0,0.0,0.0,0.0,0.0,0.0,0.0,0.0,0.0,0.0,0.0,0.0,0.0,0.0,0.0,0.0,0.0,0.0,0.0,0.0,0.0,0.0,0.0,0.0,0.0,0.0,0.0,0.0,0.0,0.0,0.0,0.0,0.0,0.0,0.0,0.0,0.0,0.0,0.0,0.0,0.0,0.0,0.0,0.0,0.0,0.0,0.0,0.0,0.0,0.0,0.0,0.0,3.3473587665652417e-06,0.0,0.0,0.0,0.0,0.0,0.0,0.0,0.0,0.0,0.0,0.0,0.0,0.0,0.0,0.0,0.0,0.0,0.0,0.0,0.0,0.0,0.0,0.0,0.0,0.0,0.0,0.0,0.0,0.0,0.0,0.0,0.0,0.0,0.0,0.0,0.0,0.0,0.0,0.0,0.0,0.0,0.0,0.0,0.0,0.0,0.0,0.0,3.3473587665652417e-06,0.0,0.0,0.0,0.0,0.0,3.3473587665652417e-06,0.0,3.3473587665652417e-06,0.0,0.0,0.0,0.0,0.0,0.0,0.0,0.0,0.0,0.0,0.0,0.0,0.0,0.0,0.0,0.0,0.0,3.3473587665652417e-06,0.0,0.0,0.0,0.0,0.0,0.0,0.0,0.0,0.0,0.0,0.0,0.0,0.0,0.0,0.0,0.0,0.0,0.0,0.0,0.0,0.0,0.0,0.0,0.0,0.0,0.0,0.0,0.0,0.0,0.0,0.0,0.0,0.0,0.0,0.0,0.0,0.0,0.0,0.0,0.0,0.0,0.0,0.0,0.0,0.0,0.0,0.0,0.0,0.0,0.0,0.0,0.0,0.0,0.0,0.0,0.0,0.0,0.0,0.0,0.0,0.0,0.0,0.0,0.0,0.0,0.0,0.0,0.0,0.0,0.0,0.0,0.0,0.0,0.0,0.0,0.0,0.0,0.0,0.0,0.0,0.0,0.0,0.0,0.0,0.0,0.0,0.0,0.0,0.0,0.0,0.0,0.0,0.0
0.0,0.0,0.0,0.0,0.0,0.0,0.0,0.0,0.0,0.0,0.0,0.0,0.0,0.0,0.0,0.0,0.0,0.0,0.0,0.0,0.0,0.0,0.0,0.0,0.0,0.0,0.0,0.0,0.0,0.0,0.0,0.0,0.0,0.0,0.0,0.0,0.0,0.0,0.0,0.0,0.0,0.0,0.0,0.0,0.0,0.0,0.0,0.0,0.0,0.0,0.0,0.0,0.0,0.0,0.0,0.0,0.0,0.0,0.0,0.0,0.0,0.0,0.0,0.0,0.0,0.0,3.3473587665652417e-06,0.0,0.0,0.0,0.0,0.0,0.0,0.0,0.0,0.0,2.3431511365956693e-05,0.0,0.0,0.0,0.0,0.0,0.0,0.0,0.0,0.0,0.0,0.0,6.694717533130483e-06,0.0,0.0,0.0,0.0,0.0,0.0,0.0,0.0,0.0,0.0,0.0,0.0,0.0,0.0,0.0,0.0,0.0,0.0,0.0,0.0,0.0,0.0,0.0,0.0,0.0,0.0,0.0,0.0,0.0,0.0,0.0,0.0,0.0,0.0,0.0,0.0,0.0,0.0,0.0,0.0,0.0,0.0,0.0,0.0,0.0,0.0,0.0,0.0,0.0,0.0,0.0,0.0,0.0,0.0,0.0,0.0,0.0,0.0,0.0,0.0,0.0,0.0,0.0,0.0,0.0,0.0,0.0,0.0,0.0,0.0,0.0,0.0,0.0,0.0,0.0,0.0,0.0,0.0,0.0,0.0,0.0,0.0,0.0,0.0,0.0,0.0,0.0,0.0,0.0,0.0,0.0,0.0,0.0,0.0,0.0,0.0,0.0,0.0,0.0,0.0,3.3473587665652417e-06,0.0,0.0,0.0,0.0,0.0,0.0,0.0,0.0,0.0,0.0,0.0,0.0,0.0,0.0,0.0,0.0,0.0,0.0,0.0,3.3473587665652417e-06,0.0,0.0,0.0,0.0,0.0,0.0,0.0,0.0,0.0,0.0,0.0,0.0,0.0,0.0,0.0,0.0,0.0,0.0,0.0,0.0,0.0,3.3473587665652417e-06,0.0,0.0,3.3473587665652417e-06,3.3473587665652417e-06,3.3473587665652417e-06,0.0,0.0,0.0,0.0,0.0,0.0,3.3473587665652417e-06,3.3473587665652417e-06,6.694717533130483e-06,0.0,0.0,3.3473587665652417e-06,0.0,0.0,0.0,0.0,0.0,0.0,0.0,0.0,0.0,3.3473587665652417e-06,0.0,0.0,0.0,3.3473587665652417e-06,0.0,0.0,0.0,0.0,0.0,0.0,0.0,0.0,0.0,0.0,0.0,0.0,0.0,3.3473587665652417e-06,0.0,0.0,0.0,0.0,0.0,0.0,0.0,0.0,0.0,0.0,0.0,0.0,3.3473587665652417e-06,0.0,0.0,0.0,0.0,0.0,0.0,0.0,6.694717533130483e-06,0.0,0.0,0.0,0.0,0.0,0.0,0.0,0.0,0.0,0.0,0.0,0.0,0.0,0.0,0.0,0.0,0.0,0.0,0.0,0.0,0.0,0.0,0.0,0.0,0.0,0.0,0.0,0.0,0.0,0.0,0.0,0.0,0.0,0.0,0.0,0.0,0.0,0.0,0.0,0.0,0.0,0.0,0.0,0.0,0.0,0.0,0.0,0.0,0.0,0.0,0.0,0.0,0.0,0.0,0.0,0.0,0.0,0.0,0.0,0.0,0.0,0.0
0.0,0.0,0.0,0.0,0.0,0.0,0.0,0.0,0.0,0.0,0.0,0.0,0.0,0.0,0.0,0.0,0.0,0.0,0.0,0.0,0.0,0.0,6.694717533130483e-06,0.0,0.0,0.0,0.0,0.0,0.0,0.0,0.0,0.0,0.0,0.0,0.0,0.0,0.0,0.0,0.0,0.0,0.0,0.0,0.0,0.0,0.0,0.0,0.0,0.0,0.0,0.0,0.0,0.0,0.0,0.0,0.0,0.0,0.0,0.0,0.0,0.0,0.0,0.0,0.0,0.0,0.0,0.0,0.0,0.0,0.0,0.0,0.0,0.0,0.0,0.0,0.0,0.0,0.0,0.0,0.0,0.0,0.0,0.0,0.0,0.0,0.0,0.0,0.0,0.0,0.0,0.0,0.0,0.0,0.0,0.0,0.0,0.0,0.0,0.0,0.0,0.0,0.0,0.0,0.0,0.0,0.0,0.0,0.0,0.0,0.0,0.0,0.0,3.3473587665652417e-06,0.0,0.0,0.0,0.0,0.0,0.0,0.0,0.0,0.0,0.0,0.0,0.0,0.0,0.0,0.0,0.0,0.0,0.0,0.0,0.0,0.0,0.0,0.0,0.0,0.0,0.0,0.0,0.0,0.0,0.0,0.0,0.0,0.0,0.0,0.0,0.0,0.0,0.0,0.0,0.0,0.0,0.0,0.0,0.0,0.0,0.0,0.0,0.0,0.0,0.0,0.0,0.0,0.0,0.0,0.0,0.0,0.0,0.0,0.0,0.0,0.0,0.0,0.0,0.0,0.0,0.0,0.0,0.0,0.0,0.0,0.0,0.0,0.0,0.0,0.0,0.0,0.0,0.0,0.0,0.0,0.0,0.0,0.0,0.0,0.0,0.0,0.0,0.0,0.0,0.0,0.0,0.0,0.0,0.0,0.0,0.0,0.0,0.0,0.0,0.0,0.0,0.0,0.0,0.0,0.0,0.0,0.0,0.0,0.0,0.0,0.0,3.3473587665652417e-06,0.0,0.0,0.0,0.0,3.3473587665652417e-06,3.3473587665652417e-06,0.0,0.0,0.0,0.0,0.0,0.0,3.3473587665652417e-06,0.0,0.0,0.0,0.0,0.0,0.0,3.3473587665652417e-06,3.3473587665652417e-06,0.0,0.0,3.3473587665652417e-06,1.0042076299695725e-05,0.0,0.0,0.0,0.0,0.0,0.0,0.0,3.3473587665652417e-06,0.0,0.0,0.0,0.0,3.3473587665652417e-06,0.0,0.0,0.0,0.0,0.0,0.0,0.0,0.0,0.0,0.0,0.0,0.0,0.0,0.0,0.0,0.0,0.0,0.0,0.0,0.0,6.694717533130483e-06,3.3473587665652417e-06,3.3473587665652417e-06,0.0,0.0,0.0,0.0,0.0,0.0,0.0,0.0,0.0,0.0,0.0,0.0,0.0,0.0,0.0,0.0,0.0,0.0,0.0,0.0,0.0,0.0,0.0,0.0,0.0,0.0,0.0,0.0,0.0,0.0,0.0,0.0,0.0,0.0,0.0,0.0,0.0,0.0,0.0,0.0,0.0,0.0,0.0,0.0,0.0,0.0,0.0,0.0,0.0,0.0,0.0,0.0,0.0,0.0,0.0,0.0,0.0,0.0,0.0,0.0,0.0,0.0,0.0,0.0,0.0,0.0,0.0,0.0,0.0,0.0,0.0,0.0,0.0,0.0,0.0
0.0,0.0,0.0,0.0,0.0,0.0,0.0,0.0,0.0,3.3473587665652417e-06,0.0,0.0,0.0,0.0,0.0,0.0,0.0,0.0,0.0,0.0,0.0,0.0,0.0,0.0,0.0,0.0,0.0,0.0,0.0,0.0,0.0,0.0,0.0,0.0,0.0,0.0,0.0,0.0,0.0,0.0,0.0,0.0,0.0,0.0,0.0,0.0,0.0,0.0,0.0,0.0,0.0,0.0,0.0,0.0,0.0,0.0,0.0,0.0,0.0,0.0,0.0,0.0,0.0,0.0,0.0,0.0,0.0,0.0,0.0,0.0,0.0,0.0,0.0,0.0,0.0,0.0,0.0,0.0,0.0,0.0,0.0,0.0,0.0,0.0,0.0,0.0,0.0,0.0,0.0,0.0,0.0,3.3473587665652417e-06,0.0,0.0,0.0,0.0,0.0,0.0,0.0,0.0,0.0,0.0,0.0,0.0,0.0,0.0,0.0,0.0,0.0,0.0,0.0,0.0,0.0,0.0,0.0,0.0,0.0,0.0,0.0,0.0,0.0,0.0,0.0,0.0,0.0,0.0,0.0,0.0,0.0,0.0,0.0,0.0,0.0,0.0,0.0,0.0,0.0,0.0,0.0,0.0,0.0,0.0,0.0,0.0,0.0,0.0,0.0,0.0,0.0,0.0,0.0,0.0,0.0,0.0,0.0,0.0,0.0,0.0,0.0,0.0,0.0,0.0,0.0,0.0,0.0,0.0,0.0,0.0,0.0,0.0,0.0,0.0,0.0,0.0,0.0,0.0,0.0,0.0,0.0,0.0,0.0,0.0,0.0,0.0,0.0,0.0,0.0,0.0,0.0,0.0,0.0,0.0,0.0,0.0,0.0,0.0,0.0,0.0,0.0,0.0,0.0,0.0,0.0,0.0,0.0,0.0,0.0,0.0,0.0,0.0,0.0,0.0,0.0,3.3473587665652417e-06,0.0,0.0,0.0,3.3473587665652417e-06,0.0,0.0,0.0,6.694717533130483e-06,0.0,3.3473587665652417e-06,3.3473587665652417e-06,3.3473587665652417e-06,0.0,3.3473587665652417e-06,0.0,3.3473587665652417e-06,0.0,3.3473587665652417e-06,0.0,0.0,3.3473587665652417e-06,6.694717533130483e-06,0.0,0.0,0.0,0.0,0.0,1.0042076299695725e-05,0.0,0.0,0.0,0.0,0.0,0.0,0.0,0.0,0.0,0.0,0.0,0.0,3.3473587665652417e-06,3.3473587665652417e-06,0.0,0.0,0.0,0.0,0.0,3.3473587665652417e-06,3.3473587665652417e-06,0.0,0.0,0.0,0.0,0.0,0.0,0.0,0.0,0.0,0.0,0.0,0.0,0.0,0.0,0.0,0.0,0.0,0.0,0.0,0.0,0.0,0.0,0.0,0.0,0.0,0.0,0.0,0.0,0.0,0.0,0.0,0.0,0.0,0.0,0.0,0.0,0.0,0.0,0.0,0.0,0.0,0.0,0.0,0.0,0.0,0.0,0.0,0.0,0.0,0.0,0.0,0.0,0.0,0.0,0.0,0.0,0.0,0.0,0.0,0.0,0.0,0.0,0.0,0.0,0.0,0.0,0.0,0.0,0.0,0.0,0.0,0.0,0.0,0.0,0.0,0.0,0.0,0.0,0.0,0.0,0.0,0.0,0.0,0.0,0.0,0.0,0.0,0.0,0.0,0.0,0.0,0.0,0.0,0.0,0.0,0.0,0.0
0.0,0.0,0.0,0.0,0.0,0.0,0.0,0.0,0.0,0.0,0.0,0.0,0.0,0.0,0.0,0.0,0.0,0.0,0.0,0.0,0.0,0.0,0.0,0.0,0.0,0.0,0.0,0.0,0.0,0.0,0.0,0.0,0.0,0.0,0.0,0.0,0.0,0.0,0.0,0.0,0.0,0.0,0.0,0.0,0.0,0.0,0.0,0.0,0.0,0.0,0.0,0.0,0.0,0.0,0.0,0.0,0.0,0.0,0.0,0.0,0.0,0.0,0.0,0.0,0.0,0.0,0.0,0.0,0.0,0.0,0.0,0.0,0.0,0.0,0.0,0.0,0.0,0.0,0.0,0.0,0.0,0.0,0.0,0.0,0.0,0.0,0.0,0.0,0.0,0.0,0.0,0.0,0.0,0.0,0.0,0.0,0.0,0.0,0.0,0.0,0.0,0.0,0.0,0.0,0.0,0.0,0.0,0.0,0.0,0.0,0.0,0.0,0.0,0.0,0.0,0.0,0.0,0.0,0.0,0.0,0.0,6.694717533130483e-06,3.3473587665652417e-06,0.0,0.0,0.0,0.0,0.0,0.0,0.0,0.0,0.0,0.0,0.0,0.0,0.0,0.0,0.0,0.0,0.0,0.0,0.0,0.0,0.0,0.0,0.0,0.0,0.0,0.0,0.0,0.0,0.0,0.0,0.0,0.0,0.0,0.0,0.0,0.0,0.0,0.0,0.0,0.0,0.0,0.0,0.0,0.0,0.0,0.0,0.0,0.0,0.0,0.0,0.0,0.0,0.0,0.0,0.0,0.0,0.0,0.0,0.0,0.0,0.0,0.0,0.0,0.0,0.0,0.0,0.0,0.0,0.0,0.0,0.0,0.0,0.0,0.0,0.0,0.0,0.0,0.0,0.0,0.0,0.0,0.0,0.0,0.0,0.0,0.0,0.0,0.0,0.0,0.0,0.0,0.0,0.0,0.0,0.0,0.0,0.0,0.0,0.0,0.0,0.0,0.0,0.0,0.0,0.0,0.0,0.0,1.0042076299695725e-05,0.0,0.0,0.0,3.3473587665652417e-06,3.3473587665652417e-06,0.0,0.0,0.0,0.0,0.0,3.3473587665652417e-06,0.0,0.0,0.0,3.3473587665652417e-06,0.0,0.0,0.0,3.3473587665652417e-06,3.3473587665652417e-06,0.0,0.0,0.0,0.0,0.0,0.0,0.0,0.0,0.0,0.0,0.0,3.3473587665652417e-06,0.0,0.0,0.0,0.0,0.0,0.0,0.0,0.0,0.0,0.0,0.0,0.0,0.0,0.0,0.0,0.0,0.0,0.0,0.0,0.0,0.0,0.0,0.0,0.0,6.694717533130483e-06,0.0,0.0,0.0,0.0,0.0,0.0,0.0,0.0,0.0,0.0,0.0,0.0,0.0,0.0,0.0,0.0,0.0,0.0,0.0,0.0,0.0,0.0,0.0,0.0,0.0,0.0,0.0,0.0,0.0,0.0,0.0,0.0,0.0,0.0,0.0,0.0,0.0,0.0,0.0,0.0,0.0,0.0,0.0,0.0,0.0,0.0,0.0,0.0,0.0,0.0,0.0,0.0,0.0,0.0,0.0,0.0,0.0,0.0,0.0,0.0,0.0,0.0,0.0,0.0,0.0,0.0,0.0,0.0,0.0,0.0,0.0,0.0
0.0,0.0,0.0,0.0,0.0,0.0,0.0,0.0,0.0,0.0,0.0,0.0,0.0,0.0,0.0,0.0,0.0,0.0,0.0,0.0,0.0,0.0,0.0,0.0,0.0,0.0,0.0,0.0,0.0,0.0,0.0,0.0,0.0,0.0,0.0,0.0,0.0,0.0,0.0,0.0,0.0,0.0,0.0,0.0,0.0,0.0,0.0,0.0,0.0,0.0,0.0,0.0,0.0,0.0,0.0,0.0,0.0,0.0,0.0,0.0,0.0,0.0,0.0,0.0,0.0,0.0,0.0,0.0,0.0,0.0,0.0,0.0,0.0,0.0,0.0,0.0,0.0,0.0,0.0,0.0,0.0,0.0,0.0,0.0,0.0,0.0,0.0,0.0,0.0,0.0,0.0,0.0,0.0,0.0,0.0,0.0,0.0,0.0,0.0,0.0,0.0,0.0,0.0,0.0,0.0,0.0,0.0,0.0,0.0,0.0,0.0,0.0,0.0,0.0,0.0,0.0,0.0,0.0,0.0,0.0,0.0,0.0,0.0,0.0,0.0,0.0,0.0,0.0,0.0,0.0,0.0,0.0,0.0,0.0,0.0,0.0,0.0,0.0,0.0,0.0,0.0,0.0,0.0,0.0,0.0,0.0,0.0,0.0,0.0,0.0,0.0,0.0,0.0,0.0,0.0,0.0,0.0,0.0,0.0,0.0,0.0,0.0,0.0,0.0,0.0,0.0,0.0,0.0,0.0,0.0,0.0,0.0,0.0,0.0,0.0,0.0,0.0,0.0,0.0,0.0,0.0,0.0,0.0,0.0,0.0,0.0,0.0,0.0,0.0,0.0,0.0,0.0,0.0,0.0,0.0,0.0,0.0,0.0,0.0,0.0,0.0,0.0,0.0,0.0,0.0,0.0,0.0,3.3473587665652417e-06,0.0,0.0,0.0,0.0,0.0,0.0,0.0,0.0,0.0,0.0,0.0,0.0,6.694717533130483e-06,3.3473587665652417e-06,3.3473587665652417e-06,0.0,3.3473587665652417e-06,0.0,0.0,0.0,0.0,0.0,0.0,3.3473587665652417e-06,0.0,0.0,0.0,0.0,0.0,0.0,0.0,0.0,3.3473587665652417e-06,3.3473587665652417e-06,6.694717533130483e-06,3.3473587665652417e-06,0.0,1.0042076299695725e-05,3.3473587665652417e-06,0.0,1.0042076299695725e-05,1.3389435066260967e-05,3.3473587665652417e-06,0.0,0.0,0.0,3.3473587665652417e-06,0.0,0.0,0.0,0.0,0.0,0.0,0.0,0.0,3.3473587665652417e-06,0.0,0.0,0.0,0.0,0.0,0.0,0.0,0.0,0.0,0.0,0.0,0.0,0.0,0.0,0.0,0.0,0.0,0.0,0.0,3.3473587665652417e-06,0.0,0.0,3.3473587665652417e-06,0.0,0.0,0.0,0.0,0.0,0.0,0.0,0.0,0.0,0.0,0.0,0.0,0.0,0.0,0.0,0.0,0.0,0.0,0.0,0.0,0.0,0.0,0.0,0.0,0.0,0.0,0.0,0.0,0.0,0.0,0.0,0.0,0.0,0.0,0.0,0.0,0.0,0.0,0.0,0.0,0.0,0.0,0.0,0.0,0.0,0.0,0.0,0.0,0.0,0.0,0.0,0.0,0.0,0.0,0.0,0.0,0.0,0.0,0.0,6.694717533130483e-06,0.0,0.0,0.0,0.0,0.0,0.0,0.0,0.0,0.0,0.0,0.0,0.0,0.0
0.0,0.0,0.0,0.0,0.0,0.0,0.0,0.0,0.0,0.0,0.0,0.0,0.0,0.0,0.0,0.0,0.0,0.0,0.0,0.0,0.0,0.0,0.0,0.0,0.0,0.0,0.0,0.0,0.0,0.0,0.0,0.0,0.0,0.0,0.0,0.0,0.0,0.0,0.0,0.0,0.0,0.0,0.0,0.0,0.0,0.0,0.0,0.0,0.0,0.0,0.0,0.0,0.0,0.0,0.0,0.0,0.0,0.0,0.0,0.0,0.0,0.0,0.0,0.0,3.3473587665652417e-06,0.0,0.0,0.0,0.0,0.0,0.0,0.0,0.0,0.0,0.0,0.0,0.0,0.0,0.0,0.0,0.0,0.0,0.0,0.0,0.0,0.0,0.0,0.0,0.0,0.0,0.0,0.0,0.0,0.0,0.0,0.0,0.0,0.0,0.0,0.0,0.0,0.0,0.0,0.0,0.0,0.0,0.0,0.0,0.0,0.0,0.0,0.0,0.0,0.0,0.0,0.0,0.0,0.0,0.0,0.0,0.0,0.0,0.0,0.0,0.0,0.0,0.0,0.0,0.0,0.0,0.0,0.0,0.0,0.0,0.0,0.0,0.0,0.0,0.0,0.0,0.0,0.0,0.0,0.0,0.0,0.0,0.0,0.0,0.0,0.0,0.0,0.0,0.0,0.0,0.0,0.0,0.0,0.0,0.0,0.0,0.0,0.0,0.0,0.0,0.0,0.0,0.0,0.0,0.0,0.0,0.0,0.0,0.0,0.0,0.0,0.0,0.0,0.0,0.0,0.0,0.0,0.0,0.0,0.0,0.0,0.0,0.0,0.0,0.0,0.0,0.0,0.0,0.0,0.0,0.0,0.0,0.0,0.0,0.0,0.0,0.0,0.0,0.0,0.0,0.0,0.0,0.0,0.0,0.0,3.3473587665652417e-06,0.0,0.0,0.0,0.0,0.0,0.0,0.0,0.0,3.3473587665652417e-06,0.0,3.3473587665652417e-06,3.3473587665652417e-06,0.0,0.0,0.0,0.0,3.3473587665652417e-06,0.0,0.0,3.3473587665652417e-06,1.0042076299695725e-05,0.0,0.0,3.3473587665652417e-06,3.3473587665652417e-06,0.0,6.694717533130483e-06,0.0,0.0,0.0,3.3473587665652417e-06,0.0,0.0,0.0,3.3473587665652417e-06,0.0,6.694717533130483e-06,3.3473587665652417e-06,3.3473587665652417e-06,0.0,0.0,3.3473587665652417e-06,0.0,0.0,0.0,0.0,0.0,0.0,0.0,0.0,0.0,0.0,0.0,0.0,0.0,3.3473587665652417e-06,0.0,0.0,0.0,0.0,0.0,3.3473587665652417e-06,0.0,0.0,0.0,0.0,0.0,0.0,0.0,0.0,0.0,0.0,0.0,0.0,0.0,0.0,0.0,0.0,0.0,0.0,0.0,0.0,0.0,0.0,0.0,0.0,0.0,0.0,0.0,0.0,0.0,0.0,0.0,0.0,0.0,0.0,0.0,0.0,0.0,0.0,0.0,0.0,0.0,0.0,0.0,0.0,0.0,0.0,0.0,0.0,0.0,0.0,0.0,0.0,0.0,0.0,0.0,0.0,0.0,0.0,0.0,0.0,0.0,0.0,0.0,3.3473587665652417e-06,0.0,0.0,0.0,0.0,0.0,0.0,0.0,0.0,0.0,0.0,0.0,0.0,0.0,0.0,0.0,0.0,0.0,0.0,0.0,0.0,0.0,0.0,0.0,0.0
0.0,0.0,0.0,0.0,0.0,0.0,0.0,0.0,0.0,0.0,0.0,0.0,0.0,0.0,0.0,0.0,0.0,0.0,0.0,0.0,0.0,0.0,0.0,0.0,0.0,0.0,0.0,0.0,0.0,0.0,3.3473587665652417e-06,0.0,0.0,0.0,0.0,0.0,3.3473587665652417e-06,0.0,0.0,0.0,0.0,0.0,0.0,0.0,0.0,0.0,0.0,0.0,0.0,0.0,0.0,0.0,0.0,0.0,0.0,0.0,0.0,0.0,0.0,0.0,0.0,0.0,0.0,0.0,0.0,0.0,0.0,0.0,0.0,0.0,0.0,0.0,0.0,0.0,0.0,0.0,0.0,0.0,0.0,0.0,1.3389435066260967e-05,0.0,0.0,0.0,0.0,0.0,0.0,0.0,0.0,0.0,0.0,0.0,0.0,0.0,0.0,0.0,0.0,0.0,0.0,0.0,0.0,0.0,0.0,0.0,0.0,0.0,0.0,0.0,0.0,0.0,0.0,0.0,0.0,0.0,0.0,0.0,0.0,0.0,0.0,0.0,0.0,0.0,0.0,0.0,0.0,0.0,0.0,0.0,0.0,0.0,0.0,0.0,0.0,0.0,0.0,0.0,0.0,0.0,0.0,0.0,0.0,0.0,0.0,0.0,0.0,0.0,0.0,0.0,0.0,0.0,0.0,0.0,0.0,0.0,0.0,0.0,0.0,0.0,0.0,0.0,0.0,0.0,0.0,0.0,0.0,0.0,0.0,0.0,0.0,0.0,0.0,0.0,0.0,0.0,0.0,0.0,0.0,0.0,0.0,0.0,0.0,0.0,0.0,0.0,0.0,0.0,0.0,0.0,0.0,0.0,0.0,0.0,0.0,0.0,0.0,0.0,0.0,0.0,3.3473587665652417e-06,0.0,0.0,0.0,0.0,0.0,0.0,0.0,0.0,0.0,0.0,0.0,3.3473587665652417e-06,0.0,0.0,0.0,0.0,0.0,0.0,0.0,0.0,0.0,0.0,6.694717533130483e-06,0.0,0.0,0.0,0.0,0.0,0.0,3.3473587665652417e-06,3.3473587665652417e-06,0.0,0.0,6.694717533130483e-06,0.0,6.694717533130483e-06,0.0,6.694717533130483e-06,0.0,0.0,6.694717533130483e-06,0.0,0.0,3.3473587665652417e-06,0.0,0.0,0.0,0.0,0.0,0.0,3.3473587665652417e-06,3.3473587665652417e-06,0.0,0.0,0.0,0.0,0.0,0.0,0.0,0.0,3.3473587665652417e-06,3.3473587665652417e-06,0.0,0.0,0.0,0.0,0.0,0.0,0.0,0.0,0.0,0.0,0.0,0.0,0.0,0.0,0.0,0.0,0.0,3.3473587665652417e-06,0.0,0.0,0.0,0.0,0.0,0.0,0.0,0.0,0.0,0.0,0.0,0.0,0.0,0.0,0.0,0.0,0.0,0.0,0.0,0.0,0.0,0.0,0.0,0.0,0.0,0.0,0.0,0.0,0.0,0.0,0.0,0.0,0.0,0.0,0.0,0.0,0.0,0.0,0.0,0.0,0.0,0.0,0.0,0.0,0.0,0.0,0.0,0.0,0.0,0.0,0.0,0.0,0.0,0.0,0.0,0.0,0.0,0.0,0.0,0.0,0.0,0.0,0.0,0.0,0.0,0.0,0.0,0.0,0.0,0.0,0.0,0.0,0.0,0.0,0.0,0.0,0.0,0.0,0.0,0.0,0.0
0.0,0.0,0.0,0.0,0.0,0.0,0.0,0.0,0.0,0.0,0.0,0.0,0.0,0.0,0.0,0.0,0.0,0.0,0.0,0.0,0.0,0.0,0.0,0.0,0.0,0.0,0.0,0.0,0.0,3.3473587665652417e-06,0.0,0.0,0.0,0.0,0.0,0.0,0.0,0.0,0.0,0.0,0.0,0.0,0.0,0.0,0.0,0.0,0.0,0.0,0.0,0.0,0.0,0.0,0.0,0.0,0.0,0.0,0.0,0.0,0.0,0.0,0.0,0.0,0.0,0.0,0.0,0.0,0.0,0.0,0.0,0.0,0.0,0.0,0.0,0.0,0.0,0.0,0.0,0.0,0.0,0.0,0.0,0.0,0.0,0.0,0.0,0.0,0.0,0.0,0.0,0.0,0.0,0.0,0.0,0.0,0.0,0.0,0.0,0.0,0.0,0.0,0.0,0.0,0.0,0.0,0.0,0.0,0.0,0.0,0.0,0.0,0.0,0.0,0.0,0.0,0.0,0.0,0.0,0.0,0.0,0.0,0.0,0.0,0.0,0.0,0.0,0.0,0.0,0.0,0.0,0.0,0.0,0.0,0.0,0.0,0.0,0.0,0.0,0.0,0.0,0.0,0.0,0.0,0.0,0.0,0.0,0.0,0.0,0.0,0.0,0.0,0.0,0.0,0.0,0.0,0.0,0.0,0.0,0.0,0.0,0.0,0.0,0.0,0.0,0.0,0.0,0.0,0.0,0.0,0.0,0.0,0.0,0.0,0.0,0.0,0.0,0.0,0.0,0.0,0.0,0.0,0.0,0.0,0.0,0.0,0.0,0.0,0.0,0.0,0.0,0.0,0.0,0.0,0.0,0.0,0.0,0.0,0.0,0.0,0.0,0.0,0.0,0.0,0.0,0.0,0.0,0.0,0.0,0.0,0.0,0.0,0.0,0.0,3.3473587665652417e-06,0.0,0.0,0.0,6.694717533130483e-06,0.0,0.0,3.3473587665652417e-06,0.0,0.0,0.0,0.0,3.3473587665652417e-06,3.3473587665652417e-06,0.0,6.694717533130483e-06,3.3473587665652417e-06,3.3473587665652417e-06,0.0,3.3473587665652417e-06,0.0,0.0,0.0,6.694717533130483e-06,0.0,0.0,3.3473587665652417e-06,3.3473587665652417e-06,0.0,3.3473587665652417e-06,3.3473587665652417e-06,6.694717533130483e-06,0.0,6.694717533130483e-06,0.0,6.694717533130483e-06,0.0,3.3473587665652417e-06,3.3473587665652417e-06,0.0,0.0,0.0,0.0,6.694717533130483e-06,0.0,0.0,0.0,3.3473587665652417e-06,0.0,0.0,0.0,3.3473587665652417e-06,0.0,0.0,0.0,0.0,0.0,0.0,3.3473587665652417e-06,0.0,0.0,0.0,0.0,0.0,0.0,0.0,0.0,3.3473587665652417e-06,0.0,0.0,0.0,0.0,0.0,0.0,0.0,0.0,0.0,0.0,0.0,0.0,0.0,0.0,0.0,0.0,0.0,0.0,0.0,0.0,0.0,0.0,0.0,0.0,0.0,0.0,0.0,0.0,0.0,0.0,0.0,0.0,0.0,0.0,0.0,0.0,0.0,0.0,0.0,0.0,0.0,0.0,0.0,0.0,0.0,0.0,0.0,0.0,0.0,0.0,0.0,0.0,0.0,0.0,0.0,0.0,0.0,0.0,0.0,0.0,0.0,0.0,0.0,0.0,0.0,0.0,0.0,0.0,0.0,0.0,0.0,0.0,0.0,0.0,0.0,0.0,0.0,0.0,0.0,0.0
0.0,0.0,0.0,0.0,0.0,0.0,0.0,0.0,0.0,0.0,3.3473587665652417e-06,0.0,0.0,0.0,0.0,0.0,3.3473587665652417e-06,0.0,0.0,0.0,0.0,0.0,0.0,0.0,0.0,0.0,0.0,0.0,0.0,0.0,0.0,0.0,0.0,0.0,0.0,0.0,0.0,0.0,0.0,0.0,0.0,0.0,0.0,0.0,0.0,0.0,0.0,0.0,3.3473587665652417e-06,0.0,0.0,0.0,0.0,0.0,0.0,0.0,0.0,0.0,0.0,0.0,0.0,0.0,0.0,0.0,0.0,0.0,0.0,0.0,0.0,0.0,0.0,0.0,0.0,0.0,0.0,0.0,0.0,0.0,0.0,0.0,0.0,0.0,0.0,0.0,0.0,0.0,0.0,0.0,0.0,0.0,0.0,0.0,0.0,0.0,0.0,0.0,0.0,0.0,0.0,0.0,0.0,0.0,0.0,0.0,0.0,0.0,0.0,0.0,0.0,0.0,0.0,0.0,0.0,0.0,0.0,3.3473587665652417e-06,0.0,0.0,0.0,0.0,0.0,0.0,0.0,0.0,0.0,0.0,0.0,0.0,0.0,0.0,0.0,0.0,0.0,0.0,0.0,0.0,0.0,0.0,0.0,0.0,0.0,0.0,0.0,0.0,0.0,0.0,0.0,0.0,0.0,0.0,0.0,0.0,0.0,0.0,0.0,0.0,0.0,0.0,0.0,0.0,0.0,0.0,0.0,0.0,0.0,0.0,0.0,0.0,0.0,0.0,0.0,0.0,0.0,0.0,0.0,0.0,0.0,0.0,0.0,0.0,0.0,0.0,0.0,0.0,0.0,0.0,0.0,0.0,3.3473587665652417e-06,0.0,0.0,0.0,0.0,0.0,0.0,0.0,0.0,0.0,0.0,0.0,0.0,0.0,0.0,0.0,0.0,0.0,0.0,0.0,0.0,0.0,0.0,0.0,0.0,1.0042076299695725e-05,0.0,0.0,6.694717533130483e-06,3.3473587665652417e-06,0.0,1.0042076299695725e-05,6.694717533130483e-06,0.0,0.0,0.0,0.0,0.0,3.3473587665652417e-06,3.3473587665652417e-06,0.0,6.694717533130483e-06,6.694717533130483e-06,6.694717533130483e-06,3.3473587665652417e-06,0.0,0.0,3.3473587665652417e-06,6.694717533130483e-06,3.3473587665652417e-06,6.694717533130483e-06,0.0,3.3473587665652417e-06,3.3473587665652417e-06,0.0,6.694717533130483e-06,0.0,0.0,0.0,3.3473587665652417e-06,6.694717533130483e-06,0.0,0.0,3.3473587665652417e-06,0.0,0.0,0.0,0.0,0.0,3.3473587665652417e-06,3.3473587665652417e-06,0.0,0.0,0.0,0.0,0.0,0.0,0.0,0.0,0.0,3.3473587665652417e-06,0.0,0.0,0.0,3.3473587665652417e-06,0.0,0.0,0.0,0.0,0.0,0.0,0.0,0.0,0.0,0.0,0.0,0.0,0.0,0.0,0.0,0.0,0.0,0.0,0.0,0.0,0.0,0.0,0.0,0.0,0.0,0.0,0.0,0.0,0.0,0.0,0.0,0.0,0.0,0.0,0.0,0.0,0.0,0.0,0.0,0.0,0.0,0.0,0.0,0.0,0.0,0.0,0.0,0.0,0.0,0.0,0.0,0.0,0.0,0.0,0.0,0.0,0.0,0.0,0.0,0.0,0.0,0.0,0.0,0.0,0.0,0.0,0.0,0.0,0.0,0.0,0.0,0.0,0.0,0.0,0.0,0.0,0.0,0.0,0.0,0.0,0.0,0.0,0.0,0.0,0.0,0.0,0.0
0.0,3.3473587665652417e-06,0.0,0.0,0.0,0.0,0.0,0.0,0.0,0.0,0.0,0.0,0.0,0.0,0.0,0.0,0.0,0.0,0.0,0.0,0.0,0.0,0.0,0.0,0.0,0.0,0.0,0.0,3.3473587665652417e-06,0.0,0.0,0.0,0.0,0.0,0.0,0.0,0.0,0.0,0.0,3.3473587665652417e-06,0.0,0.0,0.0,0.0,0.0,3.3473587665652417e-06,0.0,0.0,0.0,0.0,0.0,0.0,0.0,0.0,0.0,0.0,0.0,0.0,3.3473587665652417e-06,0.0,0.0,0.0,0.0,0.0,0.0,0.0,0.0,0.0,0.0,0.0,0.0,0.0,0.0,0.0,0.0,0.0,0.0,0.0,0.0,0.0,0.0,0.0,0.0,0.0,0.0,0.0,0.0,0.0,0.0,0.0,0.0,0.0,0.0,0.0,0.0,0.0,0.0,0.0,0.0,0.0,0.0,0.0,0.0,0.0,0.0,0.0,0.0,0.0,0.0,0.0,0.0,0.0,0.0,0.0,0.0,0.0,0.0,0.0,0.0,0.0,0.0,0.0,0.0,0.0,0.0,0.0,0.0,0.0,0.0,0.0,0.0,0.0,0.0,0.0,0.0,0.0,0.0,0.0,0.0,0.0,0.0,0.0,0.0,0.0,0.0,0.0,0.0,0.0,0.0,0.0,0.0,0.0,0.0,0.0,0.0,0.0,0.0,0.0,0.0,0.0,0.0,0.0,0.0,0.0,0.0,0.0,0.0,0.0,0.0,0.0,0.0,0.0,0.0,0.0,0.0,0.0,0.0,0.0,0.0,0.0,0.0,0.0,0.0,0.0,0.0,0.0,0.0,0.0,0.0,0.0,0.0,3.3473587665652417e-06,0.0,0.0,0.0,0.0,0.0,0.0,0.0,0.0,0.0,0.0,0.0,0.0,0.0,3.3473587665652417e-06,0.0,0.0,0.0,0.0,0.0,0.0,0.0,6.694717533130483e-06,0.0,0.0,0.0,0.0,6.694717533130483e-06,0.0,0.0,0.0,3.3473587665652417e-06,6.694717533130483e-06,6.694717533130483e-06,3.3473587665652417e-06,3.3473587665652417e-06,1.0042076299695725e-05,3.3473587665652417e-06,0.0,0.0,6.694717533130483e-06,3.3473587665652417e-06,3.3473587665652417e-06,0.0,3.3473587665652417e-06,6.694717533130483e-06,1.0042076299695725e-05,6.694717533130483e-06,1.0042076299695725e-05,6.694717533130483e-06,3.3473587665652417e-06,0.0,0.0,0.0,0.0,1.3389435066260967e-05,6.694717533130483e-06,3.3473587665652417e-06,1.0042076299695725e-05,0.0,0.0,3.3473587665652417e-06,0.0,0.0,0.0,6.694717533130483e-06,0.0,0.0,6.694717533130483e-06,3.3473587665652417e-06,0.0,0.0,0.0,3.3473587665652417e-06,0.0,3.3473587665652417e-06,0.0,0.0,0.0,0.0,0.0,3.3473587665652417e-06,0.0,0.0,0.0,0.0,0.0,0.0,0.0,0.0,0.0,0.0,0.0,3.3473587665652417e-06,0.0,0.0,0.0,0.0,0.0,0.0,3.3473587665652417e-06,0.0,0.0,0.0,0.0,0.0,0.0,0.0,0.0,0.0,0.0,0.0,0.0,0.0,0.0,0.0,0.0,0.0,0.0,0.0,0.0,0.0,0.0,0.0,0.0,0.0,0.0,0.0,0.0,0.0,0.0,0.0,0.0,0.0,0.0,0.0,0.0,0.0,0.0,0.0,0.0,0.0,0.0,0.0,0.0,0.0,0.0,0.0,0.0,0.0,0.0,0.0,0.0,0.0,0.0,0.0,0.0,0.0,0.0,0.0,0.0,0.0,0.0,0.0,0.0,0.0,0.0,0.0,0.0
0.0,0.0,0.0,0.0,0.0,0.0,0.0,0.0,0.0,0.0,0.0,0.0,0.0,0.0,0.0,0.0,0.0,0.0,0.0,0.0,0.0,0.0,0.0,0.0,0.0,0.0,0.0,0.0,0.0,0.0,0.0,0.0,0.0,0.0,0.0,0.0,0.0,0.0,0.0,0.0,0.0,0.0,0.0,3.3473587665652417e-06,3.3473587665652417e-06,0.0,0.0,0.0,0.0,0.0,0.0,0.0,0.0,0.0,0.0,0.0,0.0,0.0,0.0,6.694717533130483e-06,0.0,0.0,0.0,0.0,0.0,0.0,0.0,0.0,0.0,0.0,0.0,0.0,0.0,0.0,0.0,0.0,0.0,0.0,0.0,0.0,0.0,0.0,0.0,0.0,0.0,3.3473587665652417e-06,0.0,0.0,0.0,0.0,0.0,0.0,0.0,0.0,0.0,0.0,0.0,0.0,0.0,0.0,0.0,0.0,0.0,0.0,0.0,0.0,0.0,0.0,0.0,0.0,0.0,0.0,0.0,0.0,0.0,0.0,0.0,0.0,0.0,0.0,0.0,0.0,0.0,0.0,0.0,0.0,0.0,0.0,0.0,0.0,0.0,0.0,0.0,0.0,0.0,0.0,0.0,0.0,0.0,0.0,0.0,0.0,0.0,0.0,0.0,0.0,0.0,0.0,0.0,0.0,0.0,0.0,0.0,0.0,0.0,0.0,0.0,0.0,0.0,0.0,0.0,0.0,0.0,0.0,0.0,0.0,0.0,0.0,0.0,0.0,0.0,0.0,0.0,0.0,0.0,0.0,0.0,0.0,0.0,0.0,0.0,0.0,0.0,0.0,0.0,0.0,0.0,0.0,0.0,0.0,0.0,0.0,6.694717533130483e-06,0.0,0.0,0.0,0.0,0.0,0.0,0.0,0.0,0.0,3.3473587665652417e-06,0.0,0.0,0.0,0.0,0.0,0.0,0.0,3.3473587665652417e-06,3.3473587665652417e-06,0.0,3.3473587665652417e-06,0.0,6.694717533130483e-06,0.0,3.3473587665652417e-06,0.0,3.3473587665652417e-06,0.0,0.0,6.694717533130483e-06,0.0,0.0,0.0,3.3473587665652417e-06,3.3473587665652417e-06,3.3473587665652417e-06,1.0042076299695725e-05,3.3473587665652417e-06,3.3473587665652417e-06,1.0042076299695725e-05,1.0042076299695725e-05,3.3473587665652417e-06,6.694717533130483e-06,0.0,1.0042076299695725e-05,6.694717533130483e-06,1.3389435066260967e-05,1.0042076299695725e-05,0.0,3.3473587665652417e-06,6.694717533130483e-06,3.3473587665652417e-06,6.694717533130483e-06,6.694717533130483e-06,3.3473587665652417e-06,3.3473587665652417e-06,0.0,6.694717533130483e-06,0.0,0.0,6.694717533130483e-06,0.0,0.0,6.694717533130483e-06,0.0,0.0,0.0,6.694717533130483e-06,0.0,0.0,0.0,0.0,0.0,1.3389435066260967e-05,0.0,0.0,0.0,0.0,0.0,0.0,3.3473587665652417e-06,0.0,0.0,0.0,3.3473587665652417e-06,0.0,0.0,0.0,0.0,0.0,0.0,0.0,0.0,0.0,0.0,0.0,0.0,0.0,0.0,0.0,0.0,0.0,0.0,0.0,0.0,0.0,0.0,0.0,0.0,0.0,0.0,0.0,0.0,0.0,0.0,0.0,0.0,0.0,0.0,0.0,0.0,0.0,0.0,0.0,0.0,0.0,0.0,0.0,0.0,0.0,0.0,0.0,0.0,0.0,0.0,0.0,0.0,0.0,0.0,0.0,0.0,0.0,0.0,0.0,0.0,0.0,0.0,0.0,0.0,0.0,0.0,0.0,0.0,0.0,0.0,0.0,0.0,0.0,3.3473587665652417e-06,0.0,0.0,0.0,0.0,0.0,0.0,0.0,0.0
0.0,0.0,0.0,0.0,0.0,0.0,0.0,0.0,0.0,0.0,0.0,0.0,0.0,0.0,0.0,0.0,0.0,0.0,0.0,0.0,0.0,0.0,0.0,0.0,0.0,0.0,0.0,0.0,0.0,0.0,0.0,0.0,0.0,0.0,0.0,0.0,0.0,0.0,0.0,0.0,0.0,0.0,0.0,0.0,0.0,0.0,0.0,0.0,0.0,0.0,0.0,0.0,0.0,0.0,0.0,0.0,0.0,0.0,0.0,0.0,0.0,3.3473587665652417e-06,0.0,0.0,0.0,3.3473587665652417e-06,0.0,0.0,0.0,3.3473587665652417e-06,0.0,0.0,0.0,0.0,0.0,0.0,0.0,0.0,0.0,0.0,0.0,0.0,0.0,0.0,0.0,0.0,0.0,0.0,0.0,0.0,0.0,0.0,0.0,0.0,0.0,0.0,0.0,0.0,0.0,0.0,0.0,0.0,0.0,0.0,0.0,0.0,0.0,0.0,0.0,0.0,0.0,0.0,0.0,0.0,0.0,0.0,0.0,0.0,0.0,0.0,0.0,0.0,0.0,0.0,0.0,0.0,3.3473587665652417e-06,0.0,0.0,0.0,0.0,0.0,0.0,0.0,0.0,0.0,0.0,0.0,0.0,0.0,0.0,0.0,0.0,0.0,0.0,0.0,0.0,0.0,0.0,0.0,0.0,0.0,0.0,0.0,0.0,0.0,0.0,0.0,0.0,0.0,0.0,0.0,0.0,0.0,0.0,0.0,0.0,0.0,0.0,0.0,0.0,0.0,0.0,0.0,0.0,0.0,0.0,3.3473587665652417e-06,0.0,0.0,0.0,0.0,0.0,0.0,0.0,0.0,0.0,0.0,0.0,0.0,0.0,0.0,0.0,0.0,0.0,0.0,3.3473587665652417e-06,3.3473587665652417e-06,0.0,3.3473587665652417e-06,0.0,0.0,6.694717533130483e-06,0.0,0.0,0.0,0.0,0.0,0.0,0.0,3.3473587665652417e-06,3.3473587665652417e-06,0.0,0.0,0.0,0.0,3.3473587665652417e-06,6.694717533130483e-06,0.0,0.0,1.3389435066260967e-05,0.0,0.0,3.3473587665652417e-06,3.3473587665652417e-06,6.694717533130483e-06,0.0,3.3473587665652417e-06,0.0,2.008415259939145e-05,1.673679383282621e-05,1.3389435066260967e-05,1.0042076299695725e-05,6.694717533130483e-06,1.0042076299695725e-05,3.3473587665652417e-06,0.0,3.3473587665652417e-06,1.3389435066260967e-05,6.694717533130483e-06,3.3473587665652417e-06,3.3473587665652417e-06,3.3473587665652417e-06,3.3473587665652417e-06,0.0,3.3473587665652417e-06,0.0,3.3473587665652417e-06,0.0,6.694717533130483e-06,0.0,0.0,0.0,6.694717533130483e-06,6.694717533130483e-06,0.0,3.3473587665652417e-06,3.3473587665652417e-06,0.0,6.694717533130483e-06,0.0,0.0,0.0,3.3473587665652417e-06,0.0,0.0,0.0,0.0,6.694717533130483e-06,0.0,3.3473587665652417e-06,0.0,0.0,3.3473587665652417e-06,0.0,0.0,0.0,0.0,0.0,0.0,0.0,0.0,0.0,0.0,0.0,0.0,0.0,0.0,0.0,0.0,0.0,0.0,0.0,0.0,0.0,0.0,0.0,0.0,0.0,0.0,0.0,0.0,0.0,0.0,0.0,0.0,0.0,0.0,0.0,0.0,0.0,0.0,0.0,0.0,0.0,0.0,0.0,0.0,0.0,0.0,0.0,0.0,0.0,0.0,0.0,0.0,0.0,0.0,0.0,0.0,0.0,0.0,0.0,0.0,0.0,0.0,0.0,0.0,0.0,0.0,0.0,0.0,0.0,0.0,0.0,0.0,0.0,0.0,0.0,0.0,0.0,0.0,0.0,0.0,0.0,0.0,0.0,0.0,0.0,0.0
0.0,0.0,0.0,0.0,0.0,0.0,0.0,0.0,0.0,0.0,0.0,0.0,0.0,0.0,0.0,0.0,0.0,0.0,0.0,0.0,0.0,0.0,0.0,0.0,0.0,0.0,0.0,0.0,0.0,0.0,0.0,0.0,0.0,0.0,0.0,0.0,0.0,0.0,0.0,0.0,0.0,0.0,0.0,0.0,0.0,0.0,0.0,0.0,0.0,0.0,0.0,0.0,0.0,0.0,0.0,0.0,0.0,0.0,0.0,0.0,0.0,0.0,0.0,0.0,0.0,0.0,0.0,0.0,0.0,0.0,0.0,0.0,0.0,0.0,0.0,0.0,0.0,0.0,0.0,0.0,0.0,0.0,0.0,0.0,0.0,6.694717533130483e-06,0.0,0.0,0.0,0.0,0.0,0.0,0.0,3.3473587665652417e-06,0.0,0.0,3.3473587665652417e-06,0.0,0.0,0.0,0.0,0.0,0.0,0.0,0.0,0.0,0.0,0.0,0.0,0.0,0.0,0.0,0.0,0.0,0.0,0.0,0.0,0.0,0.0,0.0,0.0,0.0,0.0,0.0,0.0,0.0,0.0,0.0,0.0,0.0,0.0,0.0,0.0,0.0,0.0,0.0,0.0,0.0,0.0,0.0,0.0,0.0,0.0,0.0,0.0,0.0,0.0,0.0,0.0,0.0,0.0,0.0,0.0,0.0,0.0,0.0,0.0,0.0,0.0,0.0,0.0,0.0,0.0,0.0,0.0,0.0,0.0,0.0,0.0,0.0,0.0,0.0,0.0,0.0,0.0,0.0,0.0,0.0,0.0,0.0,0.0,0.0,0.0,0.0,0.0,0.0,0.0,0.0,0.0,0.0,0.0,0.0,0.0,0.0,0.0,0.0,0.0,0.0,0.0,0.0,0.0,0.0,3.3473587665652417e-06,1.0042076299695725e-05,0.0,0.0,0.0,3.3473587665652417e-06,0.0,0.0,0.0,0.0,0.0,0.0,3.3473587665652417e-06,0.0,3.3473587665652417e-06,3.3473587665652417e-06,0.0,3.3473587665652417e-06,3.3473587665652417e-06,0.0,0.0,0.0,1.0042076299695725e-05,3.3473587665652417e-06,3.3473587665652417e-06,0.0,1.3389435066260967e-05,4.6863022731913386e-05,2.008415259939145e-05,4.01683051987829e-05,1.3389435066260967e-05,6.694717533130483e-06,3.3473587665652417e-06,0.0,3.3473587665652417e-06,1.0042076299695725e-05,3.3473587665652417e-06,3.3473587665652417e-06,6.694717533130483e-06,0.0,6.694717533130483e-06,1.673679383282621e-05,6.694717533130483e-06,3.3473587665652417e-06,1.0042076299695725e-05,1.3389435066260967e-05,3.3473587665652417e-06,3.3473587665652417e-06,6.694717533130483e-06,1.0042076299695725e-05,3.3473587665652417e-06,3.3473587665652417e-06,3.3473587665652417e-06,0.0,6.694717533130483e-06,0.0,0.0,0.0,0.0,3.3473587665652417e-06,0.0,0.0,0.0,0.0,0.0,0.0,0.0,0.0,0.0,0.0,0.0,3.3473587665652417e-06,0.0,0.0,0.0,0.0,0.0,0.0,0.0,0.0,0.0,0.0,0.0,0.0,0.0,0.0,0.0,0.0,6.694717533130483e-06,0.0,0.0,0.0,0.0,0.0,0.0,3.3473587665652417e-06,0.0,0.0,0.0,0.0,0.0,0.0,0.0,0.0,0.0,0.0,0.0,0.0,0.0,0.0,0.0,0.0,0.0,0.0,0.0,0.0,0.0,0.0,0.0,0.0,0.0,0.0,0.0,0.0,0.0,0.0,0.0,0.0,0.0,0.0,0.0,0.0,0.0,0.0,0.0,0.0,0.0,0.0,0.0,0.0,0.0,0.0,0.0,0.0,0.0,0.0,0.0,0.0,0.0,0.0,0.0,0.0,0.0,0.0,0.0,0.0,0.0,0.0
0.0,0.0,0.0,0.0,0.0,0.0,0.0,0.0,0.0,0.0,0.0,0.0,0.0,0.0,0.0,0.0,0.0,0.0,0.0,0.0,0.0,3.3473587665652417e-06,0.0,0.0,0.0,0.0,0.0,0.0,0.0,0.0,0.0,0.0,0.0,0.0,0.0,0.0,0.0,0.0,0.0,0.0,0.0,0.0,0.0,3.3473587665652417e-06,0.0,0.0,3.3473587665652417e-06,3.3473587665652417e-06,0.0,0.0,0.0,3.3473587665652417e-06,0.0,0.0,0.0,0.0,0.0,0.0,3.3473587665652417e-06,0.0,0.0,1.0042076299695725e-05,0.0,0.0,0.0,0.0,6.694717533130483e-06,0.0,0.0,0.0,3.3473587665652417e-06,0.0,0.0,3.3473587665652417e-06,0.0,0.0,0.0,0.0,0.0,0.0,0.0,0.0,0.0,0.0,0.0,0.0,0.0,0.0,0.0,0.0,0.0,0.0,0.0,0.0,0.0,0.0,0.0,0.0,0.0,0.0,0.0,0.0,0.0,0.0,0.0,0.0,0.0,0.0,0.0,0.0,0.0,0.0,0.0,0.0,0.0,0.0,3.3473587665652417e-06,0.0,0.0,3.3473587665652417e-06,0.0,0.0,0.0,0.0,0.0,0.0,0.0,0.0,0.0,0.0,0.0,0.0,0.0,0.0,0.0,0.0,0.0,0.0,0.0,0.0,0.0,0.0,0.0,0.0,0.0,0.0,6.694717533130483e-06,0.0,0.0,0.0,0.0,0.0,0.0,0.0,0.0,0.0,0.0,0.0,0.0,0.0,0.0,0.0,0.0,0.0,0.0,0.0,0.0,0.0,0.0,0.0,0.0,0.0,0.0,0.0,0.0,0.0,0.0,0.0,0.0,0.0,0.0,0.0,0.0,0.0,0.0,0.0,0.0,0.0,0.0,0.0,0.0,0.0,0.0,0.0,0.0,3.3473587665652417e-06,0.0,0.0,0.0,0.0,0.0,0.0,0.0,0.0,3.3473587665652417e-06,0.0,0.0,0.0,0.0,0.0,3.3473587665652417e-06,0.0,3.3473587665652417e-06,3.3473587665652417e-06,3.3473587665652417e-06,3.3473587665652417e-06,3.3473587665652417e-06,0.0,3.3473587665652417e-06,6.694717533130483e-06,3.3473587665652417e-06,0.0,6.694717533130483e-06,1.0042076299695725e-05,0.0,0.0,1.673679383282621e-05,6.694717533130483e-06,3.3473587665652417e-06,4.01683051987829e-05,3.0126228899087174e-05,6.694717533130483e-06,0.0,2.008415259939145e-05,1.0042076299695725e-05,1.3389435066260967e-05,3.3473587665652417e-06,0.0,3.3473587665652417e-06,3.3473587665652417e-06,3.3473587665652417e-06,1.0042076299695725e-05,6.694717533130483e-06,3.3473587665652417e-06,6.694717533130483e-06,0.0,6.694717533130483e-06,0.0,3.3473587665652417e-06,3.3473587665652417e-06,0.0,0.0,3.3473587665652417e-06,1.0042076299695725e-05,0.0,0.0,6.694717533130483e-06,3.3473587665652417e-06,0.0,0.0,3.3473587665652417e-06,3.3473587665652417e-06,0.0,3.3473587665652417e-06,0.0,0.0,0.0,0.0,0.0,3.3473587665652417e-06,0.0,0.0,0.0,0.0,0.0,6.694717533130483e-06,0.0,6.694717533130483e-06,0.0,0.0,0.0,0.0,0.0,0.0,0.0,0.0,0.0,0.0,0.0,0.0,0.0,0.0,0.0,0.0,0.0,0.0,0.0,0.0,0.0,0.0,0.0,0.0,0.0,0.0,3.3473587665652417e-06,0.0,0.0,0.0,0.0,0.0,0.0,0.0,0.0,0.0,0.0,0.0,0.0,0.0,0.0,0.0,0.0,0.0,0.0,0.0,0.0,0.0,0.0,0.0,0.0,0.0,0.0,0.0,0.0,0.0,3.3473587665652417e-06,0.0,0.0,0.0,0.0,0.0,0.0,0.0,0.0,0.0,0.0,0.0,0.0,0.0,0.0,0.0,0.0,0.0,0.0,0.0,0.0,0.0,0.0,0.0,0.0,0.0
0.0,0.0,0.0,0.0,0.0,0.0,0.0,0.0,0.0,0.0,0.0,3.3473587665652417e-06,0.0,0.0,0.0,0.0,0.0,0.0,0.0,0.0,0.0,0.0,0.0,0.0,0.0,0.0,0.0,0.0,0.0,0.0,0.0,0.0,0.0,0.0,0.0,0.0,0.0,0.0,0.0,0.0,0.0,0.0,0.0,0.0,0.0,0.0,0.0,0.0,3.3473587665652417e-06,0.0,0.0,0.0,0.0,0.0,0.0,0.0,0.0,0.0,0.0,3.3473587665652417e-06,0.0,0.0,0.0,0.0,0.0,3.3473587665652417e-06,6.694717533130483e-06,0.0,0.0,0.0,0.0,0.0,0.0,0.0,0.0,0.0,0.0,0.0,0.0,0.0,0.0,0.0,0.0,0.0,0.0,0.0,0.0,3.3473587665652417e-06,0.0,0.0,0.0,0.0,0.0,0.0,0.0,0.0,0.0,0.0,0.0,0.0,0.0,0.0,0.0,0.0,0.0,0.0,0.0,0.0,0.0,0.0,0.0,0.0,0.0,0.0,3.3473587665652417e-06,3.3473587665652417e-06,0.0,0.0,0.0,0.0,0.0,0.0,0.0,0.0,0.0,0.0,0.0,0.0,0.0,0.0,0.0,0.0,0.0,0.0,0.0,0.0,0.0,0.0,0.0,0.0,0.0,0.0,0.0,0.0,0.0,0.0,0.0,0.0,0.0,0.0,0.0,0.0,0.0,0.0,0.0,0.0,0.0,0.0,0.0,0.0,3.3473587665652417e-06,0.0,0.0,0.0,0.0,0.0,0.0,0.0,0.0,0.0,0.0,0.0,0.0,0.0,0.0,0.0,0.0,0.0,0.0,0.0,0.0,0.0,0.0,0.0,0.0,0.0,0.0,0.0,0.0,0.0,0.0,0.0,0.0,0.0,0.0,0.0,0.0,0.0,0.0,0.0,0.0,0.0,0.0,0.0,0.0,3.3473587665652417e-06,0.0,3.3473587665652417e-06,3.3473587665652417e-06,0.0,0.0,0.0,0.0,3.3473587665652417e-06,3.3473587665652417e-06,0.0,3.3473587665652417e-06,1.3389435066260967e-05,6.694717533130483e-06,0.0,6.694717533130483e-06,0.0,0.0,6.694717533130483e-06,1.673679383282621e-05,6.694717533130483e-06,2.008415259939145e-05,1.0042076299695725e-05,1.3389435066260967e-05,2.3431511365956693e-05,1.0042076299695725e-05,1.673679383282621e-05,2.008415259939145e-05,3.3473587665652417e-06,1.673679383282621e-05,3.0126228899087174e-05,6.694717533130483e-06,2.008415259939145e-05,0.0,3.3473587665652417e-06,6.694717533130483e-06,0.0,3.3473587665652417e-06,1.3389435066260967e-05,6.694717533130483e-06,1.0042076299695725e-05,3.3473587665652417e-06,3.3473587665652417e-06,3.3473587665652417e-06,6.694717533130483e-06,0.0,3.3473587665652417e-06,0.0,6.694717533130483e-06,3.3473587665652417e-06,0.0,3.3473587665652417e-06,0.0,0.0,0.0,0.0,0.0,3.3473587665652417e-06,0.0,0.0,0.0,0.0,0.0,3.3473587665652417e-06,0.0,6.694717533130483e-06,0.0,0.0,0.0,0.0,0.0,0.0,0.0,0.0,0.0,0.0,0.0,0.0,0.0,0.0,0.0,0.0,0.0,0.0,0.0,0.0,0.0,0.0,0.0,0.0,0.0,0.0,0.0,0.0,0.0,0.0,0.0,0.0,0.0,0.0,0.0,0.0,0.0,0.0,0.0,0.0,0.0,0.0,0.0,0.0,0.0,0.0,0.0,0.0,0.0,0.0,0.0,0.0,0.0,0.0,0.0,0.0,0.0,0.0,0.0,0.0,0.0,0.0,0.0,0.0,0.0,0.0,0.0,0.0,0.0,0.0,0.0,0.0,0.0,0.0,0.0,0.0,0.0,0.0,0.0,0.0,0.0,0.0,0.0,0.0,0.0,0.0,0.0,0.0,0.0
0.0,0.0,0.0,0.0,0.0,0.0,0.0,0.0,3.3473587665652417e-06,3.3473587665652417e-06,0.0,3.3473587665652417e-06,0.0,0.0,0.0,0.0,0.0,0.0,0.0,0.0,0.0,0.0,0.0,0.0,0.0,3.3473587665652417e-06,0.0,0.0,0.0,0.0,0.0,0.0,0.0,0.0,0.0,0.0,0.0,0.0,0.0,0.0,0.0,0.0,0.0,0.0,0.0,0.0,0.0,0.0,0.0,0.0,0.0,0.0,0.0,0.0,0.0,0.0,0.0,3.3473587665652417e-06,3.3473587665652417e-06,0.0,0.0,0.0,6.694717533130483e-06,0.0,0.0,3.3473587665652417e-06,0.0,0.0,0.0,0.0,0.0,0.0,0.0,0.0,0.0,0.0,0.0,0.0,0.0,0.0,3.3473587665652417e-06,0.0,0.0,0.0,0.0,0.0,0.0,0.0,0.0,0.0,0.0,0.0,0.0,0.0,0.0,0.0,0.0,0.0,0.0,0.0,0.0,0.0,3.3473587665652417e-06,3.3473587665652417e-06,0.0,0.0,0.0,0.0,0.0,0.0,0.0,0.0,0.0,0.0,0.0,0.0,0.0,0.0,0.0,0.0,0.0,0.0,0.0,0.0,0.0,0.0,0.0,0.0,0.0,0.0,0.0,0.0,0.0,0.0,0.0,0.0,0.0,0.0,0.0,0.0,0.0,0.0,0.0,0.0,0.0,0.0,0.0,0.0,0.0,0.0,0.0,0.0,0.0,0.0,0.0,0.0,0.0,0.0,0.0,0.0,3.3473587665652417e-06,0.0,0.0,0.0,0.0,0.0,0.0,0.0,0.0,0.0,0.0,0.0,0.0,0.0,0.0,0.0,0.0,0.0,0.0,0.0,0.0,0.0,0.0,0.0,0.0,0.0,0.0,0.0,0.0,0.0,0.0,0.0,0.0,0.0,0.0,0.0,0.0,0.0,0.0,0.0,0.0,0.0,3.3473587665652417e-06,0.0,0.0,3.3473587665652417e-06,3.3473587665652417e-06,3.3473587665652417e-06,0.0,0.0,3.3473587665652417e-06,0.0,3.3473587665652417e-06,3.3473587665652417e-06,1.3389435066260967e-05,0.0,3.3473587665652417e-06,3.3473587665652417e-06,6.694717533130483e-06,1.0042076299695725e-05,1.0042076299695725e-05,2.008415259939145e-05,6.694717533130483e-06,1.673679383282621e-05,2.008415259939145e-05,1.0042076299695725e-05,1.0042076299695725e-05,1.3389435066260967e-05,2.008415259939145e-05,3.0126228899087174e-05,2.008415259939145e-05,2.008415259939145e-05,1.673679383282621e-05,1.0042076299695725e-05,0.0,1.673679383282621e-05,6.694717533130483e-06,2.3431511365956693e-05,2.6778870132521933e-05,6.694717533130483e-06,2.008415259939145e-05,1.3389435066260967e-05,6.694717533130483e-06,6.694717533130483e-06,6.694717533130483e-06,6.694717533130483e-06,3.3473587665652417e-06,3.3473587665652417e-06,6.694717533130483e-06,3.3473587665652417e-06,0.0,0.0,0.0,0.0,0.0,0.0,0.0,3.3473587665652417e-06,0.0,0.0,6.694717533130483e-06,6.694717533130483e-06,0.0,3.3473587665652417e-06,6.694717533130483e-06,6.694717533130483e-06,0.0,0.0,0.0,3.3473587665652417e-06,0.0,0.0,0.0,0.0,0.0,0.0,0.0,0.0,0.0,0.0,0.0,0.0,0.0,0.0,0.0,0.0,0.0,0.0,0.0,0.0,0.0,0.0,0.0,0.0,0.0,0.0,0.0,0.0,0.0,0.0,3.3473587665652417e-06,0.0,0.0,0.0,0.0,0.0,0.0,0.0,0.0,0.0,0.0,0.0,0.0,0.0,0.0,0.0,0.0,0.0,0.0,0.0,0.0,0.0,0.0,0.0,0.0,0.0,0.0,0.0,0.0,0.0,0.0,0.0,0.0,0.0,0.0,0.0,0.0,0.0,0.0,0.0,0.0,0.0,0.0,0.0,0.0,0.0,0.0,0.0,0.0,0.0,0.0,0.0,0.0,0.0,0.0,0.0,0.0,0.0,0.0,0.0
0.0,0.0,3.3473587665652417e-06,0.0,0.0,0.0,0.0,0.0,0.0,0.0,0.0,0.0,0.0,0.0,0.0,0.0,0.0,0.0,0.0,0.0,0.0,0.0,0.0,0.0,0.0,0.0,0.0,0.0,0.0,0.0,0.0,0.0,0.0,0.0,0.0,0.0,0.0,0.0,0.0,0.0,0.0,0.0,0.0,0.0,3.3473587665652417e-06,0.0,0.0,0.0,0.0,0.0,0.0,0.0,0.0,3.3473587665652417e-06,0.0,0.0,6.694717533130483e-06,0.0,3.3473587665652417e-06,0.0,0.0,0.0,0.0,0.0,0.0,0.0,3.3473587665652417e-06,0.0,0.0,0.0,0.0,0.0,0.0,0.0,0.0,0.0,0.0,0.0,0.0,0.0,0.0,0.0,0.0,0.0,0.0,0.0,0.0,0.0,0.0,0.0,0.0,0.0,0.0,0.0,0.0,0.0,0.0,0.0,0.0,0.0,0.0,0.0,0.0,0.0,0.0,0.0,0.0,0.0,0.0,0.0,0.0,0.0,0.0,0.0,0.0,0.0,0.0,0.0,0.0,0.0,0.0,0.0,0.0,0.0,0.0,0.0,0.0,0.0,0.0,0.0,0.0,0.0,0.0,0.0,0.0,0.0,0.0,0.0,0.0,0.0,0.0,0.0,0.0,0.0,0.0,0.0,0.0,0.0,0.0,0.0,0.0,0.0,0.0,0.0,0.0,0.0,0.0,0.0,0.0,0.0,0.0,0.0,0.0,0.0,0.0,0.0,0.0,0.0,0.0,0.0,0.0,0.0,0.0,0.0,0.0,0.0,0.0,0.0,0.0,0.0,0.0,0.0,0.0,0.0,0.0,0.0,0.0,0.0,0.0,0.0,0.0,0.0,0.0,0.0,0.0,3.3473587665652417e-06,3.3473587665652417e-06,0.0,0.0,3.3473587665652417e-06,0.0,0.0,0.0,0.0,0.0,3.3473587665652417e-06,3.3473587665652417e-06,0.0,3.3473587665652417e-06,0.0,0.0,6.694717533130483e-06,3.3473587665652417e-06,1.3389435066260967e-05,1.0042076299695725e-05,3.3473587665652417e-06,1.0042076299695725e-05,0.0,0.0,3.3473587665652417e-06,2.008415259939145e-05,1.3389435066260967e-05,1.3389435066260967e-05,6.694717533130483e-06,2.008415259939145e-05,1.0042076299695725e-05,1.673679383282621e-05,1.673679383282621e-05,2.3431511365956693e-05,2.3431511365956693e-05,1.0042076299695725e-05,6.694717533130483e-06,1.3389435066260967e-05,1.0042076299695725e-05,2.008415259939145e-05,1.3389435066260967e-05,1.3389435066260967e-05,1.673679383282621e-05,1.3389435066260967e-05,1.3389435066260967e-05,3.3473587665652417e-06,1.0042076299695725e-05,1.0042076299695725e-05,0.0,0.0,1.0042076299695725e-05,6.694717533130483e-06,3.3473587665652417e-06,1.673679383282621e-05,3.3473587665652417e-06,0.0,0.0,0.0,3.3473587665652417e-06,0.0,3.3473587665652417e-06,3.3473587665652417e-06,0.0,0.0,3.3473587665652417e-06,0.0,3.3473587665652417e-06,0.0,0.0,0.0,0.0,0.0,0.0,0.0,6.694717533130483e-06,0.0,0.0,0.0,0.0,0.0,0.0,0.0,0.0,0.0,0.0,0.0,0.0,0.0,0.0,0.0,0.0,0.0,0.0,0.0,0.0,0.0,0.0,0.0,0.0,0.0,0.0,3.3473587665652417e-06,0.0,0.0,0.0,0.0,0.0,0.0,0.0,0.0,0.0,0.0,0.0,0.0,0.0,0.0,0.0,0.0,0.0,0.0,0.0,0.0,0.0,0.0,0.0,0.0,0.0,0.0,0.0,0.0,0.0,0.0,0.0,0.0,0.0,0.0,0.0,0.0,0.0,0.0,3.3473587665652417e-06,0.0,0.0,0.0,0.0,0.0,0.0,0.0,0.0,0.0,0.0,0.0,0.0,0.0,0.0,0.0,0.0,0.0,0.0,0.0,0.0,0.0,0.0,0.0,0.0
0.0,0.0,0.0,0.0,0.0,0.0,0.0,0.0,0.0,0.0,0.0,0.0,0.0,0.0,0.0,0.0,0.0,0.0,0.0,0.0,0.0,0.0,0.0,0.0,0.0,0.0,0.0,0.0,0.0,0.0,0.0,3.3473587665652417e-06,0.0,0.0,0.0,0.0,0.0,3.3473587665652417e-06,0.0,0.0,0.0,0.0,0.0,0.0,3.3473587665652417e-06,0.0,6.694717533130483e-06,0.0,0.0,0.0,0.0,3.3473587665652417e-06,0.0,0.0,0.0,0.0,0.0,6.694717533130483e-06,0.0,2.008415259939145e-05,0.0,0.0,0.0,1.0042076299695725e-05,0.0,3.3473587665652417e-06,0.0,0.0,6.694717533130483e-06,3.3473587665652417e-06,0.0,0.0,0.0,0.0,0.0,0.0,0.0,0.0,0.0,0.0,0.0,0.0,0.0,3.3473587665652417e-06,3.3473587665652417e-06,0.0,0.0,0.0,0.0,0.0,0.0,0.0,0.0,0.0,0.0,0.0,0.0,3.3473587665652417e-06,0.0,0.0,0.0,0.0,0.0,0.0,0.0,0.0,0.0,0.0,0.0,3.3473587665652417e-06,0.0,0.0,0.0,0.0,0.0,0.0,0.0,0.0,0.0,3.3473587665652417e-06,0.0,0.0,0.0,0.0,0.0,0.0,0.0,0.0,0.0,0.0,0.0,0.0,0.0,0.0,0.0,0.0,0.0,0.0,0.0,0.0,0.0,0.0,0.0,0.0,0.0,0.0,0.0,0.0,3.3473587665652417e-06,0.0,0.0,0.0,0.0,0.0,0.0,0.0,0.0,0.0,0.0,0.0,0.0,0.0,0.0,0.0,0.0,0.0,0.0,0.0,3.3473587665652417e-06,0.0,0.0,0.0,0.0,0.0,0.0,0.0,0.0,0.0,0.0,0.0,0.0,0.0,0.0,0.0,0.0,0.0,0.0,0.0,0.0,0.0,0.0,0.0,0.0,0.0,0.0,3.3473587665652417e-06,0.0,3.3473587665652417e-06,3.3473587665652417e-06,0.0,0.0,0.0,0.0,0.0,6.694717533130483e-06,6.694717533130483e-06,3.3473587665652417e-06,0.0,3.3473587665652417e-06,0.0,0.0,1.0042076299695725e-05,0.0,6.694717533130483e-06,1.0042076299695725e-05,1.0042076299695725e-05,3.3473587665652417e-06,0.0,1.3389435066260967e-05,6.694717533130483e-06,6.694717533130483e-06,6.694717533130483e-06,1.0042076299695725e-05,2.008415259939145e-05,1.673679383282621e-05,1.673679383282621e-05,1.0042076299695725e-05,2.008415259939145e-05,3.3473587665652417e-06,2.3431511365956693e-05,2.008415259939145e-05,3.0126228899087174e-05,6.694717533130483e-06,1.0042076299695725e-05,3.0126228899087174e-05,2.008415259939145e-05,2.6778870132521933e-05,1.0042076299695725e-05,6.694717533130483e-06,1.673679383282621e-05,1.3389435066260967e-05,1.673679383282621e-05,6.694717533130483e-06,6.694717533130483e-06,1.0042076299695725e-05,1.0042076299695725e-05,6.694717533130483e-06,1.673679383282621e-05,1.0042076299695725e-05,3.3473587665652417e-06,3.3473587665652417e-06,0.0,6.694717533130483e-06,0.0,0.0,3.3473587665652417e-06,3.3473587665652417e-06,0.0,0.0,6.694717533130483e-06,0.0,0.0,0.0,0.0,0.0,3.3473587665652417e-06,0.0,0.0,0.0,0.0,0.0,0.0,0.0,0.0,0.0,0.0,0.0,0.0,0.0,0.0,0.0,0.0,0.0,0.0,0.0,0.0,0.0,0.0,3.3473587665652417e-06,0.0,0.0,0.0,0.0,0.0,0.0,0.0,0.0,0.0,0.0,0.0,0.0,0.0,0.0,0.0,0.0,0.0,0.0,0.0,0.0,0.0,0.0,0.0,0.0,0.0,0.0,0.0,0.0,0.0,0.0,0.0,0.0,0.0,0.0,0.0,0.0,0.0,0.0,0.0,0.0,0.0,0.0,0.0,0.0,0.0,0.0,0.0,0.0,0.0,0.0,0.0,0.0,0.0,0.0,0.0,0.0,0.0,0.0,0.0,0.0,0.0,0.0,0.0,0.0,0.0,0.0,0.0,0.0,0.0,0.0,0.0
0.0,0.0,0.0,0.0,0.0,0.0,0.0,0.0,0.0,0.0,0.0,0.0,0.0,0.0,3.3473587665652417e-06,0.0,0.0,0.0,0.0,0.0,0.0,0.0,0.0,0.0,0.0,0.0,0.0,0.0,0.0,0.0,0.0,0.0,0.0,0.0,0.0,0.0,0.0,0.0,0.0,0.0,0.0,6.694717533130483e-06,0.0,0.0,0.0,0.0,0.0,3.3473587665652417e-06,0.0,0.0,0.0,0.0,0.0,0.0,0.0,3.3473587665652417e-06,0.0,0.0,0.0,0.0,6.694717533130483e-06,0.0,0.0,0.0,0.0,0.0,3.3473587665652417e-06,0.0,3.3473587665652417e-06,0.0,0.0,0.0,0.0,0.0,0.0,0.0,0.0,0.0,0.0,0.0,0.0,0.0,0.0,0.0,0.0,0.0,0.0,0.0,0.0,0.0,0.0,0.0,0.0,0.0,0.0,0.0,0.0,0.0,0.0,3.3473587665652417e-06,0.0,0.0,0.0,0.0,0.0,0.0,0.0,0.0,0.0,0.0,0.0,0.0,0.0,0.0,0.0,0.0,0.0,0.0,0.0,0.0,0.0,0.0,0.0,0.0,0.0,0.0,0.0,0.0,0.0,0.0,0.0,0.0,0.0,0.0,0.0,0.0,0.0,0.0,0.0,0.0,0.0,0.0,0.0,0.0,0.0,0.0,0.0,0.0,0.0,0.0,0.0,0.0,0.0,0.0,0.0,0.0,0.0,0.0,0.0,0.0,0.0,0.0,0.0,0.0,0.0,0.0,0.0,0.0,0.0,0.0,0.0,0.0,0.0,0.0,0.0,0.0,0.0,0.0,0.0,0.0,0.0,0.0,0.0,0.0,0.0,0.0,0.0,0.0,0.0,0.0,0.0,0.0,0.0,0.0,0.0,0.0,6.694717533130483e-06,0.0,1.0042076299695725e-05,6.694717533130483e-06,3.3473587665652417e-06,0.0,0.0,3.3473587665652417e-06,0.0,3.3473587665652417e-06,3.3473587665652417e-06,3.3473587665652417e-06,1.0042076299695725e-05,3.3473587665652417e-06,0.0,3.3473587665652417e-06,6.694717533130483e-06,1.3389435066260967e-05,1.0042076299695725e-05,1.3389435066260967e-05,0.0,1.3389435066260967e-05,1.0042076299695725e-05,3.3473587665652417e-06,1.3389435066260967e-05,1.3389435066260967e-05,6.694717533130483e-06,2.008415259939145e-05,3.682094643221766e-05,1.0042076299695725e-05,3.0126228899087174e-05,1.673679383282621e-05,2.3431511365956693e-05,2.3431511365956693e-05,1.3389435066260967e-05,3.682094643221766e-05,2.008415259939145e-05,1.0042076299695725e-05,2.3431511365956693e-05,6.694717533130483e-06,2.008415259939145e-05,4.01683051987829e-05,1.3389435066260967e-05,1.0042076299695725e-05,2.008415259939145e-05,1.3389435066260967e-05,3.3473587665652417e-06,6.694717533130483e-06,0.0,6.694717533130483e-06,6.694717533130483e-06,1.673679383282621e-05,1.0042076299695725e-05,0.0,6.694717533130483e-06,3.3473587665652417e-06,0.0,0.0,3.3473587665652417e-06,0.0,3.3473587665652417e-06,0.0,0.0,0.0,0.0,0.0,0.0,0.0,0.0,0.0,3.3473587665652417e-06,0.0,0.0,0.0,0.0,0.0,0.0,0.0,0.0,0.0,0.0,6.694717533130483e-06,0.0,0.0,0.0,0.0,3.3473587665652417e-06,0.0,0.0,0.0,0.0,0.0,0.0,3.3473587665652417e-06,3.3473587665652417e-06,0.0,0.0,0.0,0.0,0.0,0.0,0.0,0.0,0.0,3.3473587665652417e-06,0.0,0.0,0.0,0.0,0.0,0.0,0.0,0.0,0.0,0.0,0.0,0.0,0.0,0.0,0.0,0.0,0.0,3.3473587665652417e-06,0.0,0.0,0.0,0.0,0.0,0.0,0.0,0.0,0.0,0.0,0.0,0.0,0.0,0.0,0.0,0.0,0.0,0.0,0.0,0.0,0.0,0.0,0.0,0.0,0.0,0.0,0.0,0.0,0.0,0.0,0.0,0.0,0.0,0.0,0.0,0.0,0.0,0.0,0.0,0.0,0.0
0.0,0.0,0.0,0.0,0.0,0.0,3.3473587665652417e-06,0.0,0.0,0.0,0.0,0.0,0.0,0.0,0.0,0.0,0.0,0.0,0.0,0.0,0.0,0.0,0.0,0.0,0.0,0.0,0.0,0.0,0.0,0.0,0.0,0.0,0.0,0.0,0.0,0.0,0.0,0.0,0.0,0.0,0.0,0.0,3.3473587665652417e-06,0.0,0.0,0.0,0.0,6.694717533130483e-06,0.0,0.0,0.0,0.0,0.0,3.3473587665652417e-06,0.0,0.0,0.0,0.0,0.0,1.0042076299695725e-05,6.694717533130483e-06,0.0,0.0,6.694717533130483e-06,3.3473587665652417e-06,0.0,0.0,0.0,0.0,0.0,0.0,0.0,0.0,3.3473587665652417e-06,0.0,0.0,0.0,0.0,0.0,0.0,0.0,0.0,0.0,0.0,0.0,6.694717533130483e-06,0.0,0.0,0.0,0.0,0.0,0.0,0.0,0.0,0.0,0.0,0.0,0.0,0.0,0.0,0.0,0.0,0.0,0.0,0.0,0.0,0.0,0.0,0.0,0.0,0.0,0.0,0.0,0.0,0.0,0.0,0.0,0.0,0.0,0.0,0.0,0.0,3.3473587665652417e-06,0.0,0.0,0.0,0.0,0.0,0.0,0.0,0.0,0.0,0.0,0.0,0.0,0.0,0.0,0.0,0.0,0.0,0.0,0.0,0.0,0.0,0.0,0.0,0.0,0.0,0.0,0.0,0.0,0.0,0.0,0.0,0.0,0.0,0.0,0.0,0.0,0.0,0.0,0.0,0.0,0.0,0.0,0.0,0.0,0.0,0.0,0.0,0.0,0.0,0.0,0.0,0.0,0.0,0.0,0.0,0.0,0.0,3.3473587665652417e-06,0.0,0.0,0.0,0.0,0.0,0.0,0.0,0.0,3.3473587665652417e-06,0.0,0.0,0.0,3.3473587665652417e-06,0.0,0.0,0.0,0.0,0.0,0.0,3.3473587665652417e-06,3.3473587665652417e-06,0.0,0.0,3.3473587665652417e-06,6.694717533130483e-06,0.0,3.3473587665652417e-06,6.694717533130483e-06,3.3473587665652417e-06,0.0,0.0,0.0,2.3431511365956693e-05,1.3389435066260967e-05,6.694717533130483e-06,0.0,6.694717533130483e-06,4.01683051987829e-05,6.694717533130483e-06,1.3389435066260967e-05,4.01683051987829e-05,2.008415259939145e-05,1.3389435066260967e-05,2.008415259939145e-05,3.0126228899087174e-05,2.3431511365956693e-05,2.3431511365956693e-05,3.682094643221766e-05,2.3431511365956693e-05,3.0126228899087174e-05,3.347358766565242e-05,2.008415259939145e-05,1.0042076299695725e-05,2.008415259939145e-05,1.0042076299695725e-05,3.347358766565242e-05,3.347358766565242e-05,1.3389435066260967e-05,2.6778870132521933e-05,1.0042076299695725e-05,1.3389435066260967e-05,1.0042076299695725e-05,1.673679383282621e-05,3.3473587665652417e-06,3.3473587665652417e-06,6.694717533130483e-06,0.0,3.3473587665652417e-06,6.694717533130483e-06,0.0,0.0,6.694717533130483e-06,0.0,0.0,3.3473587665652417e-06,0.0,0.0,6.694717533130483e-06,0.0,0.0,3.3473587665652417e-06,1.3389435066260967e-05,0.0,6.694717533130483e-06,0.0,0.0,0.0,0.0,0.0,3.3473587665652417e-06,3.3473587665652417e-06,0.0,0.0,0.0,0.0,0.0,0.0,0.0,0.0,0.0,0.0,0.0,3.3473587665652417e-06,6.694717533130483e-06,0.0,0.0,0.0,0.0,0.0,0.0,0.0,0.0,0.0,0.0,0.0,0.0,0.0,0.0,0.0,3.3473587665652417e-06,0.0,0.0,0.0,0.0,0.0,0.0,0.0,0.0,0.0,0.0,0.0,0.0,0.0,0.0,0.0,0.0,0.0,0.0,0.0,0.0,0.0,0.0,0.0,3.3473587665652417e-06,0.0,0.0,0.0,0.0,0.0,0.0,0.0,0.0,0.0,0.0,0.0,0.0,0.0,0.0,0.0,0.0,0.0,0.0,0.0,0.0,0.0,0.0,0.0,0.0,0.0,0.0,0.0,0.0,0.0,0.0,0.0,0.0,0.0,0.0,0.0
0.0,0.0,0.0,0.0,0.0,0.0,0.0,0.0,0.0,0.0,0.0,0.0,0.0,6.694717533130483e-06,0.0,0.0,0.0,0.0,0.0,0.0,0.0,0.0,0.0,0.0,3.3473587665652417e-06,0.0,0.0,0.0,3.3473587665652417e-06,3.3473587665652417e-06,0.0,0.0,0.0,3.3473587665652417e-06,0.0,0.0,0.0,0.0,0.0,0.0,3.3473587665652417e-06,0.0,0.0,0.0,0.0,0.0,0.0,0.0,0.0,3.3473587665652417e-06,0.0,0.0,0.0,0.0,1.0042076299695725e-05,3.3473587665652417e-06,1.3389435066260967e-05,0.0,6.694717533130483e-06,1.0042076299695725e-05,0.0,6.694717533130483e-06,6.694717533130483e-06,6.694717533130483e-06,0.0,3.3473587665652417e-06,0.0,0.0,0.0,0.0,0.0,0.0,0.0,0.0,0.0,0.0,0.0,0.0,0.0,0.0,0.0,0.0,0.0,3.3473587665652417e-06,0.0,0.0,0.0,0.0,0.0,0.0,0.0,0.0,0.0,0.0,0.0,0.0,0.0,0.0,0.0,0.0,0.0,0.0,0.0,0.0,0.0,0.0,0.0,0.0,3.3473587665652417e-06,0.0,0.0,0.0,0.0,0.0,0.0,0.0,0.0,0.0,0.0,0.0,0.0,0.0,0.0,0.0,0.0,0.0,0.0,0.0,0.0,0.0,0.0,0.0,0.0,0.0,0.0,0.0,0.0,0.0,0.0,0.0,0.0,0.0,0.0,0.0,0.0,0.0,0.0,0.0,0.0,0.0,0.0,0.0,0.0,0.0,0.0,0.0,0.0,0.0,0.0,0.0,0.0,0.0,0.0,0.0,0.0,0.0,0.0,0.0,0.0,0.0,0.0,0.0,0.0,0.0,0.0,0.0,0.0,0.0,0.0,0.0,0.0,0.0,0.0,0.0,0.0,0.0,0.0,0.0,0.0,0.0,0.0,0.0,0.0,0.0,0.0,0.0,0.0,0.0,0.0,3.3473587665652417e-06,3.3473587665652417e-06,0.0,0.0,0.0,3.3473587665652417e-06,3.347358766565242e-05,6.694717533130483e-06,3.3473587665652417e-06,6.694717533130483e-06,6.694717533130483e-06,3.3473587665652417e-06,3.3473587665652417e-06,6.694717533130483e-06,1.0042076299695725e-05,1.3389435066260967e-05,3.3473587665652417e-06,1.0042076299695725e-05,2.008415259939145e-05,2.008415259939145e-05,1.3389435066260967e-05,2.008415259939145e-05,1.3389435066260967e-05,1.673679383282621e-05,2.008415259939145e-05,4.01683051987829e-05,2.3431511365956693e-05,2.6778870132521933e-05,3.0126228899087174e-05,7.029453409787007e-05,1.673679383282621e-05,3.347358766565242e-05,2.3431511365956693e-05,3.347358766565242e-05,5.3557740265043867e-05,1.3389435066260967e-05,2.3431511365956693e-05,2.3431511365956693e-05,3.682094643221766e-05,2.6778870132521933e-05,2.3431511365956693e-05,1.673679383282621e-05,1.0042076299695725e-05,1.0042076299695725e-05,6.694717533130483e-06,0.0,6.694717533130483e-06,3.3473587665652417e-06,6.694717533130483e-06,0.0,1.0042076299695725e-05,1.0042076299695725e-05,0.0,1.673679383282621e-05,0.0,6.694717533130483e-06,6.694717533130483e-06,6.694717533130483e-06,0.0,3.3473587665652417e-06,3.3473587665652417e-06,6.694717533130483e-06,0.0,0.0,3.3473587665652417e-06,3.3473587665652417e-06,0.0,0.0,0.0,0.0,0.0,0.0,3.3473587665652417e-06,0.0,0.0,0.0,0.0,0.0,0.0,0.0,0.0,0.0,0.0,0.0,0.0,0.0,0.0,0.0,0.0,0.0,0.0,0.0,0.0,3.3473587665652417e-06,0.0,0.0,0.0,0.0,0.0,0.0,0.0,0.0,0.0,0.0,0.0,0.0,0.0,0.0,0.0,0.0,0.0,0.0,0.0,3.3473587665652417e-06,0.0,0.0,0.0,0.0,0.0,0.0,0.0,0.0,0.0,0.0,0.0,0.0,0.0,0.0,0.0,0.0,0.0,0.0,0.0,0.0,0.0,0.0,0.0,0.0,0.0,0.0,0.0,0.0,0.0,0.0,0.0,0.0,0.0,0.0,0.0,0.0,0.0,3.3473587665652417e-06,0.0,0.0,0.0,0.0,0.0,0.0,0.0,0.0,0.0
0.0,0.0,0.0,0.0,0.0,0.0,0.0,0.0,0.0,0.0,3.3473587665652417e-06,6.694717533130483e-06,0.0,0.0,0.0,3.3473587665652417e-06,0.0,0.0,0.0,0.0,0.0,0.0,0.0,0.0,0.0,0.0,0.0,0.0,0.0,0.0,0.0,0.0,3.3473587665652417e-06,0.0,0.0,0.0,0.0,0.0,0.0,0.0,0.0,0.0,0.0,3.3473587665652417e-06,0.0,0.0,0.0,0.0,0.0,0.0,0.0,0.0,0.0,3.3473587665652417e-06,3.3473587665652417e-06,3.3473587665652417e-06,0.0,0.0,6.694717533130483e-06,1.3389435066260967e-05,6.694717533130483e-06,0.0,3.3473587665652417e-06,0.0,3.3473587665652417e-06,0.0,3.3473587665652417e-06,0.0,3.3473587665652417e-06,0.0,3.3473587665652417e-06,3.3473587665652417e-06,0.0,0.0,0.0,3.3473587665652417e-06,0.0,0.0,0.0,0.0,0.0,0.0,0.0,0.0,0.0,0.0,0.0,3.3473587665652417e-06,0.0,0.0,0.0,0.0,0.0,0.0,0.0,0.0,0.0,0.0,0.0,0.0,0.0,0.0,0.0,0.0,0.0,0.0,0.0,0.0,0.0,0.0,0.0,0.0,0.0,0.0,0.0,0.0,0.0,0.0,0.0,0.0,0.0,0.0,0.0,0.0,0.0,0.0,0.0,0.0,0.0,0.0,0.0,0.0,0.0,0.0,0.0,0.0,0.0,0.0,0.0,0.0,0.0,0.0,0.0,0.0,0.0,0.0,0.0,0.0,0.0,0.0,0.0,0.0,0.0,0.0,0.0,0.0,0.0,0.0,0.0,0.0,0.0,0.0,0.0,0.0,0.0,0.0,0.0,0.0,0.0,0.0,0.0,0.0,0.0,0.0,0.0,0.0,0.0,0.0,0.0,0.0,0.0,0.0,0.0,0.0,0.0,0.0,0.0,3.3473587665652417e-06,0.0,0.0,0.0,3.3473587665652417e-06,3.3473587665652417e-06,1.3389435066260967e-05,0.0,0.0,0.0,0.0,0.0,0.0,0.0,3.3473587665652417e-06,0.0,0.0,0.0,3.3473587665652417e-06,3.3473587665652417e-06,6.694717533130483e-06,3.3473587665652417e-06,6.694717533130483e-06,0.0,6.694717533130483e-06,1.0042076299695725e-05,1.0042076299695725e-05,1.0042076299695725e-05,1.0042076299695725e-05,6.694717533130483e-06,2.008415259939145e-05,1.673679383282621e-05,2.3431511365956693e-05,0.0,3.0126228899087174e-05,2.3431511365956693e-05,3.682094643221766e-05,4.01683051987829e-05,2.3431511365956693e-05,6.35998165647396e-05,4.01683051987829e-05,3.347358766565242e-05,4.351566396534814e-05,4.351566396534814e-05,6.35998165647396e-05,4.6863022731913386e-05,3.682094643221766e-05,3.682094643221766e-05,2.6778870132521933e-05,2.6778870132521933e-05,3.347358766565242e-05,1.0042076299695725e-05,3.347358766565242e-05,3.0126228899087174e-05,2.008415259939145e-05,1.673679383282621e-05,1.3389435066260967e-05,1.0042076299695725e-05,0.0,3.3473587665652417e-06,6.694717533130483e-06,3.3473587665652417e-06,1.0042076299695725e-05,1.673679383282621e-05,0.0,6.694717533130483e-06,6.694717533130483e-06,1.0042076299695725e-05,3.3473587665652417e-06,3.3473587665652417e-06,3.3473587665652417e-06,0.0,6.694717533130483e-06,1.0042076299695725e-05,3.3473587665652417e-06,0.0,6.694717533130483e-06,0.0,0.0,0.0,0.0,0.0,0.0,3.3473587665652417e-06,0.0,0.0,0.0,0.0,0.0,0.0,0.0,0.0,0.0,3.3473587665652417e-06,0.0,0.0,0.0,0.0,0.0,0.0,0.0,0.0,0.0,0.0,0.0,0.0,3.3473587665652417e-06,0.0,0.0,0.0,0.0,0.0,0.0,0.0,0.0,0.0,0.0,0.0,0.0,0.0,0.0,0.0,0.0,0.0,0.0,0.0,0.0,0.0,0.0,0.0,0.0,0.0,0.0,0.0,0.0,0.0,0.0,3.3473587665652417e-06,0.0,0.0,0.0,0.0,0.0,0.0,0.0,0.0,0.0,0.0,0.0,0.0,0.0,0.0,0.0,0.0,0.0,0.0,0.0,0.0,0.0,0.0,0.0,0.0,0.0,3.3473587665652417e-06,0.0,0.0,3.3473587665652417e-06,0.0,0.0,0.0,0.0,0.0,0.0
0.0,0.0,0.0,0.0,0.0,0.0,0.0,0.0,0.0,0.0,3.3473587665652417e-06,0.0,0.0,0.0,0.0,0.0,0.0,0.0,0.0,0.0,0.0,0.0,0.0,0.0,0.0,0.0,0.0,0.0,0.0,0.0,0.0,0.0,0.0,0.0,0.0,0.0,3.3473587665652417e-06,0.0,0.0,0.0,0.0,0.0,0.0,0.0,0.0,0.0,0.0,0.0,0.0,1.0042076299695725e-05,3.3473587665652417e-06,3.3473587665652417e-06,0.0,0.0,3.3473587665652417e-06,3.3473587665652417e-06,3.3473587665652417e-06,3.3473587665652417e-06,3.3473587665652417e-06,3.3473587665652417e-06,3.3473587665652417e-06,3.3473587665652417e-06,0.0,0.0,6.694717533130483e-06,3.3473587665652417e-06,0.0,0.0,0.0,3.3473587665652417e-06,0.0,0.0,0.0,0.0,0.0,0.0,0.0,0.0,0.0,0.0,0.0,0.0,0.0,0.0,0.0,3.3473587665652417e-06,0.0,0.0,0.0,0.0,0.0,3.3473587665652417e-06,0.0,0.0,0.0,0.0,0.0,0.0,0.0,0.0,0.0,0.0,0.0,0.0,0.0,0.0,0.0,0.0,0.0,0.0,0.0,0.0,3.3473587665652417e-06,0.0,0.0,0.0,0.0,0.0,0.0,0.0,0.0,0.0,0.0,0.0,0.0,0.0,0.0,0.0,0.0,0.0,0.0,0.0,0.0,0.0,0.0,0.0,0.0,0.0,0.0,0.0,0.0,0.0,0.0,0.0,0.0,0.0,0.0,0.0,0.0,0.0,0.0,0.0,0.0,0.0,0.0,0.0,0.0,0.0,0.0,0.0,0.0,0.0,0.0,0.0,0.0,0.0,0.0,0.0,0.0,0.0,0.0,0.0,0.0,0.0,0.0,0.0,0.0,0.0,0.0,0.0,0.0,3.3473587665652417e-06,0.0,0.0,0.0,0.0,0.0,0.0,0.0,0.0,3.3473587665652417e-06,0.0,1.673679383282621e-05,6.694717533130483e-06,3.3473587665652417e-06,6.694717533130483e-06,0.0,0.0,0.0,0.0,0.0,3.3473587665652417e-06,3.3473587665652417e-06,0.0,0.0,6.694717533130483e-06,0.0,1.673679383282621e-05,6.694717533130483e-06,1.0042076299695725e-05,6.694717533130483e-06,1.0042076299695725e-05,0.0,3.3473587665652417e-06,1.673679383282621e-05,1.673679383282621e-05,1.0042076299695725e-05,1.3389435066260967e-05,3.0126228899087174e-05,4.6863022731913386e-05,4.6863022731913386e-05,4.01683051987829e-05,4.351566396534814e-05,5.3557740265043867e-05,3.682094643221766e-05,5.021038149847862e-05,6.025245779817435e-05,5.021038149847862e-05,2.6778870132521933e-05,3.682094643221766e-05,2.6778870132521933e-05,5.3557740265043867e-05,2.008415259939145e-05,3.0126228899087174e-05,2.3431511365956693e-05,2.3431511365956693e-05,2.008415259939145e-05,3.347358766565242e-05,1.673679383282621e-05,1.0042076299695725e-05,1.0042076299695725e-05,6.694717533130483e-06,2.008415259939145e-05,1.673679383282621e-05,1.0042076299695725e-05,6.694717533130483e-06,3.3473587665652417e-06,1.0042076299695725e-05,6.694717533130483e-06,6.694717533130483e-06,1.0042076299695725e-05,3.3473587665652417e-06,0.0,1.0042076299695725e-05,3.3473587665652417e-06,0.0,0.0,3.3473587665652417e-06,1.0042076299695725e-05,6.694717533130483e-06,6.694717533130483e-06,3.3473587665652417e-06,0.0,0.0,3.3473587665652417e-06,6.694717533130483e-06,0.0,0.0,0.0,0.0,0.0,3.3473587665652417e-06,0.0,0.0,0.0,0.0,0.0,0.0,0.0,0.0,0.0,0.0,0.0,0.0,0.0,0.0,0.0,0.0,0.0,0.0,0.0,0.0,3.3473587665652417e-06,0.0,0.0,0.0,0.0,0.0,0.0,0.0,0.0,0.0,0.0,0.0,0.0,0.0,0.0,0.0,0.0,0.0,0.0,0.0,0.0,0.0,0.0,0.0,0.0,0.0,0.0,0.0,0.0,0.0,0.0,0.0,0.0,0.0,0.0,0.0,0.0,0.0,0.0,0.0,0.0,0.0,0.0,0.0,0.0,0.0,0.0,0.0,0.0,0.0,0.0,0.0,0.0,3.3473587665652417e-06,0.0,0.0,0.0,0.0,0.0,0.0,0.0,0.0,0.0,0.0,0.0,0.0,0.0,0.0
0.0,0.0,0.0,0.0,0.0,0.0,0.0,0.0,0.0,0.0,0.0,3.3473587665652417e-06,0.0,0.0,0.0,0.0,0.0,0.0,0.0,0.0,0.0,0.0,0.0,0.0,0.0,3.3473587665652417e-06,0.0,0.0,0.0,0.0,0.0,0.0,3.3473587665652417e-06,0.0,0.0,0.0,0.0,0.0,0.0,0.0,0.0,0.0,0.0,0.0,0.0,0.0,0.0,6.694717533130483e-06,3.3473587665652417e-06,3.3473587665652417e-06,0.0,0.0,0.0,3.3473587665652417e-06,6.694717533130483e-06,0.0,0.0,3.3473587665652417e-06,3.3473587665652417e-06,6.694717533130483e-06,0.0,0.0,0.0,6.694717533130483e-06,1.0042076299695725e-05,0.0,0.0,0.0,0.0,3.3473587665652417e-06,0.0,0.0,0.0,0.0,3.3473587665652417e-06,0.0,0.0,0.0,0.0,0.0,0.0,0.0,0.0,0.0,0.0,0.0,0.0,0.0,0.0,0.0,3.3473587665652417e-06,0.0,3.3473587665652417e-06,0.0,0.0,0.0,0.0,0.0,0.0,0.0,0.0,0.0,0.0,0.0,0.0,0.0,0.0,0.0,0.0,0.0,0.0,0.0,0.0,0.0,0.0,0.0,0.0,0.0,0.0,0.0,0.0,0.0,0.0,0.0,0.0,0.0,0.0,0.0,0.0,0.0,0.0,0.0,0.0,0.0,0.0,0.0,0.0,0.0,0.0,0.0,0.0,0.0,0.0,0.0,0.0,0.0,0.0,0.0,0.0,0.0,0.0,0.0,0.0,0.0,0.0,6.694717533130483e-06,0.0,0.0,0.0,0.0,0.0,0.0,0.0,3.3473587665652417e-06,0.0,0.0,0.0,0.0,0.0,0.0,0.0,0.0,0.0,0.0,6.694717533130483e-06,0.0,0.0,0.0,0.0,0.0,0.0,0.0,0.0,3.3473587665652417e-06,0.0,3.3473587665652417e-06,0.0,0.0,3.3473587665652417e-06,0.0,0.0,3.3473587665652417e-06,1.0042076299695725e-05,0.0,0.0,3.3473587665652417e-06,3.3473587665652417e-06,6.694717533130483e-06,0.0,0.0,0.0,0.0,0.0,3.3473587665652417e-06,6.694717533130483e-06,0.0,1.3389435066260967e-05,6.694717533130483e-06,6.694717533130483e-06,6.694717533130483e-06,6.694717533130483e-06,2.008415259939145e-05,1.673679383282621e-05,2.3431511365956693e-05,2.3431511365956693e-05,2.6778870132521933e-05,3.347358766565242e-05,1.3389435066260967e-05,4.351566396534814e-05,4.6863022731913386e-05,3.347358766565242e-05,4.6863022731913386e-05,5.021038149847862e-05,3.0126228899087174e-05,5.021038149847862e-05,5.3557740265043867e-05,3.0126228899087174e-05,7.364189286443532e-05,5.3557740265043867e-05,5.021038149847862e-05,6.025245779817435e-05,3.682094643221766e-05,0.00010042076299695725,4.01683051987829e-05,7.029453409787007e-05,3.682094643221766e-05,2.6778870132521933e-05,1.673679383282621e-05,3.0126228899087174e-05,1.673679383282621e-05,1.3389435066260967e-05,1.3389435066260967e-05,1.3389435066260967e-05,1.673679383282621e-05,1.0042076299695725e-05,2.008415259939145e-05,1.3389435066260967e-05,6.694717533130483e-06,6.694717533130483e-06,3.3473587665652417e-06,6.694717533130483e-06,0.0,3.3473587665652417e-06,3.3473587665652417e-06,0.0,3.3473587665652417e-06,0.0,0.0,6.694717533130483e-06,0.0,0.0,0.0,0.0,0.0,0.0,6.694717533130483e-06,3.3473587665652417e-06,3.3473587665652417e-06,0.0,0.0,0.0,0.0,0.0,0.0,3.3473587665652417e-06,0.0,3.3473587665652417e-06,0.0,0.0,0.0,0.0,0.0,3.3473587665652417e-06,0.0,0.0,0.0,3.3473587665652417e-06,0.0,0.0,0.0,0.0,0.0,0.0,0.0,0.0,0.0,0.0,0.0,0.0,0.0,0.0,0.0,0.0,0.0,0.0,0.0,0.0,0.0,0.0,0.0,0.0,0.0,0.0,0.0,0.0,0.0,0.0,0.0,0.0,0.0,0.0,0.0,0.0,0.0,0.0,0.0,0.0,0.0,0.0,0.0,0.0,0.0,0.0,0.0,0.0,0.0,0.0,0.0,0.0,0.0,0.0,3.3473587665652417e-06,0.0,0.0,0.0,0.0,0.0,0.0,0.0,0.0,0.0,0.0,0.0,0.0,0.0,0.0,0.0,0.0,0.0,0.0
0.0,3.3473587665652417e-06,0.0,0.0,0.0,0.0,0.0,0.0,0.0,3.3473587665652417e-06,0.0,0.0,0.0,0.0,0.0,0.0,0.0,0.0,0.0,0.0,0.0,0.0,0.0,3.3473587665652417e-06,0.0,0.0,0.0,0.0,0.0,0.0,0.0,0.0,3.3473587665652417e-06,0.0,0.0,0.0,0.0,0.0,0.0,0.0,0.0,0.0,0.0,0.0,0.0,0.0,0.0,0.0,0.0,3.3473587665652417e-06,0.0,3.3473587665652417e-06,3.3473587665652417e-06,6.694717533130483e-06,3.3473587665652417e-06,6.694717533130483e-06,1.673679383282621e-05,3.3473587665652417e-06,3.3473587665652417e-06,6.694717533130483e-06,6.694717533130483e-06,0.0,0.0,3.3473587665652417e-06,3.3473587665652417e-06,0.0,0.0,0.0,3.3473587665652417e-06,0.0,0.0,0.0,6.694717533130483e-06,0.0,0.0,0.0,0.0,0.0,0.0,0.0,0.0,0.0,0.0,0.0,0.0,0.0,0.0,0.0,0.0,0.0,0.0,0.0,0.0,0.0,1.3389435066260967e-05,0.0,0.0,0.0,0.0,0.0,0.0,0.0,0.0,0.0,0.0,0.0,0.0,0.0,0.0,0.0,0.0,0.0,0.0,0.0,0.0,0.0,0.0,0.0,0.0,0.0,0.0,0.0,0.0,0.0,0.0,0.0,0.0,0.0,0.0,0.0,0.0,0.0,0.0,0.0,0.0,0.0,0.0,0.0,0.0,0.0,0.0,0.0,0.0,0.0,0.0,0.0,0.0,0.0,0.0,0.0,0.0,0.0,0.0,0.0,0.0,0.0,0.0,0.0,1.0042076299695725e-05,0.0,6.694717533130483e-06,0.0,0.0,0.0,0.0,0.0,0.0,0.0,0.0,0.0,0.0,0.0,0.0,0.0,0.0,3.3473587665652417e-06,0.0,0.0,0.0,0.0,0.0,0.0,0.0,0.0,3.3473587665652417e-06,0.0,0.0,0.0,3.3473587665652417e-06,3.3473587665652417e-06,3.3473587665652417e-06,0.0,0.0,0.0,3.3473587665652417e-06,0.0,3.3473587665652417e-06,6.694717533130483e-06,0.0,0.0,3.3473587665652417e-06,3.3473587665652417e-06,2.008415259939145e-05,6.694717533130483e-06,6.694717533130483e-06,3.3473587665652417e-06,3.3473587665652417e-06,2.3431511365956693e-05,6.694717533130483e-06,6.694717533130483e-06,2.008415259939145e-05,1.3389435066260967e-05,1.3389435066260967e-05,3.682094643221766e-05,2.6778870132521933e-05,3.682094643221766e-05,2.3431511365956693e-05,3.0126228899087174e-05,3.682094643221766e-05,4.01683051987829e-05,3.0126228899087174e-05,4.351566396534814e-05,3.0126228899087174e-05,7.698925163100056e-05,8.703132793069628e-05,4.01683051987829e-05,9.372604546382677e-05,6.35998165647396e-05,6.35998165647396e-05,5.3557740265043867e-05,6.025245779817435e-05,5.021038149847862e-05,4.351566396534814e-05,3.682094643221766e-05,3.0126228899087174e-05,2.3431511365956693e-05,4.6863022731913386e-05,6.694717533130483e-06,3.0126228899087174e-05,1.3389435066260967e-05,1.3389435066260967e-05,6.694717533130483e-06,3.3473587665652417e-06,1.673679383282621e-05,1.3389435066260967e-05,1.673679383282621e-05,3.3473587665652417e-06,6.694717533130483e-06,3.3473587665652417e-06,0.0,3.3473587665652417e-06,3.3473587665652417e-06,0.0,0.0,3.3473587665652417e-06,6.694717533130483e-06,3.3473587665652417e-06,3.3473587665652417e-06,0.0,6.694717533130483e-06,3.3473587665652417e-06,0.0,6.694717533130483e-06,0.0,0.0,0.0,3.3473587665652417e-06,0.0,0.0,3.3473587665652417e-06,6.694717533130483e-06,3.3473587665652417e-06,0.0,3.3473587665652417e-06,0.0,0.0,0.0,0.0,0.0,0.0,0.0,0.0,0.0,0.0,0.0,0.0,0.0,6.694717533130483e-06,0.0,0.0,0.0,0.0,0.0,0.0,0.0,0.0,0.0,0.0,0.0,0.0,0.0,0.0,0.0,0.0,0.0,0.0,0.0,0.0,0.0,0.0,0.0,0.0,0.0,0.0,0.0,0.0,0.0,0.0,0.0,0.0,0.0,0.0,0.0,0.0,0.0,0.0,0.0,0.0,0.0,0.0,0.0,0.0,0.0,0.0,0.0,0.0,0.0,0.0,0.0,0.0,0.0,0.0,0.0,0.0,0.0,0.0,0.0,0.0,0.0,0.0,0.0,0.0,0.0,0.0,0.0,0.0,0.0,0.0,0.0,0.0
0.0,3.3473587665652417e-06,0.0,3.3473587665652417e-06,3.3473587665652417e-06,0.0,0.0,0.0,0.0,0.0,0.0,0.0,3.3473587665652417e-06,0.0,0.0,3.3473587665652417e-06,0.0,0.0,0.0,0.0,0.0,0.0,0.0,0.0,0.0,0.0,0.0,0.0,0.0,0.0,3.3473587665652417e-06,0.0,0.0,0.0,0.0,0.0,0.0,0.0,3.3473587665652417e-06,0.0,0.0,0.0,0.0,0.0,3.3473587665652417e-06,3.3473587665652417e-06,0.0,0.0,3.3473587665652417e-06,1.0042076299695725e-05,0.0,0.0,0.0,1.3389435066260967e-05,6.694717533130483e-06,0.0,0.0,3.3473587665652417e-06,0.0,6.694717533130483e-06,6.694717533130483e-06,3.3473587665652417e-06,0.0,0.0,0.0,0.0,0.0,0.0,0.0,0.0,0.0,0.0,0.0,0.0,0.0,0.0,0.0,0.0,0.0,0.0,0.0,0.0,0.0,0.0,0.0,0.0,0.0,0.0,0.0,0.0,0.0,0.0,0.0,0.0,0.0,0.0,0.0,0.0,0.0,0.0,0.0,0.0,0.0,0.0,0.0,0.0,0.0,0.0,0.0,0.0,0.0,0.0,0.0,0.0,0.0,0.0,0.0,0.0,0.0,0.0,3.3473587665652417e-06,0.0,0.0,0.0,0.0,0.0,0.0,3.3473587665652417e-06,0.0,0.0,0.0,0.0,0.0,0.0,0.0,0.0,0.0,0.0,0.0,0.0,0.0,0.0,0.0,0.0,0.0,0.0,0.0,0.0,0.0,0.0,0.0,0.0,0.0,0.0,0.0,0.0,0.0,0.0,0.0,0.0,0.0,0.0,0.0,0.0,0.0,0.0,0.0,0.0,6.694717533130483e-06,0.0,0.0,0.0,0.0,3.3473587665652417e-06,0.0,0.0,0.0,0.0,0.0,0.0,0.0,0.0,0.0,0.0,0.0,0.0,0.0,1.3389435066260967e-05,3.3473587665652417e-06,0.0,0.0,0.0,0.0,0.0,6.694717533130483e-06,6.694717533130483e-06,0.0,1.3389435066260967e-05,0.0,1.673679383282621e-05,0.0,1.0042076299695725e-05,6.694717533130483e-06,0.0,1.3389435066260967e-05,3.3473587665652417e-06,0.0,3.3473587665652417e-06,2.008415259939145e-05,1.3389435066260967e-05,1.3389435066260967e-05,1.3389435066260967e-05,2.6778870132521933e-05,3.347358766565242e-05,4.351566396534814e-05,3.347358766565242e-05,4.351566396534814e-05,5.690509903160911e-05,5.021038149847862e-05,3.347358766565242e-05,8.368396916413105e-05,7.029453409787007e-05,6.35998165647396e-05,5.3557740265043867e-05,9.707340423039201e-05,9.707340423039201e-05,6.694717533130483e-05,8.368396916413105e-05,8.368396916413105e-05,5.021038149847862e-05,6.35998165647396e-05,6.694717533130483e-05,4.01683051987829e-05,6.025245779817435e-05,3.347358766565242e-05,3.347358766565242e-05,6.35998165647396e-05,3.0126228899087174e-05,3.0126228899087174e-05,3.0126228899087174e-05,1.3389435066260967e-05,2.008415259939145e-05,1.3389435066260967e-05,2.3431511365956693e-05,3.0126228899087174e-05,3.347358766565242e-05,1.0042076299695725e-05,1.0042076299695725e-05,3.3473587665652417e-06,0.0,3.3473587665652417e-06,0.0,0.0,1.0042076299695725e-05,0.0,0.0,6.694717533130483e-06,0.0,0.0,0.0,0.0,1.0042076299695725e-05,6.694717533130483e-06,3.3473587665652417e-06,0.0,0.0,3.3473587665652417e-06,3.3473587665652417e-06,0.0,0.0,0.0,0.0,3.3473587665652417e-06,3.3473587665652417e-06,3.3473587665652417e-06,6.694717533130483e-06,0.0,0.0,0.0,3.3473587665652417e-06,0.0,0.0,3.3473587665652417e-06,0.0,0.0,0.0,0.0,6.694717533130483e-06,0.0,0.0,0.0,0.0,0.0,0.0,0.0,0.0,0.0,0.0,0.0,0.0,0.0,0.0,0.0,0.0,3.3473587665652417e-06,0.0,0.0,0.0,0.0,0.0,0.0,0.0,0.0,0.0,0.0,0.0,0.0,0.0,6.694717533130483e-06,0.0,0.0,3.3473587665652417e-06,0.0,0.0,0.0,0.0,0.0,0.0,0.0,0.0,0.0,0.0,0.0,0.0,0.0,0.0,0.0,0.0,0.0,0.0,0.0,0.0,3.3473587665652417e-06,0.0,3.3473587665652417e-06,0.0,0.0,0.0,0.0,0.0,0.0,0.0,0.0,0.0,0.0,0.0,0.0,6.694717533130483e-06,0.0,0.0
0.0,0.0,0.0,0.0,0.0,0.0,0.0,6.694717533130483e-06,0.0,0.0,3.3473587665652417e-06,0.0,0.0,0.0,0.0,0.0,0.0,0.0,0.0,0.0,0.0,0.0,0.0,0.0,0.0,0.0,0.0,3.3473587665652417e-06,0.0,0.0,0.0,0.0,0.0,0.0,0.0,0.0,0.0,3.3473587665652417e-06,0.0,0.0,0.0,0.0,0.0,0.0,3.3473587665652417e-06,0.0,0.0,0.0,0.0,0.0,6.694717533130483e-06,3.3473587665652417e-06,0.0,6.694717533130483e-06,3.3473587665652417e-06,6.694717533130483e-06,0.0,0.0,1.0042076299695725e-05,0.0,3.3473587665652417e-06,0.0,0.0,0.0,0.0,0.0,3.3473587665652417e-06,0.0,0.0,0.0,0.0,3.3473587665652417e-06,0.0,0.0,0.0,0.0,0.0,0.0,0.0,3.3473587665652417e-06,0.0,0.0,0.0,0.0,0.0,0.0,0.0,0.0,0.0,0.0,0.0,0.0,0.0,0.0,0.0,3.3473587665652417e-06,0.0,0.0,0.0,0.0,0.0,0.0,0.0,0.0,0.0,0.0,0.0,0.0,0.0,0.0,3.3473587665652417e-06,0.0,0.0,0.0,0.0,0.0,0.0,0.0,0.0,0.0,0.0,0.0,0.0,0.0,0.0,0.0,0.0,0.0,0.0,0.0,0.0,0.0,0.0,0.0,0.0,0.0,0.0,0.0,0.0,0.0,0.0,0.0,0.0,0.0,0.0,0.0,0.0,0.0,0.0,0.0,0.0,0.0,0.0,0.0,0.0,0.0,0.0,0.0,0.0,0.0,0.0,0.0,0.0,0.0,0.0,0.0,0.0,0.0,0.0,0.0,6.694717533130483e-06,0.0,0.0,0.0,0.0,0.0,0.0,0.0,0.0,0.0,0.0,0.0,3.3473587665652417e-06,0.0,0.0,0.0,0.0,0.0,3.3473587665652417e-06,0.0,1.0042076299695725e-05,3.3473587665652417e-06,0.0,3.3473587665652417e-06,1.0042076299695725e-05,0.0,3.3473587665652417e-06,0.0,0.0,1.0042076299695725e-05,3.3473587665652417e-06,3.3473587665652417e-06,6.694717533130483e-06,6.694717533130483e-06,1.0042076299695725e-05,3.3473587665652417e-06,1.0042076299695725e-05,6.694717533130483e-06,1.0042076299695725e-05,6.694717533130483e-06,3.0126228899087174e-05,3.0126228899087174e-05,1.673679383282621e-05,3.0126228899087174e-05,3.682094643221766e-05,3.347358766565242e-05,6.35998165647396e-05,4.351566396534814e-05,6.694717533130483e-05,6.35998165647396e-05,8.03366103975658e-05,6.694717533130483e-05,8.703132793069628e-05,5.3557740265043867e-05,9.707340423039201e-05,4.351566396534814e-05,6.694717533130483e-05,9.037868669726152e-05,4.6863022731913386e-05,5.021038149847862e-05,6.694717533130483e-05,7.364189286443532e-05,5.021038149847862e-05,4.351566396534814e-05,4.01683051987829e-05,3.682094643221766e-05,4.351566396534814e-05,2.3431511365956693e-05,3.0126228899087174e-05,2.008415259939145e-05,3.347358766565242e-05,2.3431511365956693e-05,3.347358766565242e-05,6.694717533130483e-06,1.673679383282621e-05,3.347358766565242e-05,1.3389435066260967e-05,1.3389435066260967e-05,3.3473587665652417e-06,3.3473587665652417e-06,6.694717533130483e-06,6.694717533130483e-06,0.0,3.3473587665652417e-06,6.694717533130483e-06,6.694717533130483e-06,3.3473587665652417e-06,0.0,1.0042076299695725e-05,1.0042076299695725e-05,3.347358766565242e-05,0.0,3.3473587665652417e-06,3.3473587665652417e-06,0.0,3.3473587665652417e-06,0.0,0.0,0.0,0.0,0.0,0.0,3.3473587665652417e-06,0.0,0.0,0.0,0.0,0.0,0.0,0.0,0.0,0.0,3.3473587665652417e-06,0.0,0.0,0.0,0.0,0.0,3.3473587665652417e-06,0.0,0.0,0.0,0.0,0.0,0.0,0.0,0.0,0.0,0.0,0.0,0.0,0.0,0.0,0.0,0.0,3.3473587665652417e-06,0.0,0.0,0.0,0.0,0.0,0.0,0.0,0.0,0.0,0.0,0.0,0.0,0.0,0.0,0.0,0.0,0.0,0.0,0.0,0.0,0.0,0.0,0.0,0.0,0.0,0.0,0.0,0.0,0.0,0.0,0.0,0.0,0.0,0.0,0.0,0.0,0.0,0.0,0.0,0.0,0.0,0.0,0.0,0.0,0.0,0.0,0.0,0.0,0.0,0.0,0.0,0.0,0.0,0.0
0.0,0.0,0.0,0.0,0.0,0.0,0.0,0.0,0.0,0.0,0.0,0.0,0.0,0.0,0.0,0.0,3.3473587665652417e-06,0.0,0.0,0.0,0.0,0.0,0.0,0.0,0.0,0.0,0.0,0.0,0.0,6.694717533130483e-06,0.0,0.0,0.0,3.3473587665652417e-06,0.0,0.0,0.0,6.694717533130483e-06,0.0,0.0,0.0,0.0,0.0,3.3473587665652417e-06,0.0,6.694717533130483e-06,3.3473587665652417e-06,1.0042076299695725e-05,0.0,0.0,3.3473587665652417e-06,6.694717533130483e-06,6.694717533130483e-06,1.0042076299695725e-05,6.694717533130483e-06,0.0,3.3473587665652417e-06,6.694717533130483e-06,6.694717533130483e-06,0.0,0.0,0.0,0.0,6.694717533130483e-06,0.0,0.0,0.0,0.0,6.694717533130483e-06,0.0,0.0,0.0,0.0,0.0,3.3473587665652417e-06,0.0,0.0,3.3473587665652417e-06,0.0,0.0,0.0,0.0,0.0,0.0,0.0,0.0,0.0,0.0,0.0,3.3473587665652417e-06,0.0,0.0,0.0,0.0,6.694717533130483e-06,0.0,0.0,0.0,0.0,0.0,0.0,0.0,0.0,0.0,0.0,0.0,0.0,0.0,0.0,0.0,0.0,0.0,0.0,0.0,0.0,0.0,0.0,0.0,0.0,0.0,0.0,0.0,3.3473587665652417e-06,0.0,0.0,0.0,0.0,0.0,0.0,0.0,0.0,0.0,0.0,0.0,0.0,0.0,0.0,0.0,0.0,0.0,0.0,0.0,0.0,0.0,0.0,0.0,0.0,0.0,0.0,0.0,0.0,0.0,0.0,0.0,0.0,0.0,0.0,0.0,0.0,0.0,0.0,0.0,0.0,0.0,0.0,0.0,0.0,0.0,0.0,0.0,0.0,0.0,0.0,0.0,0.0,0.0,0.0,0.0,0.0,0.0,3.3473587665652417e-06,3.3473587665652417e-06,0.0,0.0,0.0,0.0,0.0,3.3473587665652417e-06,0.0,0.0,3.3473587665652417e-06,6.694717533130483e-06,0.0,0.0,1.0042076299695725e-05,6.694717533130483e-06,0.0,1.0042076299695725e-05,1.0042076299695725e-05,3.3473587665652417e-06,0.0,1.0042076299695725e-05,2.6778870132521933e-05,1.0042076299695725e-05,1.0042076299695725e-05,2.6778870132521933e-05,1.3389435066260967e-05,1.3389435066260967e-05,2.008415259939145e-05,4.01683051987829e-05,1.0042076299695725e-05,6.694717533130483e-06,3.0126228899087174e-05,3.347358766565242e-05,4.01683051987829e-05,4.6863022731913386e-05,6.694717533130483e-05,7.364189286443532e-05,9.037868669726152e-05,3.682094643221766e-05,3.682094643221766e-05,0.00010042076299695725,6.35998165647396e-05,7.029453409787007e-05,0.00010711548053008773,0.00010042076299695725,9.707340423039201e-05,6.694717533130483e-05,5.3557740265043867e-05,9.372604546382677e-05,4.6863022731913386e-05,6.025245779817435e-05,2.3431511365956693e-05,4.01683051987829e-05,3.682094643221766e-05,2.3431511365956693e-05,1.673679383282621e-05,2.008415259939145e-05,2.3431511365956693e-05,3.682094643221766e-05,6.694717533130483e-06,6.694717533130483e-06,2.3431511365956693e-05,1.673679383282621e-05,1.3389435066260967e-05,2.3431511365956693e-05,1.673679383282621e-05,6.694717533130483e-06,1.3389435066260967e-05,1.3389435066260967e-05,1.0042076299695725e-05,2.3431511365956693e-05,3.3473587665652417e-06,6.694717533130483e-06,3.3473587665652417e-06,1.3389435066260967e-05,1.0042076299695725e-05,3.3473587665652417e-06,3.3473587665652417e-06,3.3473587665652417e-06,2.008415259939145e-05,3.3473587665652417e-06,6.694717533130483e-06,6.694717533130483e-06,0.0,6.694717533130483e-06,6.694717533130483e-06,6.694717533130483e-06,0.0,0.0,3.3473587665652417e-06,3.3473587665652417e-06,3.3473587665652417e-06,3.3473587665652417e-06,0.0,0.0,0.0,0.0,0.0,0.0,0.0,3.3473587665652417e-06,0.0,0.0,0.0,0.0,0.0,0.0,0.0,0.0,0.0,0.0,0.0,0.0,3.3473587665652417e-06,0.0,0.0,0.0,0.0,0.0,0.0,0.0,3.3473587665652417e-06,0.0,0.0,0.0,0.0,0.0,0.0,0.0,0.0,0.0,0.0,0.0,0.0,0.0,0.0,0.0,0.0,0.0,0.0,0.0,0.0,0.0,0.0,0.0,0.0,0.0,0.0,0.0,0.0,0.0,0.0,0.0,0.0,0.0,0.0,0.0,0.0,0.0,0.0,0.0,0.0,0.0,0.0,0.0,0.0,0.0,0.0,0.0,0.0,0.0,0.0,0.0,0.0,0.0,3.3473587665652417e-06,0.0,0.0,0.0
0.0,0.0,0.0,0.0,0.0,0.0,0.0,0.0,0.0,0.0,0.0,0.0,0.0,0.0,0.0,0.0,3.3473587665652417e-06,0.0,3.3473587665652417e-06,0.0,0.0,0.0,0.0,0.0,3.3473587665652417e-06,0.0,0.0,0.0,0.0,0.0,3.3473587665652417e-06,0.0,0.0,3.3473587665652417e-06,0.0,0.0,0.0,0.0,3.3473587665652417e-06,3.3473587665652417e-06,0.0,0.0,6.694717533130483e-06,0.0,3.3473587665652417e-06,0.0,0.0,0.0,1.0042076299695725e-05,0.0,6.694717533130483e-06,0.0,3.3473587665652417e-06,0.0,0.0,3.3473587665652417e-06,6.694717533130483e-06,1.0042076299695725e-05,0.0,6.694717533130483e-06,0.0,0.0,0.0,0.0,3.3473587665652417e-06,0.0,3.3473587665652417e-06,0.0,3.3473587665652417e-06,0.0,0.0,0.0,0.0,0.0,0.0,0.0,0.0,0.0,0.0,0.0,6.694717533130483e-06,0.0,0.0,0.0,0.0,0.0,0.0,0.0,3.3473587665652417e-06,0.0,0.0,0.0,0.0,0.0,0.0,0.0,0.0,0.0,3.3473587665652417e-06,0.0,0.0,0.0,0.0,0.0,0.0,0.0,0.0,0.0,0.0,0.0,0.0,0.0,0.0,0.0,0.0,0.0,0.0,0.0,0.0,0.0,0.0,0.0,0.0,0.0,0.0,0.0,0.0,0.0,0.0,0.0,0.0,0.0,0.0,0.0,0.0,0.0,0.0,0.0,0.0,0.0,0.0,0.0,0.0,0.0,0.0,0.0,0.0,0.0,0.0,0.0,0.0,0.0,0.0,0.0,0.0,0.0,0.0,0.0,0.0,0.0,0.0,0.0,0.0,0.0,0.0,6.694717533130483e-06,0.0,0.0,0.0,0.0,0.0,0.0,0.0,0.0,3.3473587665652417e-06,0.0,0.0,3.3473587665652417e-06,0.0,0.0,3.3473587665652417e-06,0.0,0.0,0.0,3.3473587665652417e-06,0.0,0.0,0.0,6.694717533130483e-06,0.0,0.0,3.3473587665652417e-06,0.0,3.3473587665652417e-06,3.3473587665652417e-06,3.3473587665652417e-06,0.0,2.008415259939145e-05,1.0042076299695725e-05,1.0042076299695725e-05,1.3389435066260967e-05,3.3473587665652417e-06,1.3389435066260967e-05,2.008415259939145e-05,1.673679383282621e-05,1.3389435066260967e-05,2.008415259939145e-05,1.3389435066260967e-05,2.008415259939145e-05,1.3389435066260967e-05,3.682094643221766e-05,6.025245779817435e-05,2.3431511365956693e-05,7.364189286443532e-05,6.694717533130483e-05,6.025245779817435e-05,8.03366103975658e-05,7.698925163100056e-05,0.00015063114449543588,8.03366103975658e-05,7.029453409787007e-05,9.037868669726152e-05,6.025245779817435e-05,0.0001037681217635225,0.00011715755682978346,6.694717533130483e-05,0.00010042076299695725,8.03366103975658e-05,8.703132793069628e-05,4.6863022731913386e-05,6.694717533130483e-05,4.6863022731913386e-05,5.021038149847862e-05,3.347358766565242e-05,1.673679383282621e-05,3.682094643221766e-05,2.3431511365956693e-05,6.694717533130483e-05,2.6778870132521933e-05,2.3431511365956693e-05,3.347358766565242e-05,2.6778870132521933e-05,1.3389435066260967e-05,3.347358766565242e-05,6.694717533130483e-06,1.3389435066260967e-05,0.0,1.3389435066260967e-05,3.3473587665652417e-06,3.3473587665652417e-06,0.0,3.3473587665652417e-06,0.0,3.3473587665652417e-06,6.694717533130483e-06,6.694717533130483e-06,1.0042076299695725e-05,0.0,0.0,3.3473587665652417e-06,1.0042076299695725e-05,0.0,0.0,0.0,0.0,0.0,0.0,3.3473587665652417e-06,0.0,3.3473587665652417e-06,0.0,0.0,0.0,0.0,0.0,0.0,0.0,0.0,3.3473587665652417e-06,6.694717533130483e-06,0.0,0.0,0.0,0.0,0.0,3.3473587665652417e-06,0.0,0.0,0.0,0.0,0.0,0.0,0.0,0.0,0.0,0.0,0.0,0.0,0.0,0.0,0.0,0.0,0.0,0.0,0.0,0.0,0.0,0.0,0.0,0.0,0.0,0.0,3.3473587665652417e-06,0.0,0.0,0.0,0.0,0.0,0.0,0.0,0.0,0.0,0.0,0.0,0.0,0.0,0.0,0.0,0.0,0.0,0.0,0.0,0.0,0.0,0.0,0.0,0.0,0.0,0.0,0.0,0.0,0.0,0.0,0.0,0.0,0.0,0.0,0.0,0.0,0.0,0.0,6.694717533130483e-06,0.0,0.0,0.0,0.0,0.0,0.0,0.0,0.0
0.0,3.3473587665652417e-06,0.0,0.0,0.0,0.0,0.0,3.3473587665652417e-06,0.0,0.0,0.0,0.0,3.3473587665652417e-06,0.0,0.0,0.0,0.0,0.0,0.0,0.0,3.3473587665652417e-06,0.0,0.0,0.0,0.0,0.0,0.0,0.0,0.0,0.0,0.0,0.0,3.3473587665652417e-06,0.0,3.3473587665652417e-06,0.0,1.3389435066260967e-05,0.0,0.0,0.0,0.0,0.0,3.3473587665652417e-06,3.3473587665652417e-06,0.0,3.3473587665652417e-06,0.0,3.3473587665652417e-06,0.0,0.0,1.0042076299695725e-05,1.0042076299695725e-05,6.694717533130483e-06,1.0042076299695725e-05,6.694717533130483e-06,3.3473587665652417e-06,3.3473587665652417e-06,6.694717533130483e-06,3.3473587665652417e-06,3.3473587665652417e-06,0.0,0.0,3.3473587665652417e-06,0.0,0.0,0.0,0.0,0.0,0.0,0.0,0.0,0.0,0.0,0.0,0.0,0.0,0.0,0.0,0.0,0.0,0.0,0.0,0.0,0.0,0.0,0.0,0.0,3.3473587665652417e-06,0.0,0.0,0.0,0.0,0.0,0.0,0.0,0.0,0.0,0.0,0.0,0.0,3.3473587665652417e-06,0.0,0.0,0.0,0.0,0.0,0.0,0.0,0.0,3.3473587665652417e-06,0.0,0.0,0.0,0.0,0.0,3.3473587665652417e-06,0.0,0.0,0.0,0.0,0.0,0.0,0.0,0.0,0.0,0.0,0.0,0.0,0.0,0.0,0.0,0.0,0.0,0.0,0.0,0.0,0.0,0.0,0.0,0.0,0.0,0.0,0.0,0.0,0.0,0.0,0.0,0.0,0.0,0.0,0.0,0.0,0.0,0.0,0.0,0.0,0.0,0.0,0.0,3.3473587665652417e-06,0.0,0.0,0.0,0.0,0.0,0.0,0.0,0.0,0.0,0.0,0.0,0.0,0.0,0.0,0.0,0.0,0.0,0.0,0.0,0.0,6.694717533130483e-06,0.0,3.3473587665652417e-06,3.3473587665652417e-06,0.0,0.0,3.3473587665652417e-06,0.0,3.3473587665652417e-06,3.3473587665652417e-06,3.3473587665652417e-06,0.0,6.694717533130483e-06,3.3473587665652417e-06,6.694717533130483e-06,3.3473587665652417e-06,0.0,3.3473587665652417e-06,0.0,6.694717533130483e-06,1.673679383282621e-05,1.0042076299695725e-05,1.3389435066260967e-05,1.3389435066260967e-05,1.3389435066260967e-05,2.6778870132521933e-05,1.673679383282621e-05,2.008415259939145e-05,2.3431511365956693e-05,2.008415259939145e-05,3.347358766565242e-05,5.3557740265043867e-05,4.6863022731913386e-05,5.021038149847862e-05,6.025245779817435e-05,7.698925163100056e-05,6.35998165647396e-05,9.037868669726152e-05,5.021038149847862e-05,0.00014058906819574014,0.00010042076299695725,7.364189286443532e-05,9.707340423039201e-05,6.694717533130483e-05,0.00010042076299695725,7.364189286443532e-05,5.021038149847862e-05,5.021038149847862e-05,5.690509903160911e-05,7.364189286443532e-05,6.694717533130483e-05,3.347358766565242e-05,2.3431511365956693e-05,4.01683051987829e-05,3.347358766565242e-05,2.3431511365956693e-05,2.3431511365956693e-05,4.01683051987829e-05,1.673679383282621e-05,1.3389435066260967e-05,2.008415259939145e-05,2.008415259939145e-05,2.008415259939145e-05,2.6778870132521933e-05,1.673679383282621e-05,1.0042076299695725e-05,6.694717533130483e-06,6.694717533130483e-06,1.673679383282621e-05,1.3389435066260967e-05,6.694717533130483e-06,3.3473587665652417e-06,3.3473587665652417e-06,0.0,1.673679383282621e-05,6.694717533130483e-06,1.0042076299695725e-05,0.0,1.0042076299695725e-05,3.3473587665652417e-06,1.673679383282621e-05,1.0042076299695725e-05,6.694717533130483e-06,0.0,3.3473587665652417e-06,6.694717533130483e-06,0.0,0.0,0.0,0.0,0.0,6.694717533130483e-06,4.6863022731913386e-05,3.3473587665652417e-06,0.0,3.3473587665652417e-06,0.0,0.0,0.0,0.0,0.0,0.0,0.0,0.0,1.0042076299695725e-05,6.694717533130483e-06,0.0,0.0,0.0,0.0,0.0,0.0,0.0,0.0,0.0,0.0,0.0,3.3473587665652417e-06,0.0,0.0,0.0,0.0,0.0,0.0,0.0,0.0,0.0,0.0,0.0,0.0,0.0,0.0,3.3473587665652417e-06,0.0,3.3473587665652417e-06,0.0,0.0,0.0,0.0,0.0,0.0,0.0,0.0,0.0,0.0,3.3473587665652417e-06,0.0,0.0,0.0,0.0,0.0,0.0,0.0,0.0,0.0,0.0,0.0,0.0,0.0,0.0,0.0,0.0,0.0,0.0,0.0,0.0,0.0,0.0,0.0,0.0,0.0,0.0,3.3473587665652417e-06,0.0,6.694717533130483e-06,0.0,0.0,0.0,0.0,0.0
0.0,0.0,0.0,0.0,0.0,0.0,3.3473587665652417e-06,0.0,0.0,0.0,0.0,6.694717533130483e-06,0.0,0.0,0.0,0.0,3.3473587665652417e-06,0.0,0.0,0.0,3.3473587665652417e-06,0.0,0.0,0.0,0.0,0.0,0.0,0.0,3.3473587665652417e-06,0.0,0.0,0.0,0.0,3.3473587665652417e-06,0.0,0.0,3.3473587665652417e-06,0.0,0.0,3.3473587665652417e-06,0.0,0.0,6.694717533130483e-06,6.694717533130483e-06,0.0,3.3473587665652417e-06,0.0,0.0,0.0,3.3473587665652417e-06,0.0,1.0042076299695725e-05,1.3389435066260967e-05,1.0042076299695725e-05,6.694717533130483e-06,3.3473587665652417e-06,6.694717533130483e-06,0.0,0.0,3.3473587665652417e-06,3.3473587665652417e-06,3.3473587665652417e-06,0.0,0.0,6.694717533130483e-06,0.0,0.0,0.0,0.0,0.0,0.0,0.0,0.0,0.0,0.0,0.0,0.0,0.0,0.0,0.0,0.0,0.0,0.0,0.0,0.0,3.3473587665652417e-06,0.0,3.3473587665652417e-06,0.0,0.0,0.0,0.0,0.0,0.0,0.0,0.0,0.0,0.0,0.0,0.0,0.0,0.0,0.0,0.0,0.0,0.0,0.0,0.0,0.0,0.0,0.0,0.0,0.0,0.0,0.0,0.0,0.0,0.0,0.0,0.0,0.0,0.0,0.0,0.0,0.0,0.0,0.0,0.0,0.0,0.0,0.0,0.0,0.0,0.0,0.0,0.0,0.0,0.0,0.0,6.694717533130483e-06,0.0,0.0,0.0,0.0,1.0042076299695725e-05,0.0,0.0,0.0,0.0,0.0,0.0,0.0,0.0,3.3473587665652417e-06,0.0,0.0,0.0,0.0,0.0,0.0,0.0,0.0,0.0,0.0,0.0,0.0,0.0,0.0,0.0,0.0,0.0,0.0,0.0,0.0,3.3473587665652417e-06,0.0,0.0,3.3473587665652417e-06,3.3473587665652417e-06,3.3473587665652417e-06,0.0,0.0,0.0,0.0,0.0,0.0,0.0,0.0,3.3473587665652417e-06,0.0,0.0,3.3473587665652417e-06,1.0042076299695725e-05,3.3473587665652417e-06,0.0,3.3473587665652417e-06,1.673679383282621e-05,0.0,3.3473587665652417e-06,1.3389435066260967e-05,1.673679383282621e-05,6.694717533130483e-06,2.008415259939145e-05,1.0042076299695725e-05,2.6778870132521933e-05,1.0042076299695725e-05,3.347358766565242e-05,2.008415259939145e-05,2.6778870132521933e-05,3.682094643221766e-05,4.351566396534814e-05,2.6778870132521933e-05,3.347358766565242e-05,4.01683051987829e-05,8.03366103975658e-05,6.025245779817435e-05,9.707340423039201e-05,7.364189286443532e-05,8.368396916413105e-05,9.037868669726152e-05,0.00010711548053008773,8.368396916413105e-05,0.00010042076299695725,0.0001037681217635225,6.35998165647396e-05,0.00011715755682978346,7.698925163100056e-05,0.00011381019806321822,6.025245779817435e-05,6.35998165647396e-05,3.0126228899087174e-05,5.021038149847862e-05,2.6778870132521933e-05,2.6778870132521933e-05,4.351566396534814e-05,2.3431511365956693e-05,2.008415259939145e-05,1.3389435066260967e-05,2.008415259939145e-05,1.3389435066260967e-05,3.682094643221766e-05,1.673679383282621e-05,6.694717533130483e-06,1.3389435066260967e-05,1.0042076299695725e-05,6.694717533130483e-06,1.0042076299695725e-05,1.3389435066260967e-05,6.694717533130483e-06,0.0,3.3473587665652417e-06,6.694717533130483e-06,6.694717533130483e-06,0.0,0.0,3.3473587665652417e-06,3.3473587665652417e-06,3.3473587665652417e-06,3.3473587665652417e-06,0.0,3.3473587665652417e-06,3.3473587665652417e-06,0.0,0.0,6.694717533130483e-06,0.0,3.3473587665652417e-06,3.3473587665652417e-06,0.0,0.0,0.0,0.0,0.0,0.0,0.0,3.3473587665652417e-06,0.0,0.0,0.0,0.0,0.0,0.0,3.3473587665652417e-06,0.0,0.0,3.3473587665652417e-06,0.0,0.0,0.0,0.0,0.0,0.0,0.0,0.0,0.0,0.0,0.0,0.0,0.0,0.0,0.0,0.0,0.0,0.0,0.0,0.0,0.0,0.0,0.0,0.0,3.3473587665652417e-06,0.0,0.0,0.0,0.0,0.0,0.0,0.0,0.0,0.0,0.0,0.0,0.0,0.0,0.0,0.0,0.0,0.0,0.0,0.0,0.0,0.0,0.0,0.0,0.0,0.0,0.0,0.0,0.0,0.0,0.0,0.0,0.0,0.0,0.0,3.3473587665652417e-06,0.0,0.0,0.0,0.0,0.0,0.0,0.0,0.0,0.0,3.3473587665652417e-06,0.0,0.0,0.0,0.0
0.0,0.0,0.0,0.0,3.3473587665652417e-06,0.0,0.0,3.3473587665652417e-06,0.0,0.0,0.0,0.0,0.0,0.0,0.0,0.0,0.0,0.0,0.0,0.0,3.3473587665652417e-06,0.0,0.0,0.0,0.0,3.3473587665652417e-06,0.0,0.0,0.0,6.694717533130483e-06,3.3473587665652417e-06,3.3473587665652417e-06,0.0,0.0,0.0,0.0,0.0,0.0,0.0,0.0,0.0,0.0,0.0,0.0,0.0,6.694717533130483e-06,0.0,0.0,0.0,6.694717533130483e-06,3.3473587665652417e-06,1.673679383282621e-05,6.694717533130483e-06,6.694717533130483e-06,3.3473587665652417e-06,1.0042076299695725e-05,1.0042076299695725e-05,0.0,0.0,0.0,3.3473587665652417e-06,6.694717533130483e-06,3.3473587665652417e-06,6.694717533130483e-06,6.694717533130483e-06,0.0,1.3389435066260967e-05,0.0,6.694717533130483e-06,3.3473587665652417e-06,0.0,0.0,0.0,3.3473587665652417e-06,0.0,0.0,0.0,0.0,0.0,0.0,0.0,0.0,3.3473587665652417e-06,0.0,0.0,0.0,3.3473587665652417e-06,1.0042076299695725e-05,6.694717533130483e-06,0.0,0.0,0.0,3.3473587665652417e-06,0.0,0.0,0.0,0.0,0.0,0.0,0.0,0.0,0.0,0.0,0.0,0.0,0.0,0.0,0.0,0.0,0.0,3.3473587665652417e-06,0.0,0.0,0.0,0.0,0.0,0.0,0.0,0.0,0.0,0.0,0.0,0.0,0.0,0.0,0.0,0.0,0.0,0.0,0.0,0.0,0.0,0.0,0.0,0.0,0.0,0.0,0.0,0.0,0.0,0.0,0.0,0.0,0.0,0.0,0.0,0.0,0.0,0.0,0.0,0.0,0.0,0.0,0.0,0.0,0.0,0.0,0.0,0.0,0.0,0.0,0.0,0.0,0.0,0.0,0.0,3.3473587665652417e-06,0.0,0.0,3.3473587665652417e-06,0.0,0.0,3.3473587665652417e-06,0.0,0.0,3.3473587665652417e-06,0.0,0.0,0.0,0.0,0.0,0.0,0.0,0.0,0.0,3.3473587665652417e-06,3.3473587665652417e-06,3.3473587665652417e-06,3.3473587665652417e-06,3.3473587665652417e-06,3.3473587665652417e-06,0.0,6.694717533130483e-06,0.0,3.3473587665652417e-06,3.3473587665652417e-06,1.0042076299695725e-05,1.0042076299695725e-05,1.0042076299695725e-05,1.673679383282621e-05,1.0042076299695725e-05,3.0126228899087174e-05,5.3557740265043867e-05,2.3431511365956693e-05,3.0126228899087174e-05,2.008415259939145e-05,3.0126228899087174e-05,3.0126228899087174e-05,1.3389435066260967e-05,3.682094643221766e-05,3.0126228899087174e-05,6.025245779817435e-05,4.6863022731913386e-05,6.694717533130483e-05,6.025245779817435e-05,5.690509903160911e-05,8.03366103975658e-05,9.037868669726152e-05,6.694717533130483e-05,6.694717533130483e-05,9.037868669726152e-05,0.0001205049155963487,7.029453409787007e-05,8.03366103975658e-05,8.368396916413105e-05,5.3557740265043867e-05,8.03366103975658e-05,4.351566396534814e-05,4.01683051987829e-05,4.351566396534814e-05,4.6863022731913386e-05,1.673679383282621e-05,4.01683051987829e-05,1.673679383282621e-05,2.008415259939145e-05,2.008415259939145e-05,2.6778870132521933e-05,6.694717533130483e-06,1.3389435066260967e-05,1.3389435066260967e-05,1.3389435066260967e-05,1.3389435066260967e-05,2.6778870132521933e-05,1.673679383282621e-05,2.008415259939145e-05,1.0042076299695725e-05,1.673679383282621e-05,1.0042076299695725e-05,1.3389435066260967e-05,1.3389435066260967e-05,1.0042076299695725e-05,3.3473587665652417e-06,0.0,0.0,6.694717533130483e-06,0.0,1.0042076299695725e-05,0.0,0.0,6.694717533130483e-06,0.0,6.694717533130483e-06,0.0,0.0,3.3473587665652417e-06,0.0,3.3473587665652417e-06,3.3473587665652417e-06,6.694717533130483e-06,1.0042076299695725e-05,0.0,3.3473587665652417e-06,0.0,0.0,0.0,0.0,0.0,0.0,0.0,0.0,0.0,0.0,0.0,0.0,0.0,6.694717533130483e-06,0.0,0.0,0.0,0.0,0.0,0.0,0.0,0.0,0.0,0.0,0.0,0.0,0.0,3.3473587665652417e-06,0.0,0.0,0.0,3.3473587665652417e-06,0.0,3.3473587665652417e-06,0.0,0.0,3.3473587665652417e-06,0.0,0.0,0.0,0.0,0.0,0.0,0.0,0.0,0.0,0.0,0.0,0.0,0.0,0.0,0.0,0.0,0.0,0.0,3.3473587665652417e-06,0.0,0.0,0.0,0.0,0.0,0.0,0.0,0.0,0.0,0.0,0.0,0.0,0.0,0.0,0.0,0.0,0.0,0.0,0.0,0.0,0.0,0.0,0.0,0.0,3.3473587665652417e-06,0.0,0.0,0.0,0.0,3.3473587665652417e-06,0.0,0.0
0.0,0.0,0.0,3.3473587665652417e-06,0.0,3.3473587665652417e-06,3.3473587665652417e-06,0.0,0.0,3.3473587665652417e-06,0.0,0.0,0.0,0.0,0.0,0.0,6.694717533130483e-06,0.0,0.0,0.0,0.0,0.0,0.0,3.3473587665652417e-06,0.0,6.694717533130483e-06,3.3473587665652417e-06,0.0,0.0,0.0,0.0,3.3473587665652417e-06,1.673679383282621e-05,0.0,0.0,0.0,0.0,0.0,3.3473587665652417e-06,3.3473587665652417e-06,3.3473587665652417e-06,3.3473587665652417e-06,0.0,0.0,0.0,6.694717533130483e-06,3.3473587665652417e-06,0.0,0.0,3.3473587665652417e-06,3.3473587665652417e-06,0.0,3.3473587665652417e-06,6.694717533130483e-06,1.0042076299695725e-05,3.3473587665652417e-06,3.3473587665652417e-06,1.0042076299695725e-05,3.3473587665652417e-06,0.0,6.694717533130483e-06,0.0,6.694717533130483e-06,1.0042076299695725e-05,1.0042076299695725e-05,0.0,3.3473587665652417e-06,3.3473587665652417e-06,0.0,0.0,3.3473587665652417e-06,0.0,0.0,3.3473587665652417e-06,0.0,0.0,0.0,0.0,0.0,0.0,0.0,0.0,0.0,0.0,0.0,0.0,0.0,3.3473587665652417e-06,0.0,0.0,0.0,0.0,0.0,0.0,0.0,0.0,0.0,0.0,0.0,0.0,0.0,0.0,0.0,0.0,0.0,0.0,3.3473587665652417e-06,0.0,0.0,0.0,0.0,0.0,3.3473587665652417e-06,0.0,0.0,0.0,0.0,0.0,0.0,0.0,0.0,0.0,0.0,0.0,0.0,0.0,0.0,0.0,0.0,3.3473587665652417e-06,0.0,0.0,0.0,0.0,3.3473587665652417e-06,0.0,0.0,0.0,0.0,0.0,0.0,0.0,0.0,0.0,0.0,0.0,0.0,3.3473587665652417e-06,0.0,0.0,0.0,0.0,0.0,0.0,0.0,0.0,0.0,0.0,0.0,0.0,0.0,3.3473587665652417e-06,0.0,0.0,0.0,2.6778870132521933e-05,0.0,0.0,0.0,0.0,0.0,0.0,0.0,0.0,0.0,0.0,0.0,0.0,6.694717533130483e-06,0.0,0.0,0.0,0.0,6.694717533130483e-06,6.694717533130483e-06,0.0,6.694717533130483e-06,0.0,0.0,3.3473587665652417e-06,6.694717533130483e-06,1.0042076299695725e-05,6.694717533130483e-06,6.694717533130483e-06,1.0042076299695725e-05,3.0126228899087174e-05,6.694717533130483e-06,6.694717533130483e-06,1.0042076299695725e-05,1.3389435066260967e-05,6.694717533130483e-06,6.694717533130483e-06,2.6778870132521933e-05,1.0042076299695725e-05,1.3389435066260967e-05,3.682094643221766e-05,3.0126228899087174e-05,2.6778870132521933e-05,1.673679383282621e-05,3.682094643221766e-05,5.021038149847862e-05,6.025245779817435e-05,4.6863022731913386e-05,5.3557740265043867e-05,7.364189286443532e-05,6.694717533130483e-05,4.6863022731913386e-05,7.029453409787007e-05,6.694717533130483e-05,6.025245779817435e-05,5.690509903160911e-05,7.029453409787007e-05,7.698925163100056e-05,5.3557740265043867e-05,6.35998165647396e-05,6.694717533130483e-05,6.694717533130483e-05,5.690509903160911e-05,3.682094643221766e-05,3.0126228899087174e-05,4.01683051987829e-05,4.6863022731913386e-05,4.351566396534814e-05,3.0126228899087174e-05,1.0042076299695725e-05,1.673679383282621e-05,1.3389435066260967e-05,1.673679383282621e-05,3.3473587665652417e-06,1.0042076299695725e-05,1.3389435066260967e-05,2.008415259939145e-05,3.347358766565242e-05,0.0,0.0,1.3389435066260967e-05,0.0,6.694717533130483e-06,0.0,3.3473587665652417e-06,3.3473587665652417e-06,3.3473587665652417e-06,6.694717533130483e-06,0.0,0.0,3.3473587665652417e-06,3.3473587665652417e-06,0.0,0.0,0.0,3.3473587665652417e-06,0.0,0.0,3.3473587665652417e-06,0.0,3.3473587665652417e-06,0.0,0.0,6.694717533130483e-06,0.0,3.3473587665652417e-06,3.3473587665652417e-06,0.0,0.0,0.0,3.3473587665652417e-06,0.0,0.0,0.0,6.694717533130483e-06,0.0,6.694717533130483e-06,0.0,0.0,3.3473587665652417e-06,0.0,0.0,0.0,0.0,0.0,0.0,0.0,0.0,0.0,0.0,0.0,0.0,0.0,0.0,0.0,0.0,0.0,0.0,3.3473587665652417e-06,3.3473587665652417e-06,0.0,0.0,0.0,0.0,0.0,0.0,0.0,0.0,0.0,0.0,0.0,0.0,0.0,0.0,0.0,0.0,0.0,0.0,0.0,0.0,0.0,0.0,0.0,0.0,0.0,0.0,0.0,0.0,0.0,0.0,0.0,0.0,0.0,0.0,0.0,0.0,0.0,0.0,0.0,0.0,0.0,0.0,0.0,0.0,0.0,0.0,0.0,0.0,0.0,0.0,0.0,0.0,0.0,0.0,0.0
0.0,0.0,0.0,0.0,0.0,0.0,0.0,0.0,0.0,0.0,0.0,0.0,3.3473587665652417e-06,0.0,0.0,0.0,0.0,0.0,0.0,3.3473587665652417e-06,0.0,0.0,0.0,0.0,0.0,6.694717533130483e-06,0.0,3.3473587665652417e-06,3.3473587665652417e-06,0.0,3.3473587665652417e-06,0.0,0.0,3.3473587665652417e-06,3.3473587665652417e-06,0.0,3.3473587665652417e-06,0.0,0.0,3.3473587665652417e-06,6.694717533130483e-06,0.0,0.0,0.0,0.0,3.3473587665652417e-06,1.0042076299695725e-05,1.0042076299695725e-05,3.3473587665652417e-06,0.0,0.0,3.3473587665652417e-06,3.3473587665652417e-06,6.694717533130483e-06,1.3389435066260967e-05,6.694717533130483e-06,0.0,3.3473587665652417e-06,1.0042076299695725e-05,0.0,1.0042076299695725e-05,6.694717533130483e-06,3.3473587665652417e-06,3.3473587665652417e-06,3.3473587665652417e-06,0.0,3.3473587665652417e-06,3.3473587665652417e-06,0.0,3.3473587665652417e-06,0.0,0.0,0.0,0.0,0.0,3.3473587665652417e-06,0.0,0.0,0.0,0.0,0.0,0.0,0.0,0.0,0.0,0.0,3.3473587665652417e-06,0.0,0.0,0.0,0.0,0.0,0.0,0.0,0.0,0.0,0.0,0.0,0.0,0.0,0.0,0.0,0.0,0.0,0.0,0.0,0.0,0.0,0.0,0.0,0.0,0.0,0.0,0.0,0.0,0.0,0.0,0.0,0.0,0.0,0.0,0.0,0.0,0.0,0.0,0.0,0.0,0.0,0.0,0.0,3.3473587665652417e-06,0.0,0.0,0.0,0.0,0.0,0.0,0.0,0.0,0.0,0.0,0.0,0.0,0.0,0.0,0.0,0.0,0.0,0.0,0.0,0.0,0.0,3.3473587665652417e-06,0.0,0.0,0.0,0.0,0.0,3.3473587665652417e-06,3.3473587665652417e-06,0.0,0.0,0.0,6.694717533130483e-06,0.0,0.0,3.3473587665652417e-06,0.0,0.0,0.0,3.3473587665652417e-06,0.0,0.0,0.0,0.0,0.0,0.0,3.3473587665652417e-06,3.3473587665652417e-06,0.0,0.0,0.0,0.0,0.0,3.3473587665652417e-06,0.0,3.3473587665652417e-06,0.0,0.0,0.0,6.694717533130483e-06,1.673679383282621e-05,6.694717533130483e-06,6.694717533130483e-06,3.3473587665652417e-06,6.694717533130483e-06,1.673679383282621e-05,2.008415259939145e-05,1.673679383282621e-05,1.673679383282621e-05,2.6778870132521933e-05,1.0042076299695725e-05,1.3389435066260967e-05,3.682094643221766e-05,1.0042076299695725e-05,2.6778870132521933e-05,1.673679383282621e-05,3.347358766565242e-05,5.3557740265043867e-05,4.6863022731913386e-05,5.3557740265043867e-05,7.364189286443532e-05,4.6863022731913386e-05,7.698925163100056e-05,8.03366103975658e-05,4.01683051987829e-05,6.694717533130483e-05,5.3557740265043867e-05,5.3557740265043867e-05,4.6863022731913386e-05,0.00010042076299695725,8.03366103975658e-05,9.037868669726152e-05,4.01683051987829e-05,9.037868669726152e-05,5.690509903160911e-05,6.694717533130483e-05,3.682094643221766e-05,5.021038149847862e-05,4.01683051987829e-05,3.0126228899087174e-05,2.3431511365956693e-05,3.347358766565242e-05,3.0126228899087174e-05,2.6778870132521933e-05,1.3389435066260967e-05,1.673679383282621e-05,1.673679383282621e-05,3.3473587665652417e-06,6.694717533130483e-06,2.3431511365956693e-05,3.3473587665652417e-06,6.694717533130483e-06,2.6778870132521933e-05,1.673679383282621e-05,1.3389435066260967e-05,3.3473587665652417e-06,0.0,6.694717533130483e-06,3.3473587665652417e-06,3.3473587665652417e-06,3.3473587665652417e-06,3.3473587665652417e-06,3.3473587665652417e-06,1.0042076299695725e-05,0.0,0.0,3.3473587665652417e-06,0.0,0.0,0.0,0.0,6.694717533130483e-06,3.3473587665652417e-06,0.0,0.0,0.0,6.694717533130483e-06,0.0,3.3473587665652417e-06,3.3473587665652417e-06,0.0,0.0,0.0,3.3473587665652417e-06,0.0,3.3473587665652417e-06,0.0,3.3473587665652417e-06,0.0,0.0,0.0,0.0,0.0,0.0,0.0,6.694717533130483e-06,3.3473587665652417e-06,0.0,0.0,0.0,0.0,0.0,0.0,0.0,0.0,0.0,0.0,0.0,0.0,0.0,0.0,0.0,0.0,0.0,0.0,0.0,0.0,0.0,0.0,0.0,0.0,0.0,0.0,0.0,0.0,0.0,0.0,0.0,3.3473587665652417e-06,0.0,0.0,0.0,0.0,3.3473587665652417e-06,0.0,0.0,0.0,0.0,0.0,0.0,0.0,0.0,0.0,0.0,3.3473587665652417e-06,0.0,0.0,0.0,0.0,0.0,0.0,0.0,0.0,0.0,0.0,0.0,0.0,0.0,0.0,0.0,3.3473587665652417e-06,0.0,0.0,0.0,3.3473587665652417e-06,0.0,0.0,0.0,0.0
3.3473587665652417e-06,0.0,0.0,0.0,0.0,0.0,0.0,3.3473587665652417e-06,0.0,0.0,0.0,0.0,0.0,0.0,0.0,0.0,0.0,0.0,0.0,6.694717533130483e-06,0.0,0.0,3.3473587665652417e-06,0.0,0.0,3.3473587665652417e-06,0.0,0.0,3.3473587665652417e-06,6.694717533130483e-06,0.0,3.3473587665652417e-06,1.0042076299695725e-05,0.0,3.3473587665652417e-06,0.0,3.3473587665652417e-06,0.0,0.0,0.0,0.0,0.0,0.0,3.3473587665652417e-06,0.0,0.0,3.3473587665652417e-06,1.0042076299695725e-05,1.0042076299695725e-05,3.3473587665652417e-06,0.0,1.0042076299695725e-05,0.0,0.0,0.0,3.3473587665652417e-06,6.694717533130483e-06,3.3473587665652417e-06,3.3473587665652417e-06,0.0,3.3473587665652417e-06,0.0,6.694717533130483e-06,0.0,0.0,0.0,3.3473587665652417e-06,3.3473587665652417e-06,0.0,0.0,0.0,0.0,0.0,0.0,0.0,0.0,3.3473587665652417e-06,0.0,0.0,0.0,0.0,0.0,0.0,0.0,0.0,0.0,0.0,0.0,0.0,0.0,3.3473587665652417e-06,3.3473587665652417e-06,0.0,0.0,0.0,0.0,0.0,0.0,0.0,0.0,0.0,0.0,0.0,6.694717533130483e-06,0.0,0.0,0.0,0.0,3.3473587665652417e-06,0.0,0.0,0.0,3.3473587665652417e-06,0.0,0.0,0.0,0.0,0.0,3.3473587665652417e-06,3.3473587665652417e-06,0.0,0.0,0.0,0.0,0.0,0.0,0.0,0.0,0.0,0.0,0.0,0.0,0.0,0.0,6.694717533130483e-06,0.0,0.0,0.0,0.0,0.0,0.0,0.0,0.0,0.0,0.0,0.0,0.0,0.0,0.0,3.3473587665652417e-06,0.0,0.0,0.0,0.0,0.0,0.0,0.0,0.0,3.3473587665652417e-06,0.0,0.0,0.0,0.0,0.0,0.0,0.0,0.0,0.0,0.0,0.0,0.0,0.0,3.3473587665652417e-06,0.0,0.0,0.0,0.0,3.3473587665652417e-06,6.694717533130483e-06,0.0,3.3473587665652417e-06,3.3473587665652417e-06,6.694717533130483e-06,0.0,0.0,1.0042076299695725e-05,3.3473587665652417e-06,6.694717533130483e-06,6.694717533130483e-06,6.694717533130483e-06,1.0042076299695725e-05,6.694717533130483e-06,1.3389435066260967e-05,1.0042076299695725e-05,6.694717533130483e-06,1.3389435066260967e-05,1.0042076299695725e-05,1.0042076299695725e-05,2.008415259939145e-05,1.0042076299695725e-05,1.0042076299695725e-05,2.6778870132521933e-05,1.673679383282621e-05,3.682094643221766e-05,4.6863022731913386e-05,1.673679383282621e-05,1.673679383282621e-05,2.6778870132521933e-05,3.347358766565242e-05,4.351566396534814e-05,5.021038149847862e-05,4.01683051987829e-05,5.3557740265043867e-05,5.021038149847862e-05,5.3557740265043867e-05,4.01683051987829e-05,3.347358766565242e-05,6.694717533130483e-05,8.368396916413105e-05,4.6863022731913386e-05,7.029453409787007e-05,5.021038149847862e-05,5.3557740265043867e-05,5.3557740265043867e-05,5.021038149847862e-05,6.35998165647396e-05,4.351566396534814e-05,3.0126228899087174e-05,1.673679383282621e-05,2.6778870132521933e-05,1.673679383282621e-05,3.347358766565242e-05,3.0126228899087174e-05,2.008415259939145e-05,1.673679383282621e-05,2.3431511365956693e-05,0.0,1.3389435066260967e-05,1.3389435066260967e-05,3.3473587665652417e-06,1.673679383282621e-05,6.694717533130483e-06,6.694717533130483e-06,3.3473587665652417e-06,6.694717533130483e-06,6.694717533130483e-06,0.0,0.0,6.694717533130483e-06,0.0,6.694717533130483e-06,1.0042076299695725e-05,0.0,3.3473587665652417e-06,3.3473587665652417e-06,0.0,3.3473587665652417e-06,0.0,6.694717533130483e-06,3.3473587665652417e-06,0.0,3.3473587665652417e-06,0.0,3.3473587665652417e-06,3.3473587665652417e-06,0.0,6.694717533130483e-06,0.0,0.0,3.3473587665652417e-06,0.0,0.0,0.0,0.0,3.3473587665652417e-06,0.0,0.0,3.3473587665652417e-06,0.0,0.0,3.3473587665652417e-06,0.0,3.3473587665652417e-06,0.0,0.0,3.3473587665652417e-06,0.0,0.0,0.0,0.0,0.0,3.3473587665652417e-06,0.0,3.3473587665652417e-06,0.0,0.0,0.0,0.0,0.0,0.0,0.0,0.0,0.0,0.0,3.3473587665652417e-06,0.0,0.0,0.0,3.3473587665652417e-06,0.0,0.0,0.0,0.0,0.0,0.0,0.0,0.0,0.0,0.0,0.0,0.0,0.0,0.0,0.0,0.0,0.0,0.0,0.0,0.0,0.0,0.0,0.0,0.0,3.3473587665652417e-06,0.0,3.3473587665652417e-06,0.0,0.0,0.0,0.0,0.0,0.0,0.0,0.0,0.0,0.0,0.0,0.0,0.0,0.0,3.3473587665652417e-06,0.0,0.0,0.0,0.0,3.3473587665652417e-06,0.0,0.0,3.3473587665652417e-06,3.3473587665652417e-06
0.0,0.0,0.0,0.0,0.0,0.0,0.0,0.0,3.3473587665652417e-06,0.0,0.0,0.0,0.0,0.0,0.0,0.0,0.0,3.3473587665652417e-06,0.0,0.0,0.0,0.0,3.3473587665652417e-06,0.0,3.3473587665652417e-06,3.3473587665652417e-06,0.0,0.0,0.0,6.694717533130483e-06,3.3473587665652417e-06,0.0,3.3473587665652417e-06,6.694717533130483e-06,3.3473587665652417e-06,0.0,3.3473587665652417e-06,0.0,0.0,0.0,3.3473587665652417e-06,0.0,0.0,0.0,0.0,0.0,3.3473587665652417e-06,0.0,0.0,3.3473587665652417e-06,0.0,6.694717533130483e-06,0.0,1.0042076299695725e-05,3.3473587665652417e-06,1.0042076299695725e-05,0.0,0.0,3.3473587665652417e-06,6.694717533130483e-06,0.0,3.3473587665652417e-06,0.0,0.0,0.0,0.0,0.0,0.0,0.0,3.3473587665652417e-06,0.0,0.0,3.3473587665652417e-06,0.0,0.0,0.0,0.0,0.0,0.0,0.0,0.0,0.0,1.3389435066260967e-05,0.0,1.3389435066260967e-05,0.0,0.0,0.0,0.0,0.0,0.0,0.0,3.3473587665652417e-06,0.0,0.0,0.0,0.0,0.0,0.0,0.0,0.0,0.0,0.0,0.0,0.0,0.0,0.0,0.0,0.0,0.0,0.0,0.0,0.0,0.0,0.0,0.0,0.0,0.0,0.0,0.0,0.0,0.0,3.3473587665652417e-06,0.0,0.0,0.0,0.0,0.0,3.3473587665652417e-06,0.0,0.0,0.0,3.3473587665652417e-06,0.0,0.0,0.0,0.0,0.0,0.0,0.0,3.3473587665652417e-06,0.0,3.3473587665652417e-06,0.0,0.0,0.0,0.0,0.0,0.0,0.0,0.0,0.0,0.0,0.0,0.0,0.0,0.0,3.3473587665652417e-06,3.3473587665652417e-06,0.0,0.0,0.0,0.0,0.0,0.0,0.0,3.3473587665652417e-06,0.0,0.0,0.0,0.0,0.0,0.0,3.3473587665652417e-06,0.0,0.0,0.0,0.0,1.0042076299695725e-05,0.0,1.673679383282621e-05,0.0,0.0,3.3473587665652417e-06,6.694717533130483e-06,0.0,3.3473587665652417e-06,3.3473587665652417e-06,6.694717533130483e-06,1.0042076299695725e-05,6.694717533130483e-06,1.0042076299695725e-05,3.3473587665652417e-06,6.694717533130483e-06,1.0042076299695725e-05,2.008415259939145e-05,2.008415259939145e-05,2.008415259939145e-05,2.008415259939145e-05,1.673679383282621e-05,2.3431511365956693e-05,4.351566396534814e-05,4.01683051987829e-05,2.3431511365956693e-05,2.3431511365956693e-05,6.025245779817435e-05,3.682094643221766e-05,3.347358766565242e-05,3.0126228899087174e-05,3.0126228899087174e-05,4.01683051987829e-05,6.025245779817435e-05,3.682094643221766e-05,5.3557740265043867e-05,5.3557740265043867e-05,3.347358766565242e-05,5.3557740265043867e-05,7.698925163100056e-05,4.351566396534814e-05,4.351566396534814e-05,7.698925163100056e-05,3.347358766565242e-05,2.6778870132521933e-05,4.351566396534814e-05,5.3557740265043867e-05,3.0126228899087174e-05,4.01683051987829e-05,3.0126228899087174e-05,4.351566396534814e-05,1.0042076299695725e-05,1.673679383282621e-05,1.0042076299695725e-05,1.3389435066260967e-05,2.008415259939145e-05,1.673679383282621e-05,2.6778870132521933e-05,2.008415259939145e-05,6.694717533130483e-06,6.694717533130483e-06,1.673679383282621e-05,1.0042076299695725e-05,1.0042076299695725e-05,0.0,1.0042076299695725e-05,0.0,1.673679383282621e-05,6.694717533130483e-06,3.3473587665652417e-06,6.694717533130483e-06,3.3473587665652417e-06,2.6778870132521933e-05,0.0,0.0,3.3473587665652417e-06,0.0,0.0,3.3473587665652417e-06,1.0042076299695725e-05,0.0,6.694717533130483e-06,6.694717533130483e-06,0.0,0.0,6.694717533130483e-06,0.0,6.694717533130483e-06,3.3473587665652417e-06,6.694717533130483e-06,1.0042076299695725e-05,0.0,0.0,0.0,0.0,0.0,3.3473587665652417e-06,0.0,0.0,0.0,3.3473587665652417e-06,0.0,0.0,0.0,0.0,0.0,0.0,3.3473587665652417e-06,3.3473587665652417e-06,0.0,0.0,3.3473587665652417e-06,0.0,3.3473587665652417e-06,0.0,0.0,0.0,0.0,6.694717533130483e-06,3.3473587665652417e-06,0.0,0.0,0.0,0.0,3.3473587665652417e-06,3.3473587665652417e-06,0.0,0.0,0.0,0.0,0.0,0.0,0.0,3.3473587665652417e-06,3.3473587665652417e-06,0.0,0.0,0.0,0.0,0.0,0.0,3.3473587665652417e-06,0.0,0.0,0.0,0.0,0.0,0.0,0.0,0.0,0.0,0.0,0.0,3.3473587665652417e-06,0.0,0.0,0.0,0.0,0.0,0.0,0.0,0.0,0.0,0.0,0.0,0.0,3.3473587665652417e-06,0.0,0.0,0.0,0.0,0.0,0.0,0.0,0.0,0.0,0.0,0.0,0.0,0.0,0.0,0.0
0.0,6.694717533130483e-06,0.0,0.0,0.0,0.0,0.0,0.0,0.0,0.0,0.0,0.0,0.0,0.0,0.0,0.0,0.0,0.0,0.0,6.694717533130483e-06,0.0,0.0,0.0,0.0,0.0,0.0,0.0,3.3473587665652417e-06,3.3473587665652417e-06,0.0,0.0,3.3473587665652417e-06,0.0,1.3389435066260967e-05,3.3473587665652417e-06,6.694717533130483e-06,0.0,3.3473587665652417e-06,3.3473587665652417e-06,3.3473587665652417e-06,3.3473587665652417e-06,0.0,3.3473587665652417e-06,6.694717533130483e-06,6.694717533130483e-06,2.3431511365956693e-05,6.694717533130483e-06,0.0,0.0,3.3473587665652417e-06,0.0,6.694717533130483e-06,0.0,6.694717533130483e-06,6.694717533130483e-06,3.3473587665652417e-06,3.3473587665652417e-06,3.3473587665652417e-06,0.0,0.0,3.3473587665652417e-06,0.0,0.0,0.0,0.0,0.0,0.0,0.0,0.0,0.0,0.0,0.0,0.0,0.0,0.0,0.0,0.0,0.0,0.0,0.0,0.0,0.0,0.0,0.0,3.3473587665652417e-06,6.694717533130483e-06,0.0,0.0,0.0,0.0,0.0,0.0,0.0,0.0,0.0,0.0,3.3473587665652417e-06,0.0,0.0,0.0,0.0,0.0,0.0,0.0,0.0,0.0,0.0,0.0,0.0,6.694717533130483e-06,0.0,3.3473587665652417e-06,3.3473587665652417e-06,3.3473587665652417e-06,0.0,3.3473587665652417e-06,0.0,0.0,0.0,0.0,0.0,0.0,0.0,0.0,0.0,0.0,0.0,0.0,0.0,0.0,0.0,0.0,0.0,0.0,0.0,0.0,3.3473587665652417e-06,0.0,0.0,0.0,0.0,0.0,0.0,0.0,0.0,0.0,0.0,0.0,0.0,0.0,0.0,0.0,0.0,0.0,0.0,0.0,0.0,0.0,0.0,0.0,0.0,3.3473587665652417e-06,0.0,0.0,0.0,0.0,0.0,0.0,0.0,3.3473587665652417e-06,0.0,0.0,8.368396916413105e-05,0.0,0.0,0.0,6.694717533130483e-06,3.3473587665652417e-06,0.0,0.0,1.0042076299695725e-05,3.3473587665652417e-06,1.0042076299695725e-05,3.3473587665652417e-06,3.3473587665652417e-06,6.694717533130483e-06,3.3473587665652417e-06,6.694717533130483e-06,6.694717533130483e-06,1.0042076299695725e-05,3.3473587665652417e-06,1.3389435066260967e-05,1.673679383282621e-05,1.673679383282621e-05,1.0042076299695725e-05,1.0042076299695725e-05,1.673679383282621e-05,3.347358766565242e-05,1.673679383282621e-05,2.008415259939145e-05,1.3389435066260967e-05,6.35998165647396e-05,2.6778870132521933e-05,3.682094643221766e-05,2.6778870132521933e-05,4.351566396534814e-05,3.0126228899087174e-05,2.008415259939145e-05,1.673679383282621e-05,3.682094643221766e-05,3.347358766565242e-05,3.682094643221766e-05,3.682094643221766e-05,3.682094643221766e-05,5.3557740265043867e-05,6.35998165647396e-05,3.682094643221766e-05,4.351566396534814e-05,2.6778870132521933e-05,4.01683051987829e-05,3.0126228899087174e-05,3.0126228899087174e-05,3.347358766565242e-05,2.008415259939145e-05,4.6863022731913386e-05,4.01683051987829e-05,1.673679383282621e-05,3.347358766565242e-05,3.3473587665652417e-06,2.3431511365956693e-05,1.3389435066260967e-05,2.3431511365956693e-05,1.0042076299695725e-05,2.3431511365956693e-05,2.3431511365956693e-05,3.3473587665652417e-06,1.3389435066260967e-05,3.3473587665652417e-06,1.3389435066260967e-05,2.008415259939145e-05,3.3473587665652417e-06,1.673679383282621e-05,1.0042076299695725e-05,6.694717533130483e-06,3.3473587665652417e-06,6.694717533130483e-06,3.3473587665652417e-06,0.0,3.3473587665652417e-06,0.0,0.0,3.3473587665652417e-06,6.694717533130483e-06,6.694717533130483e-06,0.0,3.3473587665652417e-06,0.0,0.0,0.0,0.0,3.3473587665652417e-06,0.0,0.0,1.0042076299695725e-05,3.3473587665652417e-06,1.673679383282621e-05,3.3473587665652417e-06,3.3473587665652417e-06,0.0,0.0,0.0,0.0,0.0,0.0,3.3473587665652417e-06,0.0,3.3473587665652417e-06,0.0,0.0,0.0,3.3473587665652417e-06,6.694717533130483e-06,0.0,0.0,0.0,0.0,0.0,0.0,0.0,3.3473587665652417e-06,0.0,0.0,3.3473587665652417e-06,6.694717533130483e-06,0.0,0.0,0.0,0.0,0.0,0.0,0.0,0.0,0.0,0.0,0.0,0.0,0.0,0.0,0.0,0.0,0.0,0.0,0.0,0.0,3.3473587665652417e-06,0.0,0.0,0.0,0.0,0.0,0.0,0.0,0.0,0.0,0.0,0.0,0.0,0.0,0.0,0.0,0.0,0.0,0.0,0.0,0.0,0.0,0.0,0.0,0.0,0.0,0.0,0.0,0.0,0.0,0.0,3.3473587665652417e-06,0.0,0.0,0.0,0.0,0.0,0.0,0.0,0.0,0.0,0.0,0.0,0.0,0.0,0.0
0.0,0.0,0.0,0.0,0.0,0.0,0.0,0.0,0.0,0.0,0.0,0.0,0.0,3.3473587665652417e-06,0.0,6.694717533130483e-06,0.0,0.0,0.0,0.0,0.0,0.0,0.0,0.0,0.0,0.0,0.0,0.0,6.694717533130483e-06,0.0,3.3473587665652417e-06,1.0042076299695725e-05,0.0,0.0,6.694717533130483e-06,6.694717533130483e-06,3.3473587665652417e-06,3.3473587665652417e-06,1.0042076299695725e-05,0.0,0.0,0.0,0.0,0.0,0.0,6.694717533130483e-06,0.0,3.3473587665652417e-06,0.0,3.3473587665652417e-06,6.694717533130483e-06,0.0,0.0,0.0,0.0,3.3473587665652417e-06,1.3389435066260967e-05,1.0042076299695725e-05,0.0,0.0,0.0,0.0,0.0,0.0,3.3473587665652417e-06,6.694717533130483e-06,0.0,0.0,2.6778870132521933e-05,0.0,3.3473587665652417e-06,0.0,0.0,0.0,0.0,0.0,0.0,0.0,0.0,0.0,0.0,0.0,0.0,0.0,3.3473587665652417e-06,0.0,3.3473587665652417e-06,0.0,0.0,0.0,0.0,3.3473587665652417e-06,0.0,0.0,0.0,0.0,0.0,0.0,0.0,0.0,3.3473587665652417e-06,0.0,0.0,0.0,0.0,0.0,0.0,0.0,0.0,0.0,0.0,3.3473587665652417e-06,0.0,0.0,0.0,0.0,0.0,0.0,0.0,0.0,0.0,3.3473587665652417e-06,3.3473587665652417e-06,0.0,0.0,0.0,0.0,0.0,0.0,3.3473587665652417e-06,0.0,3.3473587665652417e-06,0.0,0.0,0.0,0.0,0.0,0.0,0.0,0.0,0.0,0.0,3.3473587665652417e-06,0.0,0.0,0.0,0.0,0.0,3.3473587665652417e-06,0.0,0.0,0.0,0.0,6.694717533130483e-06,6.694717533130483e-06,0.0,0.0,0.0,0.0,0.0,0.0,0.0,3.3473587665652417e-06,0.0,3.3473587665652417e-06,3.3473587665652417e-06,0.0,0.0,0.0,0.0,3.3473587665652417e-06,0.0,0.0,3.3473587665652417e-06,0.0,3.3473587665652417e-06,0.0,0.0,1.0042076299695725e-05,1.0042076299695725e-05,0.0,6.694717533130483e-06,6.694717533130483e-06,3.3473587665652417e-06,6.694717533130483e-06,6.694717533130483e-06,3.3473587665652417e-06,1.3389435066260967e-05,6.694717533130483e-06,0.0,1.0042076299695725e-05,2.3431511365956693e-05,1.3389435066260967e-05,1.673679383282621e-05,1.673679383282621e-05,1.3389435066260967e-05,2.008415259939145e-05,1.673679383282621e-05,6.694717533130483e-06,3.347358766565242e-05,3.347358766565242e-05,2.3431511365956693e-05,1.673679383282621e-05,2.3431511365956693e-05,1.673679383282621e-05,2.008415259939145e-05,3.347358766565242e-05,5.3557740265043867e-05,3.347358766565242e-05,3.347358766565242e-05,6.35998165647396e-05,3.682094643221766e-05,2.6778870132521933e-05,3.0126228899087174e-05,3.682094643221766e-05,4.6863022731913386e-05,2.3431511365956693e-05,3.347358766565242e-05,4.6863022731913386e-05,2.3431511365956693e-05,7.029453409787007e-05,3.0126228899087174e-05,4.01683051987829e-05,2.008415259939145e-05,4.01683051987829e-05,2.3431511365956693e-05,2.3431511365956693e-05,2.008415259939145e-05,2.6778870132521933e-05,2.6778870132521933e-05,1.3389435066260967e-05,6.694717533130483e-06,6.694717533130483e-06,1.0042076299695725e-05,1.3389435066260967e-05,1.0042076299695725e-05,3.3473587665652417e-06,2.008415259939145e-05,1.0042076299695725e-05,1.0042076299695725e-05,3.3473587665652417e-06,0.0,0.0,3.3473587665652417e-06,0.0,0.0,0.0,3.3473587665652417e-06,1.3389435066260967e-05,0.0,0.0,6.694717533130483e-06,3.3473587665652417e-06,0.0,6.694717533130483e-06,0.0,0.0,0.0,0.0,6.694717533130483e-06,3.3473587665652417e-06,0.0,3.3473587665652417e-06,3.3473587665652417e-06,6.694717533130483e-06,3.3473587665652417e-06,0.0,3.3473587665652417e-06,3.3473587665652417e-06,6.694717533130483e-06,0.0,3.3473587665652417e-06,0.0,0.0,0.0,0.0,3.3473587665652417e-06,0.0,0.0,0.0,0.0,0.0,0.0,3.3473587665652417e-06,0.0,0.0,0.0,0.0,3.3473587665652417e-06,0.0,0.0,0.0,0.0,0.0,0.0,0.0,0.0,0.0,3.3473587665652417e-06,0.0,0.0,0.0,0.0,0.0,0.0,0.0,3.3473587665652417e-06,0.0,0.0,3.3473587665652417e-06,0.0,0.0,0.0,0.0,6.694717533130483e-06,3.3473587665652417e-06,0.0,0.0,0.0,0.0,0.0,0.0,0.0,0.0,0.0,0.0,0.0,0.0,0.0,0.0,0.0,0.0,0.0,0.0,0.0,0.0,0.0,0.0,3.3473587665652417e-06,0.0,0.0,0.0,0.0,0.0,0.0,0.0,0.0,0.0,0.0,0.0,0.0,0.0,0.0,0.0,0.0,0.0,0.0,0.0,0.0,0.0
0.0,0.0,3.3473587665652417e-06,0.0,0.0,0.0,0.0,0.0,0.0,0.0,0.0,0.0,3.3473587665652417e-06,0.0,3.3473587665652417e-06,3.3473587665652417e-06,3.3473587665652417e-06,0.0,0.0,0.0,0.0,6.694717533130483e-06,0.0,0.0,0.0,0.0,0.0,0.0,3.3473587665652417e-06,0.0,0.0,0.0,1.3389435066260967e-05,6.694717533130483e-06,0.0,0.0,3.3473587665652417e-06,0.0,0.0,0.0,0.0,0.0,0.0,0.0,0.0,0.0,1.0042076299695725e-05,0.0,0.0,3.3473587665652417e-06,1.0042076299695725e-05,0.0,0.0,0.0,3.3473587665652417e-06,0.0,6.694717533130483e-06,0.0,3.3473587665652417e-06,3.3473587665652417e-06,0.0,0.0,0.0,0.0,0.0,0.0,0.0,3.3473587665652417e-06,3.3473587665652417e-06,0.0,0.0,0.0,0.0,6.694717533130483e-06,0.0,0.0,0.0,0.0,0.0,0.0,0.0,0.0,0.0,0.0,0.0,0.0,0.0,0.0,3.3473587665652417e-06,0.0,0.0,0.0,0.0,0.0,0.0,0.0,0.0,0.0,0.0,0.0,0.0,0.0,0.0,3.3473587665652417e-06,0.0,3.3473587665652417e-06,0.0,6.694717533130483e-06,0.0,0.0,0.0,0.0,0.0,0.0,0.0,0.0,0.0,0.0,6.694717533130483e-06,0.0,0.0,0.0,0.0,0.0,3.3473587665652417e-06,0.0,0.0,0.0,3.3473587665652417e-06,0.0,6.694717533130483e-06,0.0,0.0,3.3473587665652417e-06,0.0,0.0,3.3473587665652417e-06,0.0,0.0,0.0,0.0,0.0,3.3473587665652417e-06,0.0,0.0,0.0,0.0,0.0,0.0,0.0,0.0,0.0,3.3473587665652417e-06,0.0,0.0,0.0,0.0,3.3473587665652417e-06,0.0,0.0,0.0,0.0,0.0,0.0,0.0,0.0,0.0,0.0,0.0,6.694717533130483e-06,3.3473587665652417e-06,0.0,3.3473587665652417e-06,1.0042076299695725e-05,0.0,0.0,0.0,6.694717533130483e-06,3.3473587665652417e-06,0.0,3.3473587665652417e-06,6.694717533130483e-06,0.0,0.0,1.0042076299695725e-05,1.3389435066260967e-05,1.0042076299695725e-05,3.3473587665652417e-06,1.673679383282621e-05,3.347358766565242e-05,2.008415259939145e-05,1.3389435066260967e-05,1.673679383282621e-05,6.694717533130483e-06,3.347358766565242e-05,2.6778870132521933e-05,2.6778870132521933e-05,3.0126228899087174e-05,1.3389435066260967e-05,4.01683051987829e-05,1.673679383282621e-05,2.6778870132521933e-05,3.682094643221766e-05,3.0126228899087174e-05,2.3431511365956693e-05,2.008415259939145e-05,2.008415259939145e-05,3.347358766565242e-05,3.0126228899087174e-05,6.694717533130483e-06,2.3431511365956693e-05,3.682094643221766e-05,4.01683051987829e-05,1.673679383282621e-05,3.0126228899087174e-05,5.3557740265043867e-05,1.673679383282621e-05,3.682094643221766e-05,4.351566396534814e-05,1.673679383282621e-05,3.0126228899087174e-05,4.351566396534814e-05,2.008415259939145e-05,1.673679383282621e-05,2.3431511365956693e-05,1.673679383282621e-05,1.3389435066260967e-05,1.0042076299695725e-05,6.694717533130483e-06,3.3473587665652417e-06,1.0042076299695725e-05,3.3473587665652417e-06,0.0,1.673679383282621e-05,1.0042076299695725e-05,6.694717533130483e-06,1.3389435066260967e-05,0.0,1.0042076299695725e-05,3.3473587665652417e-06,0.0,3.3473587665652417e-06,6.694717533130483e-06,1.3389435066260967e-05,1.3389435066260967e-05,1.0042076299695725e-05,6.694717533130483e-06,1.0042076299695725e-05,3.3473587665652417e-06,6.694717533130483e-06,0.0,0.0,3.3473587665652417e-06,0.0,0.0,0.0,0.0,0.0,0.0,0.0,1.0042076299695725e-05,3.3473587665652417e-06,6.694717533130483e-06,6.694717533130483e-06,3.3473587665652417e-06,0.0,0.0,0.0,1.0042076299695725e-05,0.0,3.3473587665652417e-06,0.0,0.0,0.0,3.3473587665652417e-06,0.0,0.0,0.0,0.0,0.0,0.0,0.0,0.0,0.0,0.0,0.0,3.3473587665652417e-06,0.0,0.0,0.0,0.0,0.0,0.0,3.3473587665652417e-06,0.0,0.0,0.0,0.0,0.0,3.3473587665652417e-06,0.0,0.0,0.0,0.0,0.0,3.3473587665652417e-06,0.0,0.0,0.0,0.0,0.0,0.0,0.0,0.0,0.0,0.0,0.0,0.0,0.0,0.0,0.0,0.0,0.0,0.0,0.0,3.3473587665652417e-06,0.0,0.0,0.0,0.0,0.0,0.0,0.0,0.0,0.0,0.0,0.0,0.0,0.0,0.0,0.0,0.0,0.0,0.0,0.0,0.0,0.0,0.0,0.0,0.0,0.0,0.0,0.0,0.0,0.0,0.0,0.0,0.0,0.0,0.0
0.0,3.3473587665652417e-06,0.0,6.694717533130483e-06,0.0,0.0,0.0,3.3473587665652417e-06,3.3473587665652417e-06,0.0,0.0,0.0,0.0,0.0,0.0,0.0,0.0,0.0,0.0,0.0,0.0,0.0,0.0,0.0,0.0,0.0,0.0,0.0,6.694717533130483e-06,0.0,3.3473587665652417e-06,0.0,0.0,3.3473587665652417e-06,0.0,0.0,0.0,0.0,0.0,0.0,3.3473587665652417e-06,0.0,0.0,0.0,0.0,0.0,0.0,0.0,0.0,0.0,0.0,6.694717533130483e-06,0.0,0.0,0.0,0.0,0.0,6.694717533130483e-06,6.694717533130483e-06,0.0,0.0,0.0,0.0,0.0,3.3473587665652417e-06,0.0,3.3473587665652417e-06,0.0,3.3473587665652417e-06,0.0,0.0,0.0,0.0,0.0,0.0,0.0,0.0,1.0042076299695725e-05,0.0,0.0,0.0,0.0,0.0,0.0,0.0,0.0,0.0,0.0,3.3473587665652417e-06,0.0,0.0,0.0,0.0,0.0,0.0,0.0,0.0,0.0,0.0,0.0,3.3473587665652417e-06,0.0,0.0,0.0,0.0,0.0,0.0,0.0,0.0,0.0,0.0,0.0,0.0,0.0,0.0,0.0,3.3473587665652417e-06,0.0,6.694717533130483e-06,0.0,0.0,0.0,3.3473587665652417e-06,0.0,0.0,0.0,0.0,0.0,0.0,0.0,0.0,0.0,0.0,0.0,6.694717533130483e-06,0.0,0.0,0.0,0.0,0.0,3.3473587665652417e-06,0.0,3.3473587665652417e-06,0.0,0.0,0.0,0.0,0.0,0.0,0.0,0.0,0.0,0.0,0.0,0.0,0.0,0.0,0.0,0.0,0.0,0.0,0.0,0.0,0.0,0.0,0.0,0.0,3.3473587665652417e-06,0.0,0.0,0.0,6.694717533130483e-06,0.0,3.3473587665652417e-06,0.0,0.0,3.3473587665652417e-06,0.0,6.694717533130483e-06,0.0,6.694717533130483e-06,3.3473587665652417e-06,1.673679383282621e-05,6.694717533130483e-06,1.3389435066260967e-05,6.694717533130483e-06,0.0,1.0042076299695725e-05,1.3389435066260967e-05,1.3389435066260967e-05,6.694717533130483e-06,0.0,2.3431511365956693e-05,2.3431511365956693e-05,2.3431511365956693e-05,2.3431511365956693e-05,3.682094643221766e-05,2.3431511365956693e-05,3.0126228899087174e-05,2.3431511365956693e-05,1.3389435066260967e-05,3.682094643221766e-05,3.682094643221766e-05,4.01683051987829e-05,4.01683051987829e-05,3.682094643221766e-05,3.0126228899087174e-05,1.673679383282621e-05,6.694717533130483e-06,2.3431511365956693e-05,2.3431511365956693e-05,4.01683051987829e-05,2.3431511365956693e-05,2.6778870132521933e-05,2.3431511365956693e-05,6.694717533130483e-06,4.01683051987829e-05,1.673679383282621e-05,2.3431511365956693e-05,3.0126228899087174e-05,1.0042076299695725e-05,2.6778870132521933e-05,2.6778870132521933e-05,2.3431511365956693e-05,2.6778870132521933e-05,1.0042076299695725e-05,1.3389435066260967e-05,6.694717533130483e-06,1.3389435066260967e-05,1.0042076299695725e-05,1.3389435066260967e-05,6.694717533130483e-06,1.3389435066260967e-05,1.0042076299695725e-05,3.3473587665652417e-06,1.0042076299695725e-05,3.3473587665652417e-06,1.3389435066260967e-05,6.694717533130483e-06,6.694717533130483e-06,0.0,6.694717533130483e-06,6.694717533130483e-06,3.3473587665652417e-06,6.694717533130483e-06,3.3473587665652417e-06,0.0,1.0042076299695725e-05,6.694717533130483e-06,0.0,3.3473587665652417e-06,0.0,3.3473587665652417e-06,1.0042076299695725e-05,3.3473587665652417e-06,3.3473587665652417e-06,3.3473587665652417e-06,0.0,3.3473587665652417e-06,0.0,0.0,0.0,0.0,0.0,3.3473587665652417e-06,0.0,0.0,3.3473587665652417e-06,0.0,0.0,0.0,3.3473587665652417e-06,0.0,0.0,1.0042076299695725e-05,0.0,0.0,0.0,0.0,0.0,0.0,1.673679383282621e-05,0.0,3.3473587665652417e-06,0.0,6.694717533130483e-06,0.0,0.0,0.0,0.0,0.0,0.0,0.0,0.0,0.0,0.0,0.0,3.3473587665652417e-06,0.0,0.0,6.694717533130483e-06,0.0,0.0,0.0,0.0,0.0,3.3473587665652417e-06,3.3473587665652417e-06,0.0,0.0,0.0,0.0,6.694717533130483e-06,0.0,0.0,0.0,0.0,0.0,0.0,0.0,0.0,0.0,0.0,0.0,0.0,0.0,0.0,0.0,0.0,0.0,0.0,0.0,0.0,0.0,3.3473587665652417e-06,0.0,0.0,0.0,0.0,0.0,0.0,0.0,0.0,0.0,0.0,0.0,0.0,3.3473587665652417e-06,0.0,0.0,0.0,0.0,0.0,0.0,0.0,3.3473587665652417e-06,0.0,0.0,3.3473587665652417e-06,0.0
0.0,3.3473587665652417e-06,3.3473587665652417e-06,0.0,3.3473587665652417e-06,0.0,0.0,0.0,0.0,0.0,0.0,0.0,0.0,0.0,0.0,0.0,0.0,3.3473587665652417e-06,0.0,0.0,0.0,0.0,0.0,0.0,1.0042076299695725e-05,0.0,0.0,3.3473587665652417e-06,0.0,0.0,3.3473587665652417e-06,0.0,0.0,0.0,0.0,0.0,0.0,0.0,0.0,0.0,0.0,0.0,0.0,0.0,0.0,0.0,0.0,0.0,0.0,3.3473587665652417e-06,0.0,0.0,3.3473587665652417e-06,0.0,0.0,3.3473587665652417e-06,3.3473587665652417e-06,0.0,0.0,0.0,0.0,3.3473587665652417e-06,0.0,0.0,0.0,3.3473587665652417e-06,0.0,0.0,0.0,0.0,3.3473587665652417e-06,0.0,0.0,0.0,0.0,0.0,0.0,0.0,0.0,0.0,0.0,0.0,0.0,0.0,0.0,0.0,0.0,0.0,0.0,0.0,0.0,0.0,0.0,0.0,0.0,0.0,0.0,0.0,0.0,0.0,0.0,3.3473587665652417e-06,0.0,0.0,0.0,0.0,0.0,3.3473587665652417e-06,0.0,0.0,3.3473587665652417e-06,0.0,0.0,1.673679383282621e-05,3.3473587665652417e-06,0.0,0.0,0.0,3.3473587665652417e-06,1.0042076299695725e-05,0.0,3.3473587665652417e-06,3.3473587665652417e-06,3.3473587665652417e-06,0.0,3.3473587665652417e-06,0.0,0.0,6.694717533130483e-06,0.0,0.0,0.0,0.0,0.0,3.3473587665652417e-06,0.0,0.0,0.0,0.0,0.0,0.0,0.0,0.0,0.0,0.0,0.0,0.0,0.0,0.0,0.0,0.0,0.0,0.0,0.0,0.0,0.0,0.0,6.694717533130483e-06,0.0,3.3473587665652417e-06,6.694717533130483e-06,0.0,6.694717533130483e-06,0.0,0.0,0.0,0.0,0.0,3.3473587665652417e-06,0.0,0.0,0.0,0.0,3.3473587665652417e-06,0.0,0.0,0.0,6.694717533130483e-06,3.3473587665652417e-06,6.694717533130483e-06,1.0042076299695725e-05,1.3389435066260967e-05,3.3473587665652417e-06,3.3473587665652417e-06,1.3389435066260967e-05,6.694717533130483e-06,2.008415259939145e-05,1.3389435066260967e-05,2.008415259939145e-05,1.0042076299695725e-05,1.0042076299695725e-05,1.673679383282621e-05,1.3389435066260967e-05,3.3473587665652417e-06,1.673679383282621e-05,1.0042076299695725e-05,3.0126228899087174e-05,5.3557740265043867e-05,3.0126228899087174e-05,2.3431511365956693e-05,1.673679383282621e-05,2.008415259939145e-05,3.0126228899087174e-05,3.682094643221766e-05,3.682094643221766e-05,4.01683051987829e-05,1.3389435066260967e-05,1.673679383282621e-05,1.0042076299695725e-05,3.0126228899087174e-05,4.01683051987829e-05,1.673679383282621e-05,1.3389435066260967e-05,6.35998165647396e-05,1.3389435066260967e-05,3.0126228899087174e-05,2.3431511365956693e-05,1.3389435066260967e-05,2.3431511365956693e-05,2.6778870132521933e-05,2.3431511365956693e-05,1.0042076299695725e-05,1.3389435066260967e-05,2.008415259939145e-05,1.0042076299695725e-05,6.694717533130483e-06,1.673679383282621e-05,1.3389435066260967e-05,6.694717533130483e-06,3.3473587665652417e-06,1.0042076299695725e-05,1.3389435066260967e-05,3.3473587665652417e-06,6.694717533130483e-06,3.3473587665652417e-06,6.694717533130483e-06,3.3473587665652417e-06,0.0,3.3473587665652417e-06,3.3473587665652417e-06,0.0,3.3473587665652417e-06,3.3473587665652417e-06,6.694717533130483e-06,0.0,3.3473587665652417e-06,0.0,0.0,0.0,0.0,0.0,3.3473587665652417e-06,3.3473587665652417e-06,3.3473587665652417e-06,0.0,0.0,3.3473587665652417e-06,3.3473587665652417e-06,3.3473587665652417e-06,0.0,3.3473587665652417e-06,3.3473587665652417e-06,0.0,0.0,0.0,0.0,0.0,0.0,0.0,0.0,0.0,0.0,3.3473587665652417e-06,0.0,0.0,3.3473587665652417e-06,0.0,0.0,0.0,6.694717533130483e-06,0.0,0.0,3.3473587665652417e-06,0.0,0.0,3.3473587665652417e-06,0.0,0.0,0.0,3.3473587665652417e-06,0.0,0.0,0.0,0.0,0.0,0.0,0.0,0.0,0.0,0.0,0.0,0.0,0.0,0.0,0.0,0.0,0.0,0.0,0.0,0.0,0.0,0.0,0.0,0.0,3.3473587665652417e-06,0.0,0.0,3.3473587665652417e-06,0.0,0.0,3.3473587665652417e-06,0.0,0.0,0.0,0.0,0.0,0.0,0.0,0.0,0.0,0.0,3.3473587665652417e-06,0.0,0.0,0.0,0.0,0.0,0.0,0.0,0.0,0.0,0.0,0.0,0.0,0.0,0.0,0.0,0.0,0.0,0.0,0.0,0.0,0.0,0.0,0.0,0.0,0.0,0.0,0.0,3.3473587665652417e-06
0.0,0.0,6.694717533130483e-06,0.0,3.3473587665652417e-06,0.0,0.0,0.0,0.0,0.0,0.0,0.0,0.0,0.0,0.0,0.0,0.0,0.0,0.0,0.0,0.0,0.0,0.0,0.0,3.3473587665652417e-06,0.0,0.0,0.0,0.0,0.0,0.0,0.0,3.3473587665652417e-06,0.0,0.0,0.0,0.0,0.0,0.0,0.0,0.0,0.0,0.0,0.0,0.0,3.3473587665652417e-06,0.0,0.0,0.0,0.0,0.0,0.0,0.0,0.0,0.0,0.0,0.0,0.0,0.0,0.0,6.694717533130483e-06,0.0,0.0,0.0,0.0,6.694717533130483e-06,3.3473587665652417e-06,0.0,0.0,0.0,0.0,0.0,0.0,0.0,3.3473587665652417e-06,0.0,0.0,0.0,0.0,0.0,0.0,0.0,0.0,0.0,0.0,0.0,0.0,0.0,0.0,0.0,0.0,0.0,0.0,0.0,3.3473587665652417e-06,0.0,0.0,0.0,0.0,0.0,0.0,0.0,0.0,0.0,0.0,0.0,0.0,0.0,6.694717533130483e-06,0.0,0.0,0.0,0.0,0.0,0.0,0.0,0.0,3.3473587665652417e-06,0.0,0.0,0.0,0.0,3.3473587665652417e-06,0.0,0.0,3.3473587665652417e-06,0.0,0.0,0.0,0.0,0.0,0.0,0.0,3.3473587665652417e-06,0.0,0.0,0.0,0.0,0.0,3.3473587665652417e-06,3.3473587665652417e-06,0.0,0.0,0.0,0.0,0.0,0.0,0.0,3.3473587665652417e-06,0.0,0.0,0.0,0.0,0.0,0.0,3.3473587665652417e-06,0.0,0.0,0.0,3.3473587665652417e-06,0.0,0.0,0.0,0.0,3.3473587665652417e-06,3.3473587665652417e-06,0.0,6.694717533130483e-06,0.0,3.3473587665652417e-06,0.0,3.3473587665652417e-06,0.0,0.0,0.0,3.3473587665652417e-06,0.0,6.694717533130483e-06,3.3473587665652417e-06,0.0,3.3473587665652417e-06,2.3431511365956693e-05,1.0042076299695725e-05,1.3389435066260967e-05,6.694717533130483e-06,6.694717533130483e-06,2.3431511365956693e-05,2.3431511365956693e-05,1.3389435066260967e-05,2.3431511365956693e-05,2.008415259939145e-05,2.008415259939145e-05,1.3389435066260967e-05,6.694717533130483e-06,1.3389435066260967e-05,1.3389435066260967e-05,4.351566396534814e-05,5.690509903160911e-05,2.3431511365956693e-05,2.008415259939145e-05,1.3389435066260967e-05,5.3557740265043867e-05,3.347358766565242e-05,2.6778870132521933e-05,1.673679383282621e-05,1.673679383282621e-05,2.008415259939145e-05,1.673679383282621e-05,3.347358766565242e-05,2.6778870132521933e-05,2.3431511365956693e-05,3.0126228899087174e-05,1.673679383282621e-05,1.0042076299695725e-05,1.3389435066260967e-05,1.3389435066260967e-05,1.3389435066260967e-05,1.673679383282621e-05,1.673679383282621e-05,1.0042076299695725e-05,3.0126228899087174e-05,6.694717533130483e-06,3.3473587665652417e-06,2.008415259939145e-05,1.0042076299695725e-05,1.0042076299695725e-05,6.694717533130483e-06,1.0042076299695725e-05,3.3473587665652417e-06,3.3473587665652417e-06,1.0042076299695725e-05,1.673679383282621e-05,1.3389435066260967e-05,3.3473587665652417e-06,6.694717533130483e-06,0.0,3.3473587665652417e-06,6.694717533130483e-06,3.3473587665652417e-06,0.0,3.3473587665652417e-06,6.694717533130483e-06,0.0,0.0,0.0,6.694717533130483e-06,0.0,0.0,6.694717533130483e-06,6.694717533130483e-06,6.694717533130483e-06,0.0,3.3473587665652417e-06,0.0,0.0,0.0,2.6778870132521933e-05,0.0,3.3473587665652417e-06,0.0,0.0,0.0,6.694717533130483e-06,0.0,0.0,0.0,0.0,6.694717533130483e-06,3.3473587665652417e-06,0.0,3.3473587665652417e-06,0.0,0.0,0.0,6.694717533130483e-06,1.0042076299695725e-05,0.0,3.3473587665652417e-06,3.3473587665652417e-06,0.0,0.0,0.0,0.0,0.0,0.0,0.0,0.0,0.0,0.0,0.0,0.0,0.0,0.0,6.694717533130483e-06,0.0,0.0,0.0,0.0,0.0,0.0,6.694717533130483e-06,0.0,3.3473587665652417e-06,0.0,0.0,0.0,3.3473587665652417e-06,0.0,0.0,0.0,0.0,0.0,0.0,0.0,0.0,0.0,0.0,0.0,6.694717533130483e-06,0.0,0.0,0.0,0.0,0.0,0.0,0.0,0.0,0.0,0.0,0.0,0.0,3.3473587665652417e-06,0.0,0.0,0.0,0.0,0.0,0.0,0.0,0.0,0.0,0.0,3.3473587665652417e-06,0.0,0.0,0.0,0.0,0.0,0.0,0.0,0.0,0.0,6.694717533130483e-06,0.0,0.0,0.0,0.0,0.0,0.0,0.0
0.0,0.0,0.0,0.0,3.3473587665652417e-06,0.0,3.3473587665652417e-06,0.0,3.3473587665652417e-06,0.0,1.0042076299695725e-05,0.0,0.0,0.0,0.0,3.3473587665652417e-06,0.0,0.0,0.0,0.0,0.0,0.0,0.0,0.0,0.0,0.0,0.0,0.0,0.0,0.0,0.0,0.0,3.3473587665652417e-06,0.0,0.0,0.0,0.0,0.0,3.3473587665652417e-06,0.0,0.0,0.0,0.0,0.0,0.0,0.0,0.0,0.0,0.0,0.0,3.3473587665652417e-06,0.0,0.0,0.0,0.0,0.0,0.0,0.0,0.0,0.0,0.0,0.0,0.0,0.0,0.0,0.0,0.0,0.0,0.0,0.0,3.3473587665652417e-06,0.0,0.0,0.0,0.0,3.3473587665652417e-06,0.0,0.0,0.0,0.0,0.0,0.0,0.0,0.0,0.0,0.0,0.0,0.0,0.0,0.0,0.0,0.0,0.0,0.0,3.3473587665652417e-06,0.0,3.3473587665652417e-06,0.0,0.0,0.0,0.0,0.0,0.0,0.0,0.0,0.0,0.0,0.0,0.0,3.3473587665652417e-06,0.0,0.0,0.0,0.0,0.0,3.3473587665652417e-06,0.0,0.0,0.0,0.0,0.0,0.0,0.0,3.3473587665652417e-06,0.0,0.0,0.0,0.0,0.0,0.0,3.3473587665652417e-06,0.0,0.0,3.3473587665652417e-06,0.0,0.0,0.0,0.0,3.3473587665652417e-06,0.0,0.0,0.0,0.0,0.0,0.0,0.0,0.0,0.0,0.0,0.0,0.0,0.0,0.0,0.0,0.0,0.0,3.3473587665652417e-06,0.0,0.0,0.0,0.0,0.0,0.0,3.3473587665652417e-06,3.3473587665652417e-06,6.694717533130483e-06,0.0,0.0,3.3473587665652417e-06,6.694717533130483e-06,0.0,0.0,0.0,0.0,6.694717533130483e-06,3.3473587665652417e-06,3.3473587665652417e-06,3.3473587665652417e-06,0.0,0.0,0.0,2.3431511365956693e-05,2.6778870132521933e-05,1.3389435066260967e-05,1.673679383282621e-05,1.0042076299695725e-05,6.694717533130483e-06,2.6778870132521933e-05,3.0126228899087174e-05,2.6778870132521933e-05,2.008415259939145e-05,1.3389435066260967e-05,1.673679383282621e-05,1.673679383282621e-05,1.0042076299695725e-05,1.3389435066260967e-05,3.0126228899087174e-05,1.673679383282621e-05,2.3431511365956693e-05,4.01683051987829e-05,3.347358766565242e-05,2.008415259939145e-05,3.0126228899087174e-05,3.347358766565242e-05,6.694717533130483e-06,1.3389435066260967e-05,2.3431511365956693e-05,3.0126228899087174e-05,3.0126228899087174e-05,2.3431511365956693e-05,1.673679383282621e-05,1.3389435066260967e-05,2.6778870132521933e-05,1.673679383282621e-05,6.694717533130483e-06,1.0042076299695725e-05,1.673679383282621e-05,6.694717533130483e-06,6.694717533130483e-06,1.0042076299695725e-05,2.008415259939145e-05,1.3389435066260967e-05,1.0042076299695725e-05,1.3389435066260967e-05,1.0042076299695725e-05,6.694717533130483e-06,3.3473587665652417e-06,1.0042076299695725e-05,3.3473587665652417e-06,6.694717533130483e-06,6.694717533130483e-06,6.694717533130483e-06,3.3473587665652417e-06,3.3473587665652417e-06,1.673679383282621e-05,3.3473587665652417e-06,6.694717533130483e-06,0.0,0.0,3.3473587665652417e-06,0.0,0.0,3.3473587665652417e-06,0.0,0.0,0.0,3.3473587665652417e-06,6.694717533130483e-06,0.0,0.0,6.694717533130483e-06,0.0,0.0,6.694717533130483e-06,0.0,0.0,0.0,0.0,3.3473587665652417e-06,3.3473587665652417e-06,0.0,3.3473587665652417e-06,6.694717533130483e-06,3.3473587665652417e-06,6.694717533130483e-06,0.0,2.6778870132521933e-05,0.0,0.0,0.0,0.0,0.0,0.0,6.694717533130483e-06,0.0,0.0,0.0,0.0,0.0,0.0,0.0,3.3473587665652417e-06,0.0,0.0,6.694717533130483e-06,0.0,0.0,0.0,0.0,0.0,0.0,0.0,0.0,6.694717533130483e-06,0.0,0.0,0.0,0.0,3.3473587665652417e-06,0.0,3.3473587665652417e-06,3.3473587665652417e-06,0.0,0.0,0.0,0.0,0.0,0.0,0.0,0.0,0.0,0.0,0.0,0.0,3.3473587665652417e-06,0.0,0.0,0.0,3.3473587665652417e-06,0.0,0.0,0.0,0.0,0.0,0.0,0.0,0.0,0.0,0.0,0.0,0.0,0.0,0.0,0.0,0.0,0.0,3.3473587665652417e-06,0.0,0.0,0.0,0.0,0.0,0.0,0.0,3.3473587665652417e-06,0.0,0.0,0.0,0.0,0.0,0.0,0.0,0.0,0.0,0.0,0.0,0.0,0.0,0.0,0.0
0.0,3.3473587665652417e-06,0.0,0.0,3.3473587665652417e-06,0.0,3.3473587665652417e-06,0.0,0.0,0.0,0.0,3.3473587665652417e-06,0.0,0.0,0.0,0.0,0.0,0.0,0.0,0.0,0.0,3.3473587665652417e-06,0.0,6.694717533130483e-06,0.0,0.0,0.0,0.0,0.0,0.0,0.0,1.0042076299695725e-05,3.3473587665652417e-06,0.0,0.0,0.0,0.0,3.3473587665652417e-06,0.0,0.0,0.0,0.0,0.0,0.0,0.0,3.3473587665652417e-06,0.0,0.0,0.0,0.0,0.0,0.0,0.0,0.0,0.0,0.0,0.0,0.0,0.0,6.694717533130483e-06,0.0,0.0,0.0,0.0,0.0,0.0,0.0,0.0,0.0,0.0,0.0,3.3473587665652417e-06,0.0,0.0,3.3473587665652417e-06,0.0,0.0,0.0,0.0,0.0,0.0,0.0,0.0,0.0,3.3473587665652417e-06,0.0,0.0,0.0,0.0,0.0,0.0,0.0,0.0,0.0,0.0,0.0,0.0,0.0,0.0,0.0,0.0,0.0,0.0,0.0,0.0,0.0,0.0,0.0,0.0,0.0,3.3473587665652417e-06,0.0,3.3473587665652417e-06,6.694717533130483e-06,0.0,0.0,0.0,0.0,0.0,0.0,0.0,0.0,0.0,3.3473587665652417e-06,3.3473587665652417e-06,3.3473587665652417e-06,0.0,0.0,0.0,0.0,0.0,0.0,0.0,0.0,0.0,0.0,0.0,0.0,0.0,3.3473587665652417e-06,0.0,0.0,0.0,0.0,0.0,0.0,0.0,0.0,3.3473587665652417e-06,0.0,0.0,0.0,0.0,3.3473587665652417e-06,0.0,3.3473587665652417e-06,0.0,0.0,0.0,0.0,1.3389435066260967e-05,3.3473587665652417e-06,0.0,0.0,0.0,0.0,0.0,3.3473587665652417e-06,3.3473587665652417e-06,0.0,0.0,6.694717533130483e-06,0.0,0.0,3.3473587665652417e-06,6.694717533130483e-06,0.0,3.3473587665652417e-06,1.3389435066260967e-05,1.673679383282621e-05,6.694717533130483e-06,1.673679383282621e-05,6.694717533130483e-06,1.0042076299695725e-05,2.3431511365956693e-05,6.694717533130483e-06,3.0126228899087174e-05,2.3431511365956693e-05,2.3431511365956693e-05,2.008415259939145e-05,1.0042076299695725e-05,2.3431511365956693e-05,2.008415259939145e-05,3.0126228899087174e-05,2.3431511365956693e-05,2.3431511365956693e-05,3.347358766565242e-05,1.673679383282621e-05,2.008415259939145e-05,1.0042076299695725e-05,1.0042076299695725e-05,2.008415259939145e-05,1.3389435066260967e-05,2.6778870132521933e-05,1.673679383282621e-05,6.694717533130483e-06,6.694717533130483e-06,6.694717533130483e-06,3.0126228899087174e-05,2.008415259939145e-05,1.0042076299695725e-05,6.694717533130483e-06,2.008415259939145e-05,6.694717533130483e-06,2.3431511365956693e-05,1.3389435066260967e-05,2.6778870132521933e-05,1.0042076299695725e-05,0.0,1.673679383282621e-05,0.0,2.3431511365956693e-05,3.3473587665652417e-06,1.0042076299695725e-05,6.694717533130483e-06,3.3473587665652417e-06,3.3473587665652417e-06,1.0042076299695725e-05,3.3473587665652417e-06,3.3473587665652417e-06,3.3473587665652417e-06,1.3389435066260967e-05,3.3473587665652417e-06,3.3473587665652417e-06,6.694717533130483e-06,0.0,6.694717533130483e-06,0.0,1.3389435066260967e-05,0.0,6.694717533130483e-06,6.694717533130483e-06,6.694717533130483e-06,6.694717533130483e-06,0.0,0.0,3.3473587665652417e-06,0.0,0.0,0.0,0.0,0.0,0.0,0.0,0.0,0.0,0.0,3.3473587665652417e-06,0.0,0.0,3.3473587665652417e-06,0.0,0.0,0.0,0.0,0.0,0.0,0.0,0.0,0.0,0.0,0.0,0.0,0.0,0.0,0.0,3.3473587665652417e-06,0.0,3.3473587665652417e-06,0.0,0.0,0.0,0.0,3.3473587665652417e-06,0.0,3.3473587665652417e-06,0.0,0.0,2.008415259939145e-05,2.008415259939145e-05,0.0,0.0,0.0,0.0,3.3473587665652417e-06,0.0,0.0,0.0,0.0,0.0,0.0,0.0,0.0,0.0,0.0,0.0,3.3473587665652417e-06,0.0,0.0,3.3473587665652417e-06,3.3473587665652417e-06,0.0,0.0,0.0,0.0,0.0,0.0,0.0,0.0,0.0,0.0,0.0,0.0,0.0,0.0,0.0,0.0,0.0,0.0,0.0,0.0,0.0,1.3389435066260967e-05,0.0,0.0,0.0,0.0,0.0,0.0,0.0,0.0,0.0,0.0,0.0,0.0,0.0,0.0,0.0,0.0,0.0,0.0,0.0,0.0,0.0,3.3473587665652417e-06,0.0,0.0,0.0,0.0,0.0
0.0,3.3473587665652417e-06,0.0,0.0,0.0,0.0,0.0,0.0,0.0,0.0,0.0,0.0,0.0,0.0,0.0,0.0,0.0,0.0,0.0,0.0,0.0,0.0,0.0,3.3473587665652417e-06,0.0,0.0,0.0,0.0,0.0,0.0,0.0,0.0,1.673679383282621e-05,3.3473587665652417e-06,0.0,0.0,0.0,0.0,0.0,0.0,0.0,0.0,0.0,0.0,0.0,0.0,3.3473587665652417e-06,0.0,0.0,0.0,0.0,0.0,0.0,0.0,0.0,0.0,0.0,0.0,3.3473587665652417e-06,0.0,0.0,0.0,0.0,0.0,0.0,0.0,0.0,3.3473587665652417e-06,3.3473587665652417e-06,0.0,0.0,0.0,3.3473587665652417e-06,0.0,0.0,0.0,6.694717533130483e-06,0.0,3.3473587665652417e-06,0.0,0.0,0.0,0.0,0.0,6.694717533130483e-06,0.0,0.0,0.0,0.0,0.0,0.0,3.3473587665652417e-06,0.0,3.3473587665652417e-06,0.0,0.0,0.0,0.0,0.0,0.0,0.0,0.0,0.0,0.0,0.0,0.0,0.0,0.0,0.0,0.0,0.0,0.0,6.694717533130483e-06,0.0,3.3473587665652417e-06,0.0,0.0,3.3473587665652417e-06,0.0,0.0,0.0,0.0,0.0,0.0,0.0,3.3473587665652417e-06,0.0,0.0,0.0,0.0,0.0,0.0,3.3473587665652417e-06,0.0,0.0,3.3473587665652417e-06,3.3473587665652417e-06,3.3473587665652417e-06,0.0,0.0,3.3473587665652417e-06,0.0,0.0,0.0,0.0,0.0,0.0,0.0,0.0,0.0,0.0,0.0,0.0,3.3473587665652417e-06,0.0,2.008415259939145e-05,0.0,0.0,0.0,0.0,3.3473587665652417e-06,3.3473587665652417e-06,0.0,0.0,0.0,0.0,0.0,3.3473587665652417e-06,0.0,0.0,3.3473587665652417e-06,0.0,0.0,3.3473587665652417e-06,3.3473587665652417e-06,3.3473587665652417e-06,1.3389435066260967e-05,0.0,0.0,6.694717533130483e-06,3.3473587665652417e-06,1.0042076299695725e-05,1.0042076299695725e-05,3.3473587665652417e-06,1.3389435066260967e-05,3.3473587665652417e-06,1.0042076299695725e-05,2.6778870132521933e-05,2.3431511365956693e-05,3.3473587665652417e-06,1.673679383282621e-05,2.008415259939145e-05,4.351566396534814e-05,1.673679383282621e-05,4.6863022731913386e-05,2.008415259939145e-05,1.0042076299695725e-05,1.3389435066260967e-05,6.694717533130483e-06,1.0042076299695725e-05,2.008415259939145e-05,3.0126228899087174e-05,1.673679383282621e-05,1.673679383282621e-05,2.008415259939145e-05,1.3389435066260967e-05,1.0042076299695725e-05,2.008415259939145e-05,2.6778870132521933e-05,6.694717533130483e-06,3.3473587665652417e-06,1.673679383282621e-05,6.694717533130483e-06,6.694717533130483e-06,1.0042076299695725e-05,6.694717533130483e-06,1.0042076299695725e-05,2.008415259939145e-05,1.0042076299695725e-05,3.3473587665652417e-06,3.3473587665652417e-06,3.3473587665652417e-06,6.694717533130483e-06,3.3473587665652417e-06,1.3389435066260967e-05,1.0042076299695725e-05,6.694717533130483e-06,6.694717533130483e-06,6.694717533130483e-06,0.0,6.694717533130483e-06,3.3473587665652417e-06,3.3473587665652417e-06,0.0,0.0,0.0,3.3473587665652417e-06,6.694717533130483e-06,6.694717533130483e-06,0.0,0.0,6.694717533130483e-06,6.694717533130483e-06,3.3473587665652417e-06,3.3473587665652417e-06,3.3473587665652417e-06,0.0,0.0,6.694717533130483e-06,3.3473587665652417e-06,3.3473587665652417e-06,0.0,0.0,3.3473587665652417e-06,3.3473587665652417e-06,0.0,0.0,0.0,0.0,0.0,0.0,0.0,0.0,0.0,3.3473587665652417e-06,0.0,3.3473587665652417e-06,0.0,3.3473587665652417e-06,0.0,0.0,1.3389435066260967e-05,0.0,0.0,0.0,0.0,0.0,0.0,0.0,0.0,0.0,0.0,0.0,0.0,0.0,3.3473587665652417e-06,0.0,0.0,0.0,0.0,0.0,0.0,0.0,0.0,0.0,0.0,0.0,0.0,0.0,0.0,3.3473587665652417e-06,0.0,0.0,0.0,0.0,0.0,0.0,0.0,0.0,0.0,0.0,0.0,0.0,3.3473587665652417e-06,0.0,0.0,0.0,0.0,0.0,0.0,0.0,0.0,0.0,0.0,0.0,0.0,0.0,0.0,3.3473587665652417e-06,0.0,0.0,0.0,0.0,0.0,0.0,0.0,3.3473587665652417e-06,0.0,0.0,0.0,0.0,0.0,0.0,0.0,0.0,3.3473587665652417e-06,0.0,0.0,0.0,3.3473587665652417e-06,0.0,0.0,0.0,0.0,3.3473587665652417e-06,6.694717533130483e-06,0.0,0.0,0.0,0.0
0.0,0.0,3.3473587665652417e-06,0.0,3.3473587665652417e-06,0.0,0.0,0.0,0.0,0.0,0.0,0.0,3.3473587665652417e-06,0.0,3.3473587665652417e-06,0.0,0.0,0.0,0.0,0.0,3.3473587665652417e-06,0.0,0.0,0.0,3.3473587665652417e-06,0.0,0.0,0.0,0.0,0.0,3.3473587665652417e-06,3.3473587665652417e-06,0.0,0.0,0.0,0.0,0.0,0.0,0.0,0.0,0.0,0.0,0.0,0.0,0.0,3.3473587665652417e-06,0.0,0.0,0.0,3.3473587665652417e-06,0.0,0.0,0.0,0.0,0.0,0.0,3.3473587665652417e-06,3.3473587665652417e-06,0.0,0.0,3.3473587665652417e-06,0.0,0.0,0.0,0.0,0.0,0.0,0.0,0.0,0.0,0.0,0.0,0.0,0.0,0.0,0.0,0.0,0.0,0.0,0.0,0.0,0.0,0.0,0.0,3.3473587665652417e-06,0.0,0.0,0.0,0.0,3.3473587665652417e-06,0.0,0.0,3.3473587665652417e-06,0.0,0.0,0.0,0.0,0.0,0.0,0.0,3.3473587665652417e-06,0.0,3.3473587665652417e-06,0.0,0.0,0.0,0.0,0.0,0.0,0.0,0.0,0.0,0.0,0.0,0.0,3.3473587665652417e-06,0.0,3.3473587665652417e-06,0.0,3.3473587665652417e-06,0.0,0.0,3.3473587665652417e-06,0.0,3.3473587665652417e-06,1.0042076299695725e-05,6.694717533130483e-06,6.694717533130483e-06,3.3473587665652417e-06,0.0,0.0,0.0,0.0,0.0,0.0,3.3473587665652417e-06,0.0,3.3473587665652417e-06,0.0,0.0,0.0,0.0,0.0,0.0,0.0,0.0,0.0,0.0,0.0,0.0,0.0,0.0,0.0,0.0,0.0,0.0,0.0,0.0,0.0,3.3473587665652417e-06,0.0,0.0,3.3473587665652417e-06,0.0,6.694717533130483e-06,3.3473587665652417e-06,2.008415259939145e-05,0.0,0.0,3.3473587665652417e-06,6.694717533130483e-06,3.3473587665652417e-06,0.0,3.3473587665652417e-06,0.0,6.694717533130483e-06,6.694717533130483e-06,3.3473587665652417e-06,3.3473587665652417e-06,3.3473587665652417e-06,1.0042076299695725e-05,1.673679383282621e-05,0.0,3.3473587665652417e-06,1.0042076299695725e-05,1.0042076299695725e-05,1.0042076299695725e-05,1.0042076299695725e-05,2.008415259939145e-05,1.3389435066260967e-05,1.0042076299695725e-05,1.673679383282621e-05,3.3473587665652417e-06,2.6778870132521933e-05,2.008415259939145e-05,1.0042076299695725e-05,1.3389435066260967e-05,1.0042076299695725e-05,2.3431511365956693e-05,3.0126228899087174e-05,3.0126228899087174e-05,3.682094643221766e-05,6.694717533130483e-06,1.673679383282621e-05,1.0042076299695725e-05,1.3389435066260967e-05,1.3389435066260967e-05,2.008415259939145e-05,3.3473587665652417e-06,1.0042076299695725e-05,1.0042076299695725e-05,1.3389435066260967e-05,3.3473587665652417e-06,1.3389435066260967e-05,1.0042076299695725e-05,3.3473587665652417e-06,2.008415259939145e-05,1.0042076299695725e-05,3.3473587665652417e-06,3.3473587665652417e-06,0.0,0.0,3.3473587665652417e-06,6.694717533130483e-06,6.694717533130483e-06,3.3473587665652417e-06,1.3389435066260967e-05,6.694717533130483e-06,3.3473587665652417e-06,3.3473587665652417e-06,3.3473587665652417e-06,0.0,3.3473587665652417e-06,3.3473587665652417e-06,0.0,3.3473587665652417e-06,0.0,1.0042076299695725e-05,3.3473587665652417e-06,3.3473587665652417e-06,0.0,0.0,0.0,0.0,6.694717533130483e-06,0.0,0.0,3.3473587665652417e-06,0.0,0.0,3.3473587665652417e-06,0.0,0.0,3.3473587665652417e-06,0.0,0.0,0.0,0.0,6.694717533130483e-06,0.0,0.0,0.0,0.0,0.0,0.0,0.0,3.3473587665652417e-06,3.3473587665652417e-06,0.0,3.3473587665652417e-06,0.0,0.0,0.0,6.694717533130483e-06,0.0,0.0,0.0,6.694717533130483e-06,3.3473587665652417e-06,0.0,0.0,0.0,0.0,0.0,0.0,0.0,3.3473587665652417e-06,0.0,0.0,0.0,0.0,0.0,0.0,0.0,0.0,0.0,0.0,0.0,0.0,0.0,0.0,0.0,0.0,0.0,0.0,0.0,0.0,3.3473587665652417e-06,0.0,0.0,0.0,0.0,0.0,3.3473587665652417e-06,0.0,0.0,0.0,0.0,0.0,0.0,0.0,0.0,0.0,0.0,0.0,0.0,0.0,0.0,0.0,0.0,0.0,0.0,0.0,0.0,0.0,3.3473587665652417e-06,0.0,0.0,0.0,0.0,0.0,0.0,0.0,0.0,0.0,0.0,0.0,0.0,0.0,0.0,0.0,0.0,0.0,0.0,0.0,0.0,0.0,3.3473587665652417e-06,0.0,0.0
0.0,0.0,0.0,0.0,0.0,3.3473587665652417e-06,3.3473587665652417e-06,0.0,0.0,0.0,0.0,0.0,3.3473587665652417e-06,0.0,0.0,0.0,0.0,0.0,0.0,0.0,0.0,0.0,0.0,0.0,0.0,0.0,0.0,0.0,0.0,0.0,0.0,0.0,0.0,0.0,0.0,0.0,0.0,0.0,0.0,0.0,0.0,0.0,0.0,0.0,0.0,0.0,0.0,0.0,0.0,3.3473587665652417e-06,0.0,0.0,0.0,0.0,0.0,0.0,0.0,0.0,0.0,0.0,0.0,0.0,0.0,0.0,0.0,3.3473587665652417e-06,0.0,0.0,0.0,0.0,0.0,3.3473587665652417e-06,0.0,3.3473587665652417e-06,0.0,0.0,0.0,0.0,0.0,0.0,0.0,0.0,0.0,0.0,0.0,0.0,0.0,0.0,0.0,0.0,0.0,0.0,0.0,0.0,0.0,0.0,0.0,6.694717533130483e-06,0.0,0.0,0.0,0.0,3.3473587665652417e-06,0.0,3.3473587665652417e-06,0.0,0.0,0.0,0.0,0.0,0.0,0.0,0.0,0.0,0.0,0.0,0.0,0.0,0.0,3.3473587665652417e-06,0.0,0.0,0.0,0.0,0.0,0.0,0.0,0.0,0.0,0.0,0.0,0.0,0.0,1.0042076299695725e-05,0.0,0.0,0.0,0.0,0.0,0.0,0.0,0.0,0.0,0.0,0.0,0.0,0.0,0.0,0.0,0.0,0.0,1.3389435066260967e-05,0.0,0.0,0.0,0.0,0.0,0.0,0.0,6.694717533130483e-06,3.3473587665652417e-06,0.0,0.0,3.3473587665652417e-06,0.0,0.0,0.0,6.694717533130483e-06,0.0,0.0,6.694717533130483e-06,0.0,0.0,6.694717533130483e-06,1.0042076299695725e-05,3.3473587665652417e-06,3.3473587665652417e-06,6.694717533130483e-06,6.694717533130483e-06,1.0042076299695725e-05,1.673679383282621e-05,1.0042076299695725e-05,6.694717533130483e-06,3.3473587665652417e-06,1.0042076299695725e-05,1.3389435066260967e-05,0.0,1.673679383282621e-05,1.673679383282621e-05,1.3389435066260967e-05,1.673679383282621e-05,1.3389435066260967e-05,1.0042076299695725e-05,1.3389435066260967e-05,6.694717533130483e-06,2.6778870132521933e-05,2.008415259939145e-05,1.673679383282621e-05,1.0042076299695725e-05,2.3431511365956693e-05,3.3473587665652417e-06,6.694717533130483e-06,2.008415259939145e-05,1.3389435066260967e-05,2.3431511365956693e-05,1.3389435066260967e-05,1.0042076299695725e-05,1.673679383282621e-05,2.008415259939145e-05,0.0,6.694717533130483e-06,6.694717533130483e-06,1.3389435066260967e-05,3.3473587665652417e-06,3.3473587665652417e-06,6.694717533130483e-06,6.694717533130483e-06,6.694717533130483e-06,3.3473587665652417e-06,3.3473587665652417e-06,3.3473587665652417e-06,3.3473587665652417e-06,1.3389435066260967e-05,3.3473587665652417e-06,6.694717533130483e-06,0.0,0.0,6.694717533130483e-06,0.0,3.3473587665652417e-06,6.694717533130483e-06,3.3473587665652417e-06,6.694717533130483e-06,3.3473587665652417e-06,3.3473587665652417e-06,0.0,0.0,0.0,3.3473587665652417e-06,0.0,0.0,3.3473587665652417e-06,0.0,0.0,0.0,0.0,0.0,0.0,3.3473587665652417e-06,0.0,0.0,0.0,3.3473587665652417e-06,0.0,3.3473587665652417e-06,3.3473587665652417e-06,3.3473587665652417e-06,3.3473587665652417e-06,0.0,3.3473587665652417e-06,0.0,0.0,0.0,0.0,0.0,3.3473587665652417e-06,6.694717533130483e-06,0.0,6.694717533130483e-06,3.3473587665652417e-06,0.0,3.3473587665652417e-06,0.0,0.0,0.0,0.0,0.0,0.0,0.0,0.0,6.694717533130483e-06,0.0,0.0,0.0,0.0,0.0,0.0,0.0,0.0,0.0,0.0,0.0,0.0,0.0,0.0,0.0,0.0,0.0,0.0,0.0,0.0,0.0,3.3473587665652417e-06,0.0,0.0,0.0,3.3473587665652417e-06,0.0,3.3473587665652417e-06,0.0,0.0,0.0,0.0,0.0,0.0,0.0,0.0,0.0,0.0,3.3473587665652417e-06,0.0,0.0,0.0,0.0,0.0,0.0,0.0,0.0,0.0,0.0,0.0,0.0,0.0,0.0,0.0,0.0,0.0,0.0,0.0,0.0,0.0,0.0,0.0,0.0,3.3473587665652417e-06,0.0,0.0,0.0,0.0,3.3473587665652417e-06,3.3473587665652417e-06,0.0,0.0,0.0,0.0,0.0,3.3473587665652417e-06,0.0,3.3473587665652417e-06,0.0
3.3473587665652417e-06,0.0,0.0,0.0,0.0,0.0,0.0,0.0,3.3473587665652417e-06,0.0,0.0,0.0,0.0,3.3473587665652417e-06,0.0,0.0,0.0,0.0,0.0,0.0,0.0,0.0,0.0,0.0,0.0,0.0,0.0,0.0,0.0,0.0,0.0,0.0,0.0,0.0,0.0,0.0,0.0,0.0,0.0,0.0,0.0,0.0,0.0,0.0,0.0,0.0,0.0,0.0,0.0,0.0,0.0,0.0,0.0,0.0,0.0,0.0,0.0,0.0,0.0,0.0,0.0,0.0,0.0,0.0,0.0,0.0,0.0,0.0,0.0,0.0,0.0,0.0,0.0,0.0,0.0,0.0,0.0,0.0,0.0,3.3473587665652417e-06,0.0,0.0,0.0,0.0,0.0,0.0,0.0,0.0,0.0,0.0,0.0,0.0,0.0,0.0,0.0,0.0,0.0,0.0,0.0,0.0,0.0,0.0,0.0,0.0,0.0,3.3473587665652417e-06,3.3473587665652417e-06,0.0,0.0,0.0,0.0,0.0,3.3473587665652417e-06,0.0,0.0,0.0,0.0,0.0,0.0,3.3473587665652417e-06,0.0,0.0,0.0,0.0,0.0,0.0,3.3473587665652417e-06,6.694717533130483e-06,0.0,6.694717533130483e-06,3.3473587665652417e-06,3.3473587665652417e-06,3.3473587665652417e-06,6.694717533130483e-06,3.3473587665652417e-06,0.0,0.0,0.0,0.0,0.0,0.0,6.694717533130483e-06,0.0,0.0,0.0,0.0,0.0,0.0,3.3473587665652417e-06,0.0,0.0,0.0,0.0,0.0,3.3473587665652417e-06,0.0,0.0,0.0,0.0,0.0,0.0,0.0,0.0,1.0042076299695725e-05,0.0,0.0,0.0,0.0,0.0,1.0042076299695725e-05,1.0042076299695725e-05,0.0,0.0,0.0,0.0,0.0,3.3473587665652417e-06,6.694717533130483e-06,1.0042076299695725e-05,6.694717533130483e-06,6.694717533130483e-06,1.0042076299695725e-05,1.0042076299695725e-05,1.673679383282621e-05,1.3389435066260967e-05,2.3431511365956693e-05,1.3389435066260967e-05,3.3473587665652417e-06,1.3389435066260967e-05,2.3431511365956693e-05,2.008415259939145e-05,6.694717533130483e-06,1.3389435066260967e-05,0.0,6.694717533130483e-06,6.694717533130483e-06,6.694717533130483e-06,6.694717533130483e-06,6.694717533130483e-06,6.694717533130483e-06,1.3389435066260967e-05,6.694717533130483e-06,1.0042076299695725e-05,0.0,1.0042076299695725e-05,6.694717533130483e-06,2.6778870132521933e-05,1.673679383282621e-05,1.0042076299695725e-05,1.673679383282621e-05,3.3473587665652417e-06,3.3473587665652417e-06,6.694717533130483e-06,3.3473587665652417e-06,3.3473587665652417e-06,3.3473587665652417e-06,6.694717533130483e-06,3.3473587665652417e-06,0.0,6.694717533130483e-06,1.3389435066260967e-05,3.3473587665652417e-06,6.694717533130483e-06,0.0,0.0,3.3473587665652417e-06,0.0,0.0,3.3473587665652417e-06,0.0,6.694717533130483e-06,3.3473587665652417e-06,0.0,0.0,1.0042076299695725e-05,0.0,3.3473587665652417e-06,3.3473587665652417e-06,0.0,0.0,0.0,0.0,0.0,0.0,0.0,6.694717533130483e-06,0.0,0.0,3.3473587665652417e-06,0.0,0.0,0.0,0.0,3.3473587665652417e-06,0.0,0.0,0.0,0.0,0.0,0.0,0.0,0.0,0.0,0.0,3.3473587665652417e-06,0.0,3.3473587665652417e-06,3.3473587665652417e-06,0.0,0.0,0.0,0.0,0.0,0.0,0.0,1.0042076299695725e-05,0.0,0.0,0.0,3.3473587665652417e-06,0.0,3.3473587665652417e-06,0.0,0.0,3.3473587665652417e-06,0.0,0.0,0.0,0.0,0.0,0.0,0.0,3.3473587665652417e-06,0.0,0.0,0.0,0.0,0.0,0.0,3.3473587665652417e-06,0.0,0.0,0.0,0.0,0.0,3.3473587665652417e-06,0.0,0.0,3.3473587665652417e-06,0.0,0.0,0.0,0.0,0.0,3.3473587665652417e-06,0.0,0.0,0.0,0.0,0.0,0.0,0.0,0.0,0.0,0.0,3.3473587665652417e-06,0.0,0.0,0.0,3.3473587665652417e-06,0.0,0.0,0.0,0.0,0.0,0.0,0.0,0.0,6.694717533130483e-06,0.0,0.0,3.3473587665652417e-06,0.0,0.0,0.0,0.0,3.3473587665652417e-06,0.0,0.0,0.0,0.0,0.0,3.3473587665652417e-06,0.0,0.0,0.0,6.694717533130483e-06,0.0,3.3473587665652417e-06,0.0
0.0,0.0,0.0,3.3473587665652417e-06,0.0,3.3473587665652417e-06,0.0,0.0,0.0,0.0,0.0,0.0,0.0,0.0,0.0,0.0,0.0,0.0,0.0,0.0,0.0,0.0,0.0,0.0,0.0,0.0,0.0,0.0,0.0,1.3389435066260967e-05,0.0,0.0,0.0,0.0,0.0,0.0,0.0,0.0,0.0,0.0,0.0,0.0,0.0,0.0,0.0,0.0,0.0,0.0,6.694717533130483e-06,0.0,0.0,0.0,0.0,0.0,0.0,0.0,0.0,0.0,0.0,0.0,0.0,0.0,0.0,0.0,0.0,0.0,0.0,0.0,0.0,0.0,0.0,0.0,0.0,0.0,0.0,0.0,0.0,0.0,0.0,0.0,0.0,0.0,0.0,0.0,0.0,0.0,0.0,0.0,0.0,0.0,0.0,0.0,0.0,0.0,0.0,0.0,0.0,0.0,0.0,0.0,0.0,0.0,0.0,0.0,0.0,0.0,0.0,0.0,0.0,0.0,0.0,6.694717533130483e-06,0.0,0.0,0.0,0.0,0.0,6.694717533130483e-06,3.3473587665652417e-06,0.0,3.3473587665652417e-06,0.0,0.0,3.3473587665652417e-06,0.0,0.0,0.0,0.0,0.0,0.0,6.694717533130483e-06,0.0,0.0,0.0,6.694717533130483e-06,0.0,3.3473587665652417e-06,0.0,3.3473587665652417e-06,0.0,1.0042076299695725e-05,6.694717533130483e-06,0.0,0.0,0.0,3.3473587665652417e-06,0.0,0.0,0.0,0.0,0.0,6.694717533130483e-06,6.694717533130483e-06,1.0042076299695725e-05,0.0,0.0,0.0,3.3473587665652417e-06,0.0,0.0,0.0,0.0,3.3473587665652417e-06,6.694717533130483e-06,0.0,0.0,0.0,0.0,6.694717533130483e-06,3.3473587665652417e-06,0.0,0.0,3.3473587665652417e-06,0.0,0.0,3.3473587665652417e-06,6.694717533130483e-06,0.0,6.694717533130483e-06,6.694717533130483e-06,6.694717533130483e-06,6.694717533130483e-06,3.3473587665652417e-06,6.694717533130483e-06,6.694717533130483e-06,1.3389435066260967e-05,1.3389435066260967e-05,1.3389435066260967e-05,2.008415259939145e-05,1.0042076299695725e-05,1.0042076299695725e-05,3.0126228899087174e-05,3.0126228899087174e-05,2.008415259939145e-05,1.3389435066260967e-05,6.694717533130483e-06,2.6778870132521933e-05,1.673679383282621e-05,6.694717533130483e-06,6.694717533130483e-06,1.3389435066260967e-05,6.694717533130483e-06,6.694717533130483e-06,3.3473587665652417e-06,1.0042076299695725e-05,3.3473587665652417e-06,6.694717533130483e-06,0.0,1.3389435066260967e-05,3.3473587665652417e-06,3.3473587665652417e-06,0.0,0.0,6.694717533130483e-06,1.0042076299695725e-05,0.0,3.3473587665652417e-06,1.0042076299695725e-05,0.0,3.3473587665652417e-06,0.0,0.0,3.3473587665652417e-06,0.0,3.3473587665652417e-06,3.3473587665652417e-06,0.0,0.0,0.0,0.0,3.3473587665652417e-06,0.0,3.3473587665652417e-06,0.0,0.0,0.0,0.0,0.0,3.3473587665652417e-06,0.0,0.0,0.0,3.3473587665652417e-06,0.0,0.0,0.0,0.0,1.0042076299695725e-05,0.0,0.0,3.3473587665652417e-06,0.0,0.0,0.0,3.3473587665652417e-06,0.0,0.0,0.0,0.0,0.0,0.0,3.3473587665652417e-06,0.0,3.3473587665652417e-06,0.0,0.0,0.0,0.0,0.0,6.694717533130483e-06,0.0,0.0,0.0,3.3473587665652417e-06,0.0,3.3473587665652417e-06,3.3473587665652417e-06,0.0,6.694717533130483e-06,0.0,0.0,0.0,0.0,1.0042076299695725e-05,0.0,0.0,0.0,0.0,0.0,0.0,0.0,3.3473587665652417e-06,6.694717533130483e-06,0.0,0.0,3.3473587665652417e-06,0.0,0.0,0.0,0.0,0.0,0.0,0.0,0.0,0.0,0.0,3.3473587665652417e-06,0.0,0.0,0.0,0.0,0.0,0.0,0.0,0.0,0.0,0.0,3.3473587665652417e-06,0.0,0.0,0.0,0.0,0.0,0.0,3.3473587665652417e-06,0.0,0.0,3.3473587665652417e-06,0.0,0.0,0.0,0.0,0.0,0.0,0.0,0.0,0.0,0.0,0.0,0.0,0.0,0.0,0.0,3.3473587665652417e-06,0.0,0.0,0.0,0.0,0.0,0.0,0.0,0.0,0.0,0.0,0.0,0.0,0.0,0.0,3.3473587665652417e-06,0.0
0.0,0.0,0.0,3.3473587665652417e-06,0.0,0.0,0.0,3.3473587665652417e-06,0.0,6.694717533130483e-06,0.0,0.0,6.694717533130483e-06,3.3473587665652417e-06,0.0,3.3473587665652417e-06,0.0,0.0,0.0,0.0,0.0,0.0,0.0,0.0,0.0,0.0,0.0,0.0,0.0,0.0,0.0,0.0,0.0,0.0,0.0,0.0,0.0,0.0,0.0,0.0,0.0,0.0,0.0,0.0,0.0,0.0,0.0,0.0,0.0,0.0,3.3473587665652417e-06,0.0,0.0,0.0,0.0,0.0,0.0,0.0,0.0,0.0,0.0,0.0,0.0,3.3473587665652417e-06,0.0,0.0,0.0,0.0,0.0,0.0,0.0,0.0,0.0,0.0,0.0,0.0,0.0,0.0,0.0,0.0,0.0,0.0,0.0,0.0,0.0,0.0,0.0,0.0,0.0,0.0,0.0,0.0,0.0,3.3473587665652417e-06,0.0,0.0,0.0,0.0,0.0,0.0,0.0,0.0,0.0,3.3473587665652417e-06,0.0,0.0,3.3473587665652417e-06,0.0,0.0,0.0,0.0,3.3473587665652417e-06,0.0,6.694717533130483e-06,0.0,3.3473587665652417e-06,0.0,3.3473587665652417e-06,3.3473587665652417e-06,0.0,0.0,0.0,0.0,0.0,0.0,3.3473587665652417e-06,0.0,3.3473587665652417e-06,0.0,0.0,0.0,1.0042076299695725e-05,0.0,3.3473587665652417e-06,0.0,0.0,0.0,0.0,0.0,0.0,0.0,0.0,0.0,0.0,0.0,3.3473587665652417e-06,3.3473587665652417e-06,0.0,3.3473587665652417e-06,0.0,3.3473587665652417e-06,0.0,3.3473587665652417e-06,0.0,6.694717533130483e-06,0.0,3.3473587665652417e-06,3.3473587665652417e-06,0.0,3.3473587665652417e-06,0.0,0.0,0.0,3.3473587665652417e-06,3.3473587665652417e-06,6.694717533130483e-06,0.0,0.0,0.0,3.3473587665652417e-06,1.0042076299695725e-05,0.0,0.0,6.694717533130483e-06,0.0,3.3473587665652417e-06,1.3389435066260967e-05,3.3473587665652417e-06,6.694717533130483e-06,3.3473587665652417e-06,3.3473587665652417e-06,0.0,6.694717533130483e-06,1.0042076299695725e-05,6.694717533130483e-06,6.694717533130483e-06,6.694717533130483e-06,1.3389435066260967e-05,1.3389435066260967e-05,2.008415259939145e-05,1.673679383282621e-05,1.0042076299695725e-05,1.673679383282621e-05,2.3431511365956693e-05,1.3389435066260967e-05,3.3473587665652417e-06,3.3473587665652417e-06,1.0042076299695725e-05,1.0042076299695725e-05,3.3473587665652417e-06,3.3473587665652417e-06,0.0,0.0,3.3473587665652417e-06,6.694717533130483e-06,3.3473587665652417e-06,3.3473587665652417e-06,0.0,3.3473587665652417e-06,3.3473587665652417e-06,6.694717533130483e-06,0.0,3.3473587665652417e-06,0.0,3.3473587665652417e-06,0.0,1.3389435066260967e-05,6.694717533130483e-06,3.3473587665652417e-06,0.0,3.3473587665652417e-06,0.0,6.694717533130483e-06,3.3473587665652417e-06,0.0,0.0,0.0,0.0,3.3473587665652417e-06,0.0,3.3473587665652417e-06,6.694717533130483e-06,0.0,0.0,6.694717533130483e-06,3.3473587665652417e-06,0.0,0.0,0.0,0.0,0.0,0.0,0.0,0.0,0.0,0.0,3.3473587665652417e-06,3.3473587665652417e-06,0.0,0.0,0.0,0.0,0.0,0.0,0.0,0.0,0.0,0.0,3.3473587665652417e-06,0.0,0.0,0.0,0.0,0.0,6.694717533130483e-06,0.0,0.0,0.0,0.0,0.0,0.0,0.0,0.0,0.0,6.694717533130483e-06,0.0,0.0,0.0,0.0,0.0,0.0,0.0,0.0,0.0,0.0,6.694717533130483e-06,0.0,0.0,0.0,0.0,0.0,0.0,0.0,0.0,0.0,0.0,0.0,0.0,0.0,0.0,0.0,0.0,0.0,0.0,0.0,3.3473587665652417e-06,0.0,0.0,0.0,0.0,0.0,0.0,0.0,0.0,0.0,0.0,0.0,0.0,0.0,0.0,0.0,3.3473587665652417e-06,0.0,0.0,0.0,0.0,0.0,3.3473587665652417e-06,0.0,0.0,3.3473587665652417e-06,0.0,0.0,0.0,1.3389435066260967e-05,0.0,0.0,0.0,0.0,0.0,0.0,0.0,0.0,0.0,3.3473587665652417e-06,0.0,0.0,0.0,0.0,6.694717533130483e-06,0.0,0.0,0.0,0.0,3.3473587665652417e-06,0.0,6.694717533130483e-06,0.0,6.694717533130483e-06,0.0
3.3473587665652417e-06,0.0,0.0,0.0,0.0,0.0,0.0,3.3473587665652417e-06,0.0,0.0,0.0,0.0,3.3473587665652417e-06,3.3473587665652417e-06,0.0,0.0,0.0,0.0,0.0,0.0,0.0,0.0,0.0,0.0,0.0,0.0,0.0,0.0,0.0,0.0,0.0,0.0,0.0,0.0,3.3473587665652417e-06,0.0,0.0,0.0,0.0,0.0,0.0,0.0,0.0,0.0,0.0,0.0,0.0,0.0,0.0,0.0,0.0,0.0,0.0,3.3473587665652417e-06,0.0,6.694717533130483e-06,0.0,0.0,0.0,0.0,0.0,0.0,0.0,0.0,0.0,0.0,0.0,0.0,0.0,0.0,0.0,0.0,0.0,0.0,0.0,0.0,0.0,0.0,0.0,0.0,0.0,0.0,0.0,0.0,0.0,0.0,0.0,0.0,0.0,0.0,0.0,0.0,0.0,0.0,0.0,0.0,0.0,3.3473587665652417e-06,0.0,0.0,0.0,3.3473587665652417e-06,0.0,0.0,3.3473587665652417e-06,0.0,0.0,0.0,0.0,0.0,0.0,0.0,0.0,0.0,0.0,3.3473587665652417e-06,0.0,0.0,0.0,0.0,0.0,3.3473587665652417e-06,0.0,3.3473587665652417e-06,0.0,0.0,0.0,0.0,0.0,0.0,0.0,0.0,0.0,0.0,0.0,3.3473587665652417e-06,0.0,0.0,0.0,0.0,6.694717533130483e-06,1.0042076299695725e-05,3.3473587665652417e-06,0.0,0.0,0.0,0.0,0.0,3.3473587665652417e-06,0.0,0.0,0.0,1.0042076299695725e-05,3.3473587665652417e-06,0.0,0.0,3.3473587665652417e-06,3.3473587665652417e-06,6.694717533130483e-06,0.0,0.0,0.0,0.0,3.3473587665652417e-06,0.0,0.0,0.0,0.0,0.0,6.694717533130483e-06,0.0,6.694717533130483e-06,0.0,0.0,0.0,0.0,3.3473587665652417e-06,1.0042076299695725e-05,3.3473587665652417e-06,0.0,1.673679383282621e-05,6.694717533130483e-06,1.673679383282621e-05,3.3473587665652417e-06,3.3473587665652417e-06,6.694717533130483e-06,1.3389435066260967e-05,1.3389435066260967e-05,6.694717533130483e-06,6.694717533130483e-06,3.3473587665652417e-06,6.694717533130483e-06,6.694717533130483e-06,1.673679383282621e-05,3.3473587665652417e-06,6.694717533130483e-06,1.0042076299695725e-05,3.3473587665652417e-06,3.3473587665652417e-06,0.0,0.0,0.0,0.0,0.0,3.3473587665652417e-06,0.0,6.694717533130483e-06,0.0,6.694717533130483e-06,1.0042076299695725e-05,0.0,0.0,6.694717533130483e-06,3.3473587665652417e-06,1.3389435066260967e-05,3.3473587665652417e-06,0.0,0.0,0.0,0.0,0.0,0.0,0.0,0.0,3.3473587665652417e-06,0.0,0.0,3.3473587665652417e-06,0.0,0.0,3.3473587665652417e-06,0.0,0.0,3.3473587665652417e-06,0.0,6.694717533130483e-06,6.694717533130483e-06,3.3473587665652417e-06,0.0,0.0,0.0,0.0,3.3473587665652417e-06,0.0,0.0,0.0,3.3473587665652417e-06,0.0,0.0,0.0,3.3473587665652417e-06,0.0,0.0,0.0,0.0,0.0,3.3473587665652417e-06,3.3473587665652417e-06,0.0,0.0,3.3473587665652417e-06,0.0,0.0,0.0,0.0,0.0,3.3473587665652417e-06,0.0,0.0,0.0,0.0,0.0,0.0,3.3473587665652417e-06,0.0,3.3473587665652417e-06,0.0,0.0,0.0,0.0,0.0,0.0,0.0,0.0,0.0,0.0,0.0,0.0,0.0,0.0,0.0,0.0,0.0,0.0,0.0,0.0,0.0,0.0,0.0,0.0,0.0,0.0,0.0,0.0,0.0,0.0,0.0,0.0,0.0,0.0,0.0,0.0,0.0,0.0,0.0,0.0,0.0,0.0,0.0,0.0,0.0,0.0,0.0,0.0,0.0,0.0,0.0,3.3473587665652417e-06,0.0,0.0,3.3473587665652417e-06,0.0,0.0,0.0,0.0,0.0,0.0,3.3473587665652417e-06,0.0,0.0,0.0,0.0,0.0,0.0,0.0,3.3473587665652417e-06,0.0,3.3473587665652417e-06,0.0,0.0,0.0,0.0,0.0,0.0,0.0,0.0,0.0,0.0,6.694717533130483e-06,0.0
0.0,0.0,0.0,0.0,0.0,0.0,0.0,3.3473587665652417e-06,0.0,0.0,0.0,0.0,0.0,3.3473587665652417e-06,0.0,6.694717533130483e-06,6.694717533130483e-06,0.0,0.0,3.3473587665652417e-06,0.0,0.0,0.0,0.0,0.0,0.0,0.0,0.0,0.0,0.0,0.0,0.0,0.0,0.0,0.0,0.0,0.0,0.0,0.0,0.0,0.0,0.0,0.0,0.0,0.0,0.0,0.0,0.0,0.0,0.0,0.0,0.0,0.0,0.0,0.0,0.0,0.0,0.0,0.0,0.0,0.0,0.0,0.0,0.0,0.0,0.0,0.0,0.0,0.0,0.0,0.0,0.0,0.0,0.0,0.0,0.0,0.0,0.0,0.0,0.0,0.0,0.0,0.0,0.0,0.0,0.0,0.0,0.0,0.0,0.0,0.0,0.0,0.0,0.0,0.0,0.0,0.0,0.0,0.0,0.0,0.0,0.0,0.0,0.0,0.0,0.0,3.3473587665652417e-06,0.0,0.0,0.0,0.0,0.0,0.0,0.0,3.3473587665652417e-06,0.0,0.0,0.0,0.0,0.0,0.0,3.3473587665652417e-06,3.3473587665652417e-06,0.0,0.0,0.0,0.0,0.0,3.3473587665652417e-06,0.0,0.0,0.0,0.0,0.0,0.0,3.3473587665652417e-06,0.0,0.0,3.3473587665652417e-06,0.0,0.0,0.0,3.3473587665652417e-06,0.0,0.0,0.0,0.0,0.0,0.0,3.3473587665652417e-06,0.0,0.0,0.0,0.0,0.0,0.0,0.0,0.0,0.0,0.0,0.0,0.0,3.3473587665652417e-06,3.3473587665652417e-06,0.0,0.0,3.3473587665652417e-06,0.0,1.0042076299695725e-05,3.3473587665652417e-06,0.0,3.3473587665652417e-06,1.0042076299695725e-05,6.694717533130483e-06,3.3473587665652417e-06,0.0,6.694717533130483e-06,3.3473587665652417e-06,0.0,3.3473587665652417e-06,0.0,3.3473587665652417e-06,6.694717533130483e-06,0.0,1.0042076299695725e-05,1.3389435066260967e-05,3.3473587665652417e-06,6.694717533130483e-06,3.3473587665652417e-06,1.673679383282621e-05,3.3473587665652417e-06,0.0,6.694717533130483e-06,0.0,1.3389435066260967e-05,6.694717533130483e-06,6.694717533130483e-06,3.3473587665652417e-06,0.0,6.694717533130483e-06,3.3473587665652417e-06,1.3389435066260967e-05,3.3473587665652417e-06,3.3473587665652417e-06,0.0,0.0,3.3473587665652417e-06,3.3473587665652417e-06,0.0,6.694717533130483e-06,0.0,0.0,0.0,0.0,3.3473587665652417e-06,3.3473587665652417e-06,0.0,3.3473587665652417e-06,3.3473587665652417e-06,3.3473587665652417e-06,3.3473587665652417e-06,3.3473587665652417e-06,0.0,6.694717533130483e-06,0.0,0.0,0.0,0.0,0.0,6.694717533130483e-06,0.0,0.0,0.0,0.0,3.3473587665652417e-06,6.694717533130483e-06,1.0042076299695725e-05,0.0,0.0,0.0,0.0,0.0,0.0,0.0,0.0,3.3473587665652417e-06,0.0,0.0,0.0,3.3473587665652417e-06,0.0,0.0,0.0,0.0,0.0,0.0,3.3473587665652417e-06,0.0,0.0,0.0,0.0,0.0,0.0,0.0,0.0,0.0,0.0,0.0,0.0,0.0,0.0,0.0,0.0,0.0,0.0,3.3473587665652417e-06,0.0,0.0,3.3473587665652417e-06,3.3473587665652417e-06,0.0,0.0,0.0,0.0,0.0,0.0,0.0,0.0,0.0,0.0,0.0,0.0,0.0,0.0,3.3473587665652417e-06,0.0,0.0,0.0,0.0,0.0,0.0,0.0,0.0,0.0,0.0,0.0,0.0,0.0,0.0,0.0,3.3473587665652417e-06,0.0,0.0,0.0,0.0,0.0,0.0,0.0,0.0,0.0,0.0,0.0,6.694717533130483e-06,0.0,0.0,0.0,0.0,0.0,0.0,0.0,0.0,0.0,0.0,0.0,0.0,0.0,0.0,0.0,0.0,0.0,0.0,0.0,0.0,0.0,0.0,0.0,3.3473587665652417e-06,0.0,0.0,3.3473587665652417e-06,0.0,0.0,0.0,0.0,0.0,0.0,0.0,0.0,0.0,0.0
0.0,0.0,3.3473587665652417e-06,0.0,0.0,0.0,0.0,0.0,3.3473587665652417e-06,3.3473587665652417e-06,0.0,3.3473587665652417e-06,0.0,0.0,0.0,0.0,3.3473587665652417e-06,0.0,0.0,0.0,0.0,0.0,0.0,0.0,0.0,0.0,0.0,0.0,0.0,0.0,0.0,0.0,0.0,0.0,0.0,0.0,0.0,0.0,0.0,0.0,0.0,0.0,0.0,0.0,0.0,0.0,0.0,0.0,0.0,0.0,0.0,0.0,0.0,0.0,0.0,0.0,0.0,0.0,0.0,0.0,0.0,0.0,0.0,0.0,0.0,0.0,0.0,0.0,0.0,0.0,3.3473587665652417e-06,3.3473587665652417e-06,0.0,0.0,0.0,0.0,0.0,0.0,0.0,0.0,0.0,0.0,3.3473587665652417e-06,0.0,0.0,0.0,0.0,0.0,0.0,0.0,0.0,0.0,0.0,0.0,3.3473587665652417e-06,0.0,0.0,3.3473587665652417e-06,0.0,0.0,0.0,0.0,0.0,0.0,0.0,0.0,0.0,0.0,0.0,0.0,0.0,0.0,0.0,0.0,0.0,0.0,0.0,3.3473587665652417e-06,0.0,3.3473587665652417e-06,0.0,0.0,0.0,6.694717533130483e-06,0.0,0.0,0.0,0.0,3.3473587665652417e-06,0.0,3.3473587665652417e-06,3.3473587665652417e-06,0.0,0.0,0.0,0.0,0.0,0.0,0.0,0.0,0.0,0.0,0.0,0.0,6.694717533130483e-06,0.0,0.0,0.0,0.0,0.0,0.0,0.0,3.3473587665652417e-06,6.694717533130483e-06,0.0,3.3473587665652417e-06,0.0,0.0,3.3473587665652417e-06,3.3473587665652417e-06,3.3473587665652417e-06,3.3473587665652417e-06,3.3473587665652417e-06,0.0,3.3473587665652417e-06,0.0,3.3473587665652417e-06,6.694717533130483e-06,0.0,0.0,3.3473587665652417e-06,0.0,1.0042076299695725e-05,1.0042076299695725e-05,1.0042076299695725e-05,0.0,1.673679383282621e-05,3.3473587665652417e-06,0.0,6.694717533130483e-06,6.694717533130483e-06,1.0042076299695725e-05,3.3473587665652417e-06,3.3473587665652417e-06,0.0,6.694717533130483e-06,6.694717533130483e-06,6.694717533130483e-06,1.3389435066260967e-05,3.3473587665652417e-06,6.694717533130483e-06,0.0,2.3431511365956693e-05,6.694717533130483e-06,0.0,0.0,6.694717533130483e-06,0.0,6.694717533130483e-06,3.3473587665652417e-06,0.0,1.0042076299695725e-05,3.3473587665652417e-06,0.0,0.0,0.0,0.0,3.3473587665652417e-06,6.694717533130483e-06,6.694717533130483e-06,0.0,0.0,0.0,0.0,0.0,0.0,0.0,6.694717533130483e-06,0.0,3.3473587665652417e-06,0.0,0.0,0.0,0.0,0.0,0.0,0.0,3.3473587665652417e-06,0.0,0.0,0.0,0.0,0.0,0.0,0.0,0.0,0.0,0.0,0.0,3.3473587665652417e-06,0.0,0.0,0.0,3.3473587665652417e-06,0.0,3.3473587665652417e-06,0.0,0.0,0.0,0.0,0.0,0.0,0.0,0.0,0.0,0.0,3.3473587665652417e-06,0.0,3.3473587665652417e-06,0.0,0.0,3.3473587665652417e-06,0.0,0.0,0.0,0.0,0.0,0.0,3.3473587665652417e-06,0.0,0.0,0.0,3.3473587665652417e-06,0.0,0.0,0.0,0.0,0.0,0.0,0.0,0.0,0.0,0.0,6.694717533130483e-06,0.0,0.0,0.0,0.0,3.3473587665652417e-06,6.694717533130483e-06,0.0,0.0,0.0,0.0,0.0,0.0,0.0,0.0,0.0,0.0,0.0,0.0,0.0,0.0,0.0,0.0,0.0,0.0,0.0,0.0,0.0,0.0,0.0,6.694717533130483e-06,0.0,0.0,6.694717533130483e-06,0.0,0.0,0.0,0.0,0.0,0.0,0.0,0.0,0.0,0.0,3.3473587665652417e-06,0.0,0.0,0.0,0.0,0.0,0.0,0.0,0.0,0.0,0.0,0.0,0.0,0.0,0.0,0.0,0.0,0.0,0.0,0.0,0.0,0.0,3.3473587665652417e-06,0.0,0.0,0.0,0.0,0.0,0.0,0.0,0.0,0.0,0.0
0.0,0.0,0.0,0.0,0.0,0.0,0.0,0.0,0.0,0.0,0.0,0.0,0.0,3.3473587665652417e-06,0.0,0.0,0.0,0.0,0.0,0.0,0.0,0.0,0.0,0.0,0.0,0.0,0.0,0.0,0.0,0.0,0.0,0.0,0.0,0.0,0.0,0.0,0.0,0.0,0.0,0.0,0.0,0.0,0.0,0.0,0.0,0.0,0.0,0.0,0.0,0.0,0.0,3.3473587665652417e-06,0.0,0.0,0.0,0.0,0.0,0.0,0.0,0.0,0.0,0.0,0.0,0.0,0.0,0.0,0.0,0.0,0.0,0.0,0.0,0.0,0.0,0.0,0.0,0.0,0.0,0.0,0.0,0.0,0.0,0.0,0.0,0.0,0.0,0.0,0.0,0.0,0.0,0.0,0.0,0.0,0.0,0.0,0.0,0.0,0.0,0.0,0.0,0.0,0.0,0.0,0.0,3.3473587665652417e-06,0.0,0.0,3.3473587665652417e-06,0.0,0.0,0.0,0.0,0.0,0.0,0.0,3.3473587665652417e-06,0.0,0.0,0.0,0.0,0.0,3.3473587665652417e-06,0.0,0.0,0.0,0.0,0.0,0.0,0.0,0.0,0.0,0.0,0.0,0.0,0.0,3.3473587665652417e-06,0.0,0.0,0.0,0.0,0.0,0.0,0.0,0.0,0.0,0.0,0.0,1.0042076299695725e-05,0.0,0.0,0.0,0.0,0.0,3.3473587665652417e-06,0.0,0.0,0.0,0.0,0.0,0.0,0.0,0.0,0.0,0.0,3.3473587665652417e-06,0.0,0.0,0.0,6.694717533130483e-06,6.694717533130483e-06,0.0,3.3473587665652417e-06,3.3473587665652417e-06,1.0042076299695725e-05,3.3473587665652417e-06,0.0,3.3473587665652417e-06,6.694717533130483e-06,0.0,6.694717533130483e-06,6.694717533130483e-06,3.3473587665652417e-06,0.0,3.3473587665652417e-06,3.3473587665652417e-06,3.3473587665652417e-06,3.3473587665652417e-06,0.0,3.3473587665652417e-06,1.0042076299695725e-05,0.0,3.3473587665652417e-06,6.694717533130483e-06,6.694717533130483e-06,1.0042076299695725e-05,6.694717533130483e-06,1.0042076299695725e-05,3.3473587665652417e-06,6.694717533130483e-06,0.0,3.3473587665652417e-06,3.3473587665652417e-06,6.694717533130483e-06,0.0,0.0,0.0,0.0,0.0,3.3473587665652417e-06,0.0,0.0,0.0,0.0,0.0,3.3473587665652417e-06,0.0,0.0,0.0,0.0,3.3473587665652417e-06,0.0,0.0,3.3473587665652417e-06,0.0,3.3473587665652417e-06,0.0,0.0,0.0,0.0,0.0,3.3473587665652417e-06,0.0,0.0,0.0,0.0,0.0,3.3473587665652417e-06,0.0,3.3473587665652417e-06,0.0,0.0,0.0,0.0,0.0,0.0,0.0,0.0,0.0,0.0,0.0,0.0,3.3473587665652417e-06,0.0,0.0,0.0,0.0,0.0,0.0,0.0,0.0,0.0,0.0,0.0,0.0,0.0,0.0,0.0,0.0,0.0,0.0,0.0,6.694717533130483e-06,0.0,0.0,3.3473587665652417e-06,0.0,0.0,0.0,0.0,0.0,0.0,6.694717533130483e-06,3.3473587665652417e-06,0.0,3.3473587665652417e-06,3.3473587665652417e-06,0.0,0.0,0.0,0.0,3.3473587665652417e-06,0.0,0.0,0.0,0.0,0.0,0.0,0.0,0.0,0.0,0.0,0.0,0.0,3.3473587665652417e-06,0.0,0.0,0.0,0.0,0.0,0.0,0.0,0.0,0.0,0.0,0.0,0.0,0.0,0.0,0.0,0.0,0.0,0.0,0.0,0.0,0.0,0.0,0.0,0.0,0.0,0.0,0.0,0.0,0.0,0.0,0.0,3.3473587665652417e-06,3.3473587665652417e-06,0.0,0.0,0.0,3.3473587665652417e-06,0.0,0.0,0.0,0.0,0.0,0.0,0.0,0.0,0.0,0.0,0.0,0.0,0.0,0.0,0.0,3.3473587665652417e-06,0.0,0.0,0.0,0.0
0.0,0.0,0.0,0.0,0.0,0.0,0.0,0.0,0.0,0.0,0.0,0.0,0.0,0.0,0.0,3.3473587665652417e-06,0.0,0.0,0.0,0.0,0.0,0.0,0.0,0.0,0.0,0.0,0.0,0.0,0.0,0.0,0.0,0.0,0.0,0.0,0.0,0.0,0.0,0.0,0.0,0.0,0.0,0.0,3.3473587665652417e-06,0.0,0.0,0.0,0.0,0.0,0.0,0.0,0.0,0.0,0.0,0.0,0.0,0.0,0.0,0.0,0.0,0.0,0.0,0.0,0.0,0.0,0.0,0.0,0.0,0.0,0.0,0.0,0.0,0.0,0.0,0.0,0.0,0.0,0.0,0.0,3.3473587665652417e-06,0.0,0.0,0.0,0.0,0.0,0.0,0.0,3.3473587665652417e-06,0.0,0.0,0.0,0.0,0.0,0.0,0.0,0.0,0.0,0.0,0.0,0.0,0.0,0.0,0.0,0.0,0.0,0.0,0.0,0.0,0.0,0.0,0.0,0.0,0.0,0.0,0.0,0.0,0.0,0.0,0.0,0.0,0.0,0.0,0.0,0.0,0.0,0.0,0.0,0.0,0.0,0.0,0.0,0.0,0.0,0.0,6.694717533130483e-06,0.0,0.0,0.0,0.0,0.0,0.0,0.0,3.3473587665652417e-06,0.0,0.0,0.0,0.0,0.0,0.0,6.694717533130483e-06,3.3473587665652417e-06,0.0,0.0,0.0,0.0,0.0,0.0,0.0,0.0,0.0,3.3473587665652417e-06,0.0,0.0,0.0,3.3473587665652417e-06,3.3473587665652417e-06,3.3473587665652417e-06,0.0,0.0,0.0,3.3473587665652417e-06,3.3473587665652417e-06,0.0,0.0,0.0,6.694717533130483e-06,3.3473587665652417e-06,6.694717533130483e-06,3.3473587665652417e-06,0.0,1.0042076299695725e-05,3.3473587665652417e-06,0.0,6.694717533130483e-06,3.3473587665652417e-06,6.694717533130483e-06,1.0042076299695725e-05,3.3473587665652417e-06,0.0,1.673679383282621e-05,3.3473587665652417e-06,6.694717533130483e-06,1.0042076299695725e-05,6.694717533130483e-06,0.0,3.3473587665652417e-06,3.3473587665652417e-06,0.0,0.0,3.3473587665652417e-06,3.3473587665652417e-06,0.0,0.0,0.0,0.0,3.3473587665652417e-06,0.0,0.0,0.0,0.0,0.0,0.0,0.0,0.0,0.0,0.0,0.0,6.694717533130483e-06,0.0,3.3473587665652417e-06,0.0,0.0,3.3473587665652417e-06,0.0,6.694717533130483e-06,0.0,0.0,0.0,0.0,0.0,3.3473587665652417e-06,0.0,0.0,6.694717533130483e-06,0.0,0.0,0.0,0.0,0.0,3.3473587665652417e-06,0.0,0.0,0.0,0.0,0.0,0.0,0.0,0.0,0.0,0.0,3.3473587665652417e-06,0.0,0.0,0.0,0.0,0.0,0.0,3.3473587665652417e-06,0.0,0.0,0.0,0.0,0.0,0.0,0.0,0.0,0.0,0.0,0.0,3.3473587665652417e-06,0.0,3.3473587665652417e-06,3.3473587665652417e-06,3.3473587665652417e-06,0.0,0.0,0.0,0.0,0.0,0.0,0.0,0.0,0.0,0.0,0.0,0.0,3.3473587665652417e-06,0.0,0.0,3.3473587665652417e-06,3.3473587665652417e-06,0.0,0.0,0.0,6.694717533130483e-06,0.0,3.3473587665652417e-06,0.0,0.0,3.3473587665652417e-06,0.0,3.3473587665652417e-06,0.0,0.0,0.0,0.0,0.0,0.0,0.0,0.0,0.0,3.3473587665652417e-06,0.0,0.0,0.0,0.0,0.0,0.0,0.0,0.0,0.0,0.0,0.0,0.0,0.0,0.0,3.3473587665652417e-06,0.0,0.0,0.0,0.0,0.0,0.0,0.0,0.0,0.0,0.0,0.0,6.694717533130483e-06,0.0,0.0,3.3473587665652417e-06,0.0,0.0,0.0,0.0,0.0,0.0,0.0,0.0,0.0,0.0,0.0,0.0,0.0,0.0,0.0,0.0,0.0,0.0,0.0
0.0,6.694717533130483e-06,0.0,0.0,0.0,0.0,0.0,0.0,0.0,0.0,0.0,0.0,0.0,6.694717533130483e-06,0.0,0.0,3.3473587665652417e-06,0.0,0.0,0.0,0.0,0.0,0.0,0.0,0.0,0.0,0.0,0.0,0.0,0.0,0.0,2.6778870132521933e-05,0.0,0.0,0.0,0.0,0.0,0.0,0.0,0.0,0.0,0.0,0.0,0.0,0.0,0.0,0.0,0.0,0.0,0.0,0.0,0.0,0.0,0.0,0.0,0.0,0.0,0.0,0.0,0.0,0.0,0.0,0.0,0.0,0.0,0.0,0.0,0.0,0.0,0.0,0.0,0.0,0.0,0.0,0.0,0.0,0.0,0.0,0.0,0.0,0.0,0.0,0.0,0.0,0.0,0.0,0.0,0.0,0.0,0.0,0.0,0.0,0.0,0.0,0.0,0.0,0.0,0.0,0.0,0.0,0.0,0.0,0.0,0.0,0.0,0.0,0.0,0.0,0.0,0.0,0.0,0.0,6.694717533130483e-06,3.3473587665652417e-06,0.0,0.0,0.0,3.3473587665652417e-06,0.0,0.0,3.3473587665652417e-06,0.0,0.0,0.0,0.0,0.0,0.0,0.0,0.0,0.0,0.0,0.0,0.0,0.0,0.0,0.0,3.3473587665652417e-06,0.0,0.0,0.0,6.694717533130483e-06,0.0,0.0,0.0,0.0,0.0,0.0,0.0,0.0,0.0,0.0,0.0,0.0,0.0,3.3473587665652417e-06,0.0,0.0,0.0,3.3473587665652417e-06,6.694717533130483e-06,0.0,3.3473587665652417e-06,0.0,0.0,0.0,3.3473587665652417e-06,0.0,0.0,3.3473587665652417e-06,3.3473587665652417e-06,3.3473587665652417e-06,0.0,0.0,0.0,0.0,0.0,0.0,6.694717533130483e-06,0.0,1.3389435066260967e-05,0.0,0.0,3.3473587665652417e-06,3.3473587665652417e-06,6.694717533130483e-06,3.3473587665652417e-06,3.3473587665652417e-06,3.3473587665652417e-06,3.3473587665652417e-06,0.0,6.694717533130483e-06,0.0,0.0,0.0,3.3473587665652417e-06,0.0,0.0,0.0,0.0,1.0042076299695725e-05,3.3473587665652417e-06,0.0,0.0,0.0,0.0,0.0,0.0,3.3473587665652417e-06,1.673679383282621e-05,0.0,0.0,0.0,0.0,0.0,0.0,0.0,0.0,0.0,0.0,0.0,3.3473587665652417e-06,0.0,0.0,0.0,0.0,0.0,0.0,0.0,0.0,0.0,0.0,0.0,0.0,3.3473587665652417e-06,0.0,0.0,0.0,0.0,3.3473587665652417e-06,0.0,0.0,0.0,0.0,0.0,0.0,0.0,0.0,3.3473587665652417e-06,0.0,0.0,0.0,0.0,0.0,0.0,0.0,0.0,0.0,0.0,0.0,0.0,0.0,0.0,0.0,0.0,3.3473587665652417e-06,0.0,0.0,0.0,0.0,3.3473587665652417e-06,0.0,0.0,0.0,0.0,0.0,0.0,1.0042076299695725e-05,0.0,0.0,0.0,0.0,0.0,0.0,0.0,0.0,3.3473587665652417e-06,0.0,0.0,0.0,0.0,0.0,0.0,0.0,0.0,0.0,0.0,0.0,0.0,0.0,0.0,0.0,0.0,0.0,0.0,0.0,0.0,0.0,0.0,0.0,0.0,3.3473587665652417e-06,0.0,0.0,0.0,0.0,0.0,0.0,0.0,0.0,0.0,0.0,0.0,0.0,0.0,0.0,3.3473587665652417e-06,0.0,0.0,0.0,0.0,0.0,3.3473587665652417e-06,0.0,0.0,0.0,0.0,0.0,0.0,6.694717533130483e-06,0.0,0.0,0.0,0.0,0.0,0.0,0.0,0.0,0.0,0.0,0.0,0.0,0.0,0.0,0.0,0.0,0.0,0.0,0.0,0.0,0.0
0.0,0.0,0.0,0.0,0.0,0.0,0.0,0.0,0.0,0.0,0.0,0.0,0.0,0.0,0.0,0.0,0.0,0.0,0.0,0.0,0.0,0.0,0.0,0.0,0.0,0.0,0.0,0.0,0.0,0.0,0.0,0.0,0.0,0.0,0.0,0.0,0.0,0.0,0.0,0.0,0.0,0.0,0.0,0.0,0.0,0.0,0.0,0.0,0.0,0.0,0.0,0.0,0.0,0.0,0.0,0.0,0.0,0.0,0.0,0.0,0.0,0.0,0.0,0.0,0.0,0.0,0.0,3.3473587665652417e-06,0.0,0.0,0.0,3.3473587665652417e-06,0.0,0.0,0.0,0.0,0.0,0.0,0.0,0.0,0.0,0.0,0.0,0.0,0.0,0.0,0.0,0.0,0.0,0.0,0.0,0.0,0.0,0.0,0.0,0.0,0.0,0.0,0.0,0.0,0.0,0.0,3.3473587665652417e-06,0.0,0.0,0.0,0.0,0.0,0.0,0.0,0.0,0.0,0.0,0.0,0.0,0.0,0.0,0.0,0.0,0.0,0.0,0.0,0.0,0.0,0.0,3.3473587665652417e-06,3.3473587665652417e-06,0.0,0.0,0.0,0.0,0.0,0.0,0.0,0.0,6.694717533130483e-06,0.0,0.0,3.3473587665652417e-06,0.0,0.0,0.0,0.0,0.0,0.0,0.0,0.0,0.0,0.0,0.0,0.0,0.0,0.0,0.0,3.3473587665652417e-06,0.0,0.0,3.3473587665652417e-06,0.0,0.0,3.3473587665652417e-06,0.0,0.0,0.0,0.0,0.0,0.0,0.0,3.3473587665652417e-06,3.3473587665652417e-06,3.3473587665652417e-06,0.0,0.0,0.0,1.0042076299695725e-05,6.694717533130483e-06,3.3473587665652417e-06,6.694717533130483e-06,1.0042076299695725e-05,0.0,3.3473587665652417e-06,3.3473587665652417e-06,0.0,3.3473587665652417e-06,1.673679383282621e-05,6.694717533130483e-06,6.694717533130483e-06,0.0,3.3473587665652417e-06,3.3473587665652417e-06,1.0042076299695725e-05,0.0,0.0,0.0,0.0,0.0,0.0,3.3473587665652417e-06,0.0,0.0,0.0,6.694717533130483e-06,0.0,0.0,0.0,3.3473587665652417e-06,0.0,6.694717533130483e-06,3.3473587665652417e-06,3.3473587665652417e-06,3.3473587665652417e-06,0.0,0.0,0.0,0.0,0.0,0.0,3.3473587665652417e-06,3.3473587665652417e-06,0.0,0.0,0.0,0.0,0.0,0.0,0.0,0.0,0.0,0.0,0.0,0.0,0.0,0.0,0.0,0.0,0.0,3.3473587665652417e-06,0.0,0.0,0.0,0.0,0.0,0.0,0.0,0.0,0.0,3.3473587665652417e-06,0.0,0.0,0.0,0.0,0.0,0.0,0.0,0.0,0.0,0.0,0.0,0.0,3.3473587665652417e-06,3.3473587665652417e-06,0.0,0.0,0.0,0.0,0.0,0.0,0.0,0.0,0.0,3.3473587665652417e-06,0.0,0.0,0.0,0.0,0.0,0.0,0.0,3.3473587665652417e-06,0.0,3.3473587665652417e-06,0.0,0.0,0.0,0.0,0.0,3.3473587665652417e-06,0.0,0.0,0.0,0.0,0.0,0.0,0.0,0.0,3.3473587665652417e-06,0.0,0.0,0.0,0.0,0.0,0.0,0.0,0.0,0.0,0.0,0.0,0.0,0.0,0.0,0.0,3.3473587665652417e-06,3.3473587665652417e-06,0.0,0.0,0.0,0.0,0.0,0.0,0.0,0.0,6.694717533130483e-06,0.0,0.0,3.3473587665652417e-06,0.0,0.0,0.0,0.0,0.0,0.0,0.0,0.0,0.0,0.0,3.3473587665652417e-06,0.0,0.0,0.0,0.0,0.0,0.0,0.0,3.3473587665652417e-06,0.0,0.0,0.0,0.0,0.0,0.0,3.3473587665652417e-06,0.0,0.0,0.0,3.3473587665652417e-06,0.0,0.0,0.0,0.0,0.0
0.0,0.0,0.0,0.0,3.3473587665652417e-06,0.0,0.0,0.0,0.0,0.0,0.0,0.0,0.0,0.0,0.0,0.0,0.0,0.0,0.0,3.3473587665652417e-06,0.0,0.0,0.0,0.0,0.0,0.0,0.0,0.0,0.0,0.0,3.3473587665652417e-06,0.0,0.0,0.0,0.0,0.0,0.0,0.0,0.0,0.0,0.0,0.0,0.0,0.0,0.0,0.0,0.0,0.0,0.0,0.0,0.0,0.0,0.0,0.0,0.0,0.0,0.0,0.0,0.0,0.0,0.0,0.0,0.0,0.0,0.0,0.0,0.0,0.0,0.0,0.0,0.0,3.3473587665652417e-06,0.0,0.0,0.0,0.0,0.0,0.0,0.0,0.0,0.0,0.0,0.0,0.0,0.0,0.0,0.0,0.0,0.0,0.0,0.0,0.0,0.0,0.0,0.0,0.0,0.0,0.0,0.0,0.0,0.0,0.0,0.0,0.0,0.0,0.0,0.0,0.0,0.0,0.0,0.0,3.3473587665652417e-06,0.0,0.0,0.0,0.0,0.0,0.0,0.0,0.0,0.0,3.3473587665652417e-06,0.0,0.0,0.0,0.0,0.0,0.0,0.0,0.0,0.0,6.694717533130483e-06,0.0,0.0,3.3473587665652417e-06,3.3473587665652417e-06,0.0,0.0,0.0,0.0,0.0,0.0,0.0,0.0,0.0,0.0,3.3473587665652417e-06,0.0,0.0,0.0,0.0,0.0,3.3473587665652417e-06,0.0,0.0,0.0,3.3473587665652417e-06,0.0,3.3473587665652417e-06,0.0,3.3473587665652417e-06,3.3473587665652417e-06,0.0,0.0,0.0,0.0,6.694717533130483e-06,0.0,3.3473587665652417e-06,0.0,0.0,0.0,0.0,0.0,3.3473587665652417e-06,0.0,0.0,0.0,6.694717533130483e-06,3.3473587665652417e-06,3.3473587665652417e-06,3.3473587665652417e-06,0.0,3.3473587665652417e-06,0.0,0.0,0.0,3.3473587665652417e-06,0.0,0.0,3.3473587665652417e-06,0.0,0.0,0.0,6.694717533130483e-06,0.0,0.0,0.0,6.694717533130483e-06,0.0,6.694717533130483e-06,0.0,0.0,0.0,3.3473587665652417e-06,0.0,3.3473587665652417e-06,0.0,0.0,0.0,0.0,0.0,3.3473587665652417e-06,3.3473587665652417e-06,0.0,0.0,0.0,0.0,0.0,0.0,0.0,0.0,0.0,0.0,0.0,0.0,0.0,0.0,0.0,3.3473587665652417e-06,0.0,3.3473587665652417e-06,6.694717533130483e-06,3.3473587665652417e-06,0.0,0.0,0.0,0.0,0.0,0.0,0.0,0.0,0.0,0.0,0.0,0.0,0.0,0.0,0.0,0.0,3.3473587665652417e-06,0.0,0.0,0.0,0.0,0.0,0.0,0.0,0.0,6.694717533130483e-06,0.0,0.0,0.0,0.0,0.0,0.0,0.0,0.0,0.0,3.3473587665652417e-06,0.0,0.0,0.0,0.0,0.0,3.3473587665652417e-06,0.0,0.0,3.3473587665652417e-06,0.0,3.3473587665652417e-06,0.0,0.0,0.0,0.0,0.0,0.0,0.0,0.0,0.0,3.3473587665652417e-06,0.0,0.0,0.0,0.0,0.0,0.0,0.0,3.3473587665652417e-06,0.0,0.0,0.0,0.0,0.0,0.0,0.0,0.0,0.0,0.0,0.0,0.0,6.694717533130483e-06,0.0,0.0,0.0,0.0,0.0,0.0,0.0,0.0,0.0,0.0,0.0,0.0,0.0,0.0,0.0,0.0,0.0,0.0,0.0,0.0,0.0,0.0,0.0,0.0,0.0,0.0,0.0,0.0,0.0,0.0,0.0,0.0,0.0,0.0,0.0,0.0,0.0,0.0,0.0,0.0,3.3473587665652417e-06,0.0,0.0,0.0,0.0,0.0,0.0,0.0
0.0,0.0,0.0,0.0,0.0,0.0,0.0,0.0,0.0,0.0,0.0,0.0,0.0,0.0,0.0,0.0,3.3473587665652417e-06,0.0,0.0,0.0,0.0,0.0,0.0,0.0,0.0,0.0,0.0,0.0,0.0,0.0,0.0,0.0,0.0,0.0,3.3473587665652417e-06,0.0,0.0,0.0,0.0,0.0,0.0,0.0,0.0,0.0,0.0,0.0,0.0,0.0,0.0,0.0,0.0,0.0,0.0,0.0,0.0,0.0,0.0,0.0,0.0,0.0,0.0,0.0,0.0,0.0,0.0,0.0,0.0,0.0,0.0,0.0,0.0,0.0,0.0,0.0,0.0,0.0,0.0,0.0,0.0,0.0,0.0,0.0,0.0,0.0,0.0,0.0,0.0,0.0,0.0,0.0,0.0,0.0,0.0,0.0,0.0,0.0,0.0,0.0,0.0,0.0,3.3473587665652417e-06,0.0,0.0,0.0,0.0,0.0,0.0,0.0,0.0,0.0,0.0,0.0,0.0,0.0,0.0,0.0,0.0,0.0,0.0,0.0,0.0,0.0,0.0,3.3473587665652417e-06,0.0,0.0,0.0,6.694717533130483e-06,0.0,0.0,0.0,0.0,3.3473587665652417e-06,3.3473587665652417e-06,0.0,0.0,0.0,0.0,0.0,0.0,3.3473587665652417e-06,0.0,0.0,0.0,0.0,0.0,0.0,3.3473587665652417e-06,0.0,0.0,0.0,0.0,3.3473587665652417e-06,0.0,6.694717533130483e-06,0.0,0.0,0.0,0.0,0.0,3.3473587665652417e-06,3.3473587665652417e-06,0.0,0.0,3.3473587665652417e-06,0.0,3.3473587665652417e-06,3.3473587665652417e-06,3.3473587665652417e-06,3.3473587665652417e-06,0.0,1.0042076299695725e-05,0.0,3.3473587665652417e-06,0.0,0.0,0.0,3.3473587665652417e-06,0.0,0.0,0.0,0.0,3.3473587665652417e-06,0.0,0.0,0.0,0.0,3.3473587665652417e-06,0.0,6.694717533130483e-06,0.0,3.3473587665652417e-06,0.0,0.0,0.0,3.3473587665652417e-06,0.0,0.0,0.0,0.0,0.0,0.0,0.0,0.0,0.0,0.0,0.0,0.0,0.0,0.0,0.0,0.0,0.0,3.3473587665652417e-06,0.0,0.0,0.0,0.0,0.0,3.3473587665652417e-06,0.0,0.0,0.0,0.0,0.0,0.0,0.0,0.0,3.3473587665652417e-06,0.0,0.0,0.0,6.694717533130483e-06,6.694717533130483e-06,0.0,0.0,0.0,0.0,0.0,0.0,3.3473587665652417e-06,0.0,0.0,3.3473587665652417e-06,0.0,0.0,3.3473587665652417e-06,0.0,0.0,0.0,0.0,3.3473587665652417e-06,0.0,0.0,0.0,3.3473587665652417e-06,0.0,0.0,0.0,0.0,0.0,0.0,0.0,3.3473587665652417e-06,0.0,0.0,0.0,0.0,3.3473587665652417e-06,0.0,0.0,0.0,0.0,0.0,3.3473587665652417e-06,0.0,0.0,0.0,3.3473587665652417e-06,0.0,3.3473587665652417e-06,0.0,0.0,0.0,0.0,0.0,3.3473587665652417e-06,0.0,0.0,0.0,0.0,0.0,3.3473587665652417e-06,0.0,0.0,0.0,0.0,0.0,0.0,0.0,0.0,0.0,0.0,0.0,3.3473587665652417e-06,0.0,0.0,0.0,0.0,0.0,0.0,0.0,0.0,0.0,0.0,1.3389435066260967e-05,0.0,0.0,0.0,0.0,0.0,0.0,0.0,0.0,0.0,0.0,0.0,0.0,0.0,0.0,0.0,0.0,0.0,0.0,0.0,0.0,0.0,3.3473587665652417e-06,0.0,3.3473587665652417e-06,0.0,0.0,0.0,0.0,0.0,0.0,0.0,0.0,0.0,0.0,0.0,0.0,0.0,0.0,0.0,0.0,0.0,0.0,0.0,0.0
0.0,0.0,0.0,0.0,0.0,0.0,0.0,0.0,0.0,0.0,0.0,0.0,0.0,0.0,0.0,0.0,0.0,0.0,0.0,0.0,0.0,0.0,0.0,0.0,0.0,0.0,0.0,0.0,0.0,3.3473587665652417e-06,0.0,0.0,0.0,0.0,0.0,0.0,0.0,0.0,0.0,0.0,0.0,0.0,0.0,0.0,0.0,0.0,0.0,0.0,0.0,0.0,0.0,0.0,0.0,0.0,0.0,0.0,0.0,0.0,0.0,0.0,0.0,0.0,0.0,0.0,0.0,0.0,0.0,0.0,0.0,0.0,0.0,0.0,0.0,0.0,0.0,0.0,0.0,0.0,3.3473587665652417e-06,0.0,0.0,0.0,0.0,0.0,0.0,0.0,0.0,3.3473587665652417e-06,0.0,0.0,0.0,0.0,0.0,0.0,0.0,0.0,0.0,0.0,0.0,0.0,0.0,0.0,0.0,0.0,0.0,0.0,0.0,0.0,0.0,0.0,0.0,0.0,0.0,0.0,0.0,0.0,0.0,0.0,0.0,0.0,0.0,0.0,0.0,0.0,0.0,0.0,0.0,0.0,0.0,0.0,0.0,0.0,0.0,0.0,0.0,0.0,0.0,0.0,0.0,0.0,0.0,0.0,3.3473587665652417e-06,0.0,0.0,0.0,0.0,0.0,0.0,0.0,3.3473587665652417e-06,0.0,0.0,0.0,3.3473587665652417e-06,0.0,0.0,0.0,0.0,0.0,3.3473587665652417e-06,6.694717533130483e-06,0.0,0.0,0.0,3.3473587665652417e-06,3.3473587665652417e-06,0.0,0.0,3.3473587665652417e-06,0.0,0.0,0.0,0.0,0.0,0.0,0.0,0.0,0.0,0.0,3.3473587665652417e-06,3.3473587665652417e-06,0.0,6.694717533130483e-06,0.0,0.0,0.0,6.694717533130483e-06,0.0,0.0,3.3473587665652417e-06,0.0,0.0,0.0,6.694717533130483e-06,0.0,0.0,3.3473587665652417e-06,0.0,0.0,0.0,0.0,0.0,0.0,0.0,0.0,0.0,0.0,0.0,0.0,0.0,0.0,0.0,0.0,0.0,0.0,0.0,3.3473587665652417e-06,0.0,0.0,0.0,0.0,0.0,0.0,0.0,0.0,0.0,0.0,0.0,6.694717533130483e-06,0.0,0.0,0.0,0.0,0.0,0.0,0.0,0.0,0.0,3.3473587665652417e-06,0.0,0.0,0.0,0.0,0.0,0.0,0.0,0.0,0.0,0.0,0.0,0.0,0.0,0.0,0.0,0.0,0.0,0.0,0.0,0.0,0.0,3.3473587665652417e-06,0.0,0.0,0.0,0.0,0.0,3.3473587665652417e-06,0.0,0.0,0.0,0.0,0.0,0.0,0.0,0.0,0.0,0.0,3.3473587665652417e-06,0.0,0.0,0.0,0.0,0.0,0.0,0.0,0.0,0.0,0.0,0.0,0.0,3.3473587665652417e-06,3.3473587665652417e-06,0.0,0.0,0.0,0.0,0.0,0.0,0.0,0.0,0.0,0.0,0.0,0.0,0.0,0.0,0.0,0.0,0.0,0.0,0.0,0.0,0.0,0.0,0.0,0.0,0.0,0.0,0.0,0.0,0.0,0.0,0.0,0.0,0.0,0.0,0.0,0.0,0.0,0.0,0.0,0.0,0.0,0.0,0.0,0.0,0.0,0.0,0.0,0.0,0.0,0.0,3.3473587665652417e-06,0.0,0.0,0.0,0.0,0.0,0.0,0.0,0.0,0.0,0.0,0.0,0.0,0.0,0.0,0.0,0.0
0.0,0.0,0.0,0.0,0.0,3.3473587665652417e-06,0.0,0.0,0.0,0.0,0.0,0.0,0.0,0.0,0.0,0.0,0.0,0.0,0.0,0.0,0.0,0.0,0.0,0.0,0.0,3.3473587665652417e-06,0.0,0.0,0.0,0.0,0.0,0.0,0.0,0.0,0.0,0.0,0.0,0.0,0.0,0.0,0.0,0.0,0.0,0.0,0.0,0.0,0.0,0.0,0.0,0.0,0.0,0.0,0.0,0.0,0.0,0.0,0.0,0.0,0.0,0.0,0.0,0.0,0.0,0.0,0.0,3.3473587665652417e-06,0.0,0.0,0.0,0.0,0.0,0.0,0.0,0.0,0.0,0.0,0.0,0.0,0.0,0.0,0.0,0.0,0.0,0.0,0.0,0.0,0.0,0.0,0.0,0.0,0.0,0.0,0.0,0.0,0.0,0.0,0.0,0.0,0.0,0.0,0.0,0.0,0.0,0.0,0.0,0.0,0.0,0.0,0.0,0.0,0.0,0.0,0.0,0.0,0.0,0.0,0.0,0.0,0.0,0.0,3.3473587665652417e-06,0.0,0.0,0.0,0.0,0.0,3.3473587665652417e-06,0.0,0.0,0.0,0.0,0.0,0.0,0.0,0.0,3.3473587665652417e-06,3.3473587665652417e-06,0.0,0.0,3.3473587665652417e-06,0.0,0.0,0.0,0.0,0.0,0.0,0.0,0.0,0.0,0.0,3.3473587665652417e-06,3.3473587665652417e-06,0.0,0.0,0.0,0.0,0.0,0.0,0.0,0.0,3.3473587665652417e-06,0.0,0.0,0.0,3.3473587665652417e-06,3.3473587665652417e-06,0.0,0.0,0.0,0.0,3.3473587665652417e-06,0.0,0.0,0.0,0.0,0.0,0.0,0.0,0.0,0.0,0.0,3.3473587665652417e-06,0.0,0.0,6.694717533130483e-06,0.0,3.3473587665652417e-06,0.0,0.0,0.0,0.0,0.0,0.0,0.0,0.0,0.0,0.0,0.0,0.0,0.0,0.0,0.0,0.0,0.0,0.0,0.0,0.0,3.3473587665652417e-06,0.0,0.0,0.0,0.0,0.0,0.0,3.3473587665652417e-06,0.0,3.3473587665652417e-06,6.694717533130483e-06,0.0,0.0,0.0,0.0,0.0,0.0,0.0,0.0,0.0,3.3473587665652417e-06,0.0,0.0,3.3473587665652417e-06,3.3473587665652417e-06,6.694717533130483e-06,0.0,0.0,0.0,0.0,0.0,0.0,0.0,0.0,0.0,0.0,0.0,0.0,0.0,0.0,0.0,0.0,0.0,0.0,0.0,0.0,0.0,0.0,0.0,0.0,0.0,0.0,0.0,0.0,0.0,0.0,0.0,0.0,0.0,0.0,0.0,0.0,3.3473587665652417e-06,0.0,0.0,0.0,1.3389435066260967e-05,0.0,0.0,0.0,0.0,0.0,0.0,0.0,0.0,0.0,0.0,0.0,0.0,0.0,0.0,0.0,0.0,3.3473587665652417e-06,0.0,0.0,0.0,0.0,0.0,0.0,0.0,0.0,6.694717533130483e-06,0.0,0.0,0.0,0.0,0.0,0.0,0.0,0.0,0.0,0.0,0.0,0.0,0.0,0.0,0.0,0.0,0.0,0.0,0.0,0.0,0.0,0.0,0.0,0.0,0.0,3.3473587665652417e-06,0.0,0.0,0.0,0.0,0.0,0.0,0.0,0.0,0.0,0.0,0.0,0.0,0.0,0.0,0.0,0.0,0.0,0.0,0.0,0.0,0.0,0.0,0.0,0.0,0.0,0.0,0.0,0.0,0.0,0.0,0.0,0.0,0.0,0.0
0.0,0.0,0.0,3.3473587665652417e-06,0.0,0.0,0.0,0.0,0.0,0.0,0.0,0.0,0.0,0.0,0.0,0.0,0.0,0.0,0.0,0.0,0.0,0.0,0.0,0.0,0.0,0.0,0.0,0.0,0.0,0.0,0.0,0.0,0.0,0.0,3.3473587665652417e-06,0.0,3.3473587665652417e-06,0.0,0.0,0.0,0.0,3.3473587665652417e-06,0.0,0.0,0.0,0.0,0.0,0.0,0.0,0.0,0.0,0.0,0.0,0.0,0.0,0.0,0.0,0.0,0.0,0.0,0.0,0.0,0.0,0.0,0.0,0.0,0.0,0.0,0.0,0.0,0.0,0.0,0.0,0.0,0.0,0.0,0.0,0.0,0.0,0.0,0.0,0.0,0.0,0.0,0.0,0.0,0.0,0.0,0.0,0.0,0.0,0.0,0.0,0.0,0.0,0.0,0.0,0.0,0.0,0.0,0.0,0.0,0.0,0.0,0.0,0.0,0.0,3.3473587665652417e-06,0.0,0.0,0.0,0.0,0.0,0.0,0.0,0.0,0.0,0.0,0.0,0.0,0.0,0.0,0.0,0.0,0.0,0.0,3.3473587665652417e-06,0.0,0.0,0.0,0.0,0.0,0.0,3.3473587665652417e-06,0.0,0.0,0.0,0.0,0.0,0.0,0.0,3.3473587665652417e-06,0.0,0.0,3.3473587665652417e-06,0.0,0.0,0.0,0.0,0.0,0.0,0.0,0.0,0.0,0.0,0.0,0.0,0.0,0.0,0.0,0.0,0.0,0.0,0.0,0.0,0.0,0.0,6.694717533130483e-06,3.3473587665652417e-06,0.0,0.0,0.0,0.0,0.0,0.0,0.0,0.0,0.0,0.0,0.0,0.0,3.3473587665652417e-06,0.0,0.0,0.0,0.0,0.0,0.0,0.0,0.0,0.0,1.3389435066260967e-05,0.0,0.0,3.3473587665652417e-06,0.0,0.0,3.3473587665652417e-06,0.0,0.0,0.0,0.0,0.0,0.0,0.0,0.0,0.0,0.0,0.0,0.0,0.0,0.0,0.0,0.0,0.0,0.0,0.0,0.0,0.0,0.0,0.0,0.0,0.0,0.0,0.0,3.3473587665652417e-06,0.0,0.0,1.0042076299695725e-05,3.3473587665652417e-06,3.3473587665652417e-06,3.3473587665652417e-06,0.0,0.0,0.0,0.0,0.0,0.0,0.0,0.0,0.0,0.0,0.0,0.0,0.0,0.0,0.0,3.3473587665652417e-06,0.0,0.0,0.0,0.0,0.0,0.0,0.0,0.0,0.0,0.0,0.0,0.0,0.0,0.0,0.0,0.0,0.0,0.0,0.0,0.0,0.0,0.0,0.0,0.0,0.0,0.0,0.0,0.0,0.0,0.0,0.0,0.0,0.0,0.0,0.0,0.0,0.0,0.0,0.0,0.0,0.0,0.0,0.0,6.694717533130483e-06,0.0,0.0,0.0,0.0,0.0,0.0,0.0,0.0,0.0,0.0,0.0,0.0,0.0,0.0,0.0,0.0,0.0,0.0,0.0,0.0,0.0,0.0,0.0,0.0,0.0,0.0,0.0,0.0,0.0,0.0,3.3473587665652417e-06,0.0,0.0,0.0,0.0,0.0,6.694717533130483e-06,0.0,0.0,0.0,0.0,0.0,0.0,0.0,0.0,0.0,0.0,0.0,0.0,0.0,0.0,0.0,0.0,0.0,0.0,0.0,0.0,3.3473587665652417e-06,0.0,0.0,0.0,3.3473587665652417e-06,0.0,0.0,0.0,0.0,0.0,0.0
0.0,0.0,0.0,0.0,0.0,0.0,0.0,0.0,0.0,0.0,0.0,0.0,0.0,0.0,0.0,0.0,0.0,0.0,0.0,0.0,0.0,0.0,0.0,0.0,0.0,0.0,0.0,0.0,0.0,0.0,0.0,0.0,0.0,0.0,0.0,0.0,0.0,0.0,0.0,0.0,0.0,3.3473587665652417e-06,0.0,0.0,0.0,0.0,0.0,0.0,0.0,0.0,0.0,0.0,0.0,0.0,0.0,0.0,0.0,0.0,0.0,0.0,0.0,0.0,0.0,0.0,0.0,0.0,0.0,0.0,0.0,0.0,0.0,0.0,0.0,0.0,0.0,0.0,0.0,0.0,0.0,0.0,0.0,0.0,0.0,0.0,0.0,0.0,0.0,0.0,0.0,0.0,0.0,0.0,0.0,0.0,0.0,0.0,0.0,0.0,0.0,0.0,0.0,0.0,0.0,0.0,0.0,0.0,0.0,0.0,0.0,0.0,0.0,0.0,0.0,0.0,0.0,0.0,0.0,0.0,0.0,0.0,0.0,0.0,0.0,0.0,0.0,0.0,0.0,0.0,3.3473587665652417e-06,0.0,0.0,0.0,0.0,0.0,0.0,0.0,0.0,0.0,0.0,0.0,0.0,0.0,0.0,0.0,0.0,0.0,0.0,0.0,3.3473587665652417e-06,0.0,0.0,0.0,0.0,0.0,0.0,0.0,0.0,0.0,3.3473587665652417e-06,0.0,0.0,0.0,0.0,0.0,0.0,0.0,0.0,0.0,0.0,0.0,3.3473587665652417e-06,0.0,0.0,0.0,0.0,0.0,3.3473587665652417e-06,0.0,3.3473587665652417e-06,3.3473587665652417e-06,0.0,0.0,0.0,0.0,0.0,0.0,0.0,0.0,6.694717533130483e-06,3.3473587665652417e-06,3.3473587665652417e-06,0.0,0.0,0.0,0.0,0.0,0.0,0.0,0.0,0.0,0.0,0.0,0.0,0.0,0.0,0.0,0.0,0.0,0.0,0.0,3.3473587665652417e-06,0.0,0.0,0.0,0.0,0.0,0.0,0.0,0.0,0.0,0.0,0.0,0.0,0.0,0.0,0.0,0.0,0.0,0.0,0.0,6.694717533130483e-06,0.0,0.0,0.0,0.0,0.0,0.0,0.0,0.0,0.0,0.0,0.0,0.0,0.0,0.0,0.0,0.0,0.0,0.0,0.0,0.0,0.0,0.0,0.0,0.0,0.0,0.0,6.694717533130483e-06,0.0,0.0,0.0,0.0,0.0,0.0,0.0,0.0,0.0,0.0,0.0,0.0,0.0,0.0,0.0,0.0,0.0,0.0,0.0,0.0,0.0,0.0,0.0,0.0,0.0,0.0,0.0,0.0,0.0,0.0,0.0,0.0,0.0,0.0,0.0,0.0,0.0,0.0,0.0,0.0,0.0,0.0,0.0,0.0,0.0,0.0,2.008415259939145e-05,0.0,0.0,0.0,0.0,0.0,0.0,0.0,0.0,0.0,0.0,0.0,0.0,0.0,0.0,0.0,0.0,0.0,0.0,3.3473587665652417e-06,3.3473587665652417e-06,0.0,0.0,0.0,0.0,0.0,0.0,0.0,0.0,0.0,0.0,0.0,0.0,0.0,0.0,0.0,0.0,0.0,0.0,3.3473587665652417e-06,0.0,0.0,0.0,0.0,0.0,0.0,0.0,0.0,0.0,0.0,0.0,3.3473587665652417e-06,0.0,0.0,0.0,3.3473587665652417e-06
0.0,0.0,0.0,0.0,0.0,0.0,0.0,0.0,0.0,0.0,0.0,0.0,0.0,0.0,0.0,0.0,0.0,0.0,0.0,0.0,0.0,0.0,0.0,0.0,0.0,0.0,0.0,0.0,0.0,3.3473587665652417e-06,0.0,0.0,3.3473587665652417e-06,0.0,0.0,0.0,0.0,0.0,0.0,0.0,0.0,0.0,0.0,0.0,0.0,0.0,0.0,0.0,0.0,0.0,0.0,0.0,0.0,0.0,0.0,0.0,0.0,0.0,0.0,0.0,0.0,0.0,0.0,0.0,0.0,0.0,0.0,0.0,0.0,0.0,3.3473587665652417e-06,0.0,0.0,0.0,0.0,0.0,0.0,0.0,0.0,0.0,0.0,0.0,0.0,0.0,0.0,0.0,0.0,0.0,0.0,0.0,0.0,0.0,0.0,0.0,0.0,0.0,0.0,0.0,0.0,0.0,0.0,0.0,0.0,0.0,0.0,0.0,0.0,0.0,0.0,3.3473587665652417e-06,0.0,0.0,0.0,0.0,0.0,0.0,0.0,0.0,0.0,0.0,0.0,0.0,0.0,0.0,0.0,0.0,0.0,0.0,0.0,0.0,0.0,3.3473587665652417e-06,0.0,0.0,0.0,0.0,0.0,0.0,0.0,0.0,0.0,0.0,0.0,0.0,0.0,0.0,3.3473587665652417e-06,0.0,0.0,0.0,0.0,3.3473587665652417e-06,0.0,0.0,3.3473587665652417e-06,0.0,0.0,3.3473587665652417e-06,0.0,3.3473587665652417e-06,0.0,0.0,0.0,0.0,0.0,0.0,0.0,0.0,0.0,3.3473587665652417e-06,3.3473587665652417e-06,0.0,0.0,3.3473587665652417e-06,3.3473587665652417e-06,0.0,0.0,0.0,0.0,0.0,0.0,0.0,0.0,0.0,0.0,0.0,0.0,0.0,0.0,3.3473587665652417e-06,0.0,0.0,0.0,0.0,0.0,0.0,0.0,0.0,0.0,0.0,3.3473587665652417e-06,0.0,0.0,0.0,0.0,0.0,0.0,0.0,0.0,0.0,0.0,0.0,0.0,0.0,0.0,0.0,0.0,0.0,0.0,0.0,0.0,0.0,0.0,0.0,0.0,0.0,0.0,0.0,0.0,0.0,0.0,0.0,0.0,0.0,0.0,0.0,3.3473587665652417e-06,0.0,0.0,0.0,0.0,0.0,0.0,0.0,0.0,0.0,0.0,0.0,0.0,0.0,0.0,0.0,0.0,0.0,0.0,0.0,0.0,0.0,0.0,3.3473587665652417e-06,0.0,0.0,0.0,0.0,0.0,0.0,0.0,0.0,0.0,0.0,0.0,0.0,0.0,0.0,0.0,0.0,0.0,3.3473587665652417e-06,0.0,0.0,0.0,0.0,0.0,3.3473587665652417e-06,0.0,0.0,0.0,0.0,0.0,0.0,0.0,0.0,0.0,0.0,0.0,0.0,0.0,0.0,0.0,0.0,0.0,0.0,0.0,0.0,0.0,0.0,0.0,0.0,0.0,0.0,0.0,0.0,0.0,0.0,0.0,0.0,0.0,0.0,0.0,0.0,0.0,0.0,0.0,0.0,0.0,0.0,0.0,0.0,0.0,0.0,0.0,0.0,0.0,0.0,0.0,0.0,0.0,0.0,0.0,0.0,0.0,0.0,0.0,0.0,0.0,0.0,0.0,0.0,0.0,0.0,0.0,0.0,0.0,0.0,0.0,0.0,0.0,0.0,0.0,0.0
0.0,0.0,0.0,0.0,0.0,0.0,0.0,0.0,0.0,0.0,0.0,0.0,0.0,0.0,0.0,0.0,0.0,0.0,0.0,0.0,0.0,0.0,0.0,0.0,0.0,0.0,0.0,0.0,0.0,0.0,0.0,0.0,0.0,0.0,0.0,0.0,0.0,0.0,0.0,0.0,0.0,0.0,0.0,0.0,0.0,0.0,0.0,0.0,0.0,0.0,0.0,0.0,0.0,0.0,0.0,0.0,0.0,0.0,0.0,0.0,0.0,0.0,0.0,0.0,0.0,0.0,0.0,0.0,0.0,0.0,0.0,0.0,0.0,0.0,0.0,0.0,0.0,0.0,0.0,0.0,0.0,0.0,0.0,0.0,0.0,0.0,0.0,0.0,0.0,0.0,0.0,0.0,0.0,0.0,0.0,0.0,0.0,0.0,0.0,0.0,0.0,0.0,0.0,0.0,0.0,0.0,0.0,0.0,0.0,0.0,0.0,0.0,0.0,0.0,0.0,0.0,0.0,0.0,0.0,0.0,0.0,0.0,0.0,0.0,0.0,0.0,0.0,0.0,0.0,0.0,0.0,0.0,0.0,0.0,0.0,0.0,0.0,0.0,0.0,0.0,0.0,0.0,0.0,0.0,0.0,0.0,0.0,0.0,0.0,3.3473587665652417e-06,0.0,0.0,0.0,0.0,0.0,0.0,0.0,0.0,0.0,3.3473587665652417e-06,0.0,0.0,0.0,0.0,3.3473587665652417e-06,0.0,0.0,0.0,0.0,0.0,0.0,0.0,0.0,0.0,0.0,0.0,0.0,0.0,0.0,0.0,0.0,0.0,3.3473587665652417e-06,0.0,0.0,0.0,3.3473587665652417e-06,0.0,0.0,0.0,0.0,0.0,0.0,0.0,3.3473587665652417e-06,0.0,0.0,0.0,0.0,0.0,0.0,3.3473587665652417e-06,0.0,0.0,0.0,0.0,0.0,0.0,0.0,0.0,3.3473587665652417e-06,0.0,3.3473587665652417e-06,3.3473587665652417e-06,3.3473587665652417e-06,0.0,0.0,0.0,0.0,0.0,3.3473587665652417e-06,3.3473587665652417e-06,0.0,0.0,0.0,0.0,0.0,0.0,0.0,3.3473587665652417e-06,0.0,0.0,0.0,6.694717533130483e-06,0.0,0.0,0.0,0.0,0.0,0.0,0.0,0.0,0.0,0.0,0.0,0.0,0.0,0.0,0.0,0.0,0.0,0.0,0.0,0.0,0.0,0.0,0.0,0.0,0.0,0.0,0.0,0.0,0.0,0.0,0.0,0.0,0.0,0.0,0.0,0.0,0.0,0.0,0.0,0.0,0.0,0.0,0.0,0.0,0.0,0.0,0.0,0.0,0.0,0.0,0.0,0.0,0.0,0.0,0.0,0.0,0.0,0.0,0.0,0.0,0.0,0.0,0.0,0.0,0.0,0.0,0.0,0.0,0.0,0.0,0.0,0.0,0.0,0.0,0.0,3.3473587665652417e-06,3.3473587665652417e-06,0.0,0.0,0.0,0.0,0.0,0.0,0.0,6.694717533130483e-06,0.0,0.0,0.0,0.0,0.0,0.0,0.0,0.0,0.0,0.0,0.0,0.0,0.0,0.0,0.0,0.0,0.0,0.0,0.0,0.0,0.0,0.0,0.0,0.0,0.0,0.0,0.0,0.0,0.0,0.0,0.0,0.0,0.0,0.0,0.0,0.0,0.0,0.0,0.0,0.0,0.0
0.0,0.0,0.0,0.0,0.0,0.0,0.0,0.0,0.0,0.0,0.0,0.0,0.0,0.0,0.0,0.0,0.0,0.0,0.0,0.0,0.0,0.0,0.0,0.0,0.0,0.0,0.0,0.0,0.0,0.0,0.0,0.0,0.0,0.0,0.0,0.0,0.0,0.0,0.0,0.0,0.0,0.0,0.0,0.0,0.0,0.0,0.0,0.0,0.0,0.0,0.0,0.0,0.0,0.0,0.0,0.0,0.0,0.0,0.0,0.0,0.0,0.0,0.0,0.0,0.0,0.0,0.0,0.0,0.0,0.0,0.0,0.0,0.0,0.0,0.0,0.0,0.0,0.0,0.0,0.0,0.0,0.0,0.0,0.0,0.0,0.0,0.0,0.0,0.0,0.0,0.0,0.0,0.0,0.0,0.0,0.0,0.0,0.0,0.0,0.0,0.0,0.0,0.0,0.0,0.0,0.0,0.0,0.0,0.0,0.0,6.694717533130483e-06,0.0,0.0,0.0,0.0,0.0,0.0,0.0,0.0,0.0,0.0,0.0,0.0,0.0,0.0,0.0,0.0,0.0,0.0,0.0,0.0,0.0,0.0,0.0,0.0,0.0,0.0,0.0,0.0,0.0,0.0,0.0,0.0,0.0,0.0,0.0,6.694717533130483e-06,0.0,0.0,3.3473587665652417e-06,0.0,3.3473587665652417e-06,0.0,3.3473587665652417e-06,0.0,0.0,0.0,0.0,0.0,0.0,0.0,0.0,0.0,0.0,0.0,0.0,0.0,0.0,0.0,0.0,0.0,3.3473587665652417e-06,0.0,0.0,0.0,0.0,0.0,0.0,0.0,0.0,0.0,0.0,0.0,0.0,0.0,0.0,3.3473587665652417e-06,0.0,0.0,3.3473587665652417e-06,0.0,0.0,0.0,0.0,0.0,0.0,0.0,0.0,0.0,0.0,0.0,0.0,0.0,0.0,0.0,0.0,0.0,0.0,0.0,0.0,3.3473587665652417e-06,0.0,0.0,0.0,0.0,0.0,0.0,0.0,0.0,0.0,0.0,0.0,0.0,0.0,0.0,0.0,0.0,0.0,0.0,0.0,0.0,0.0,0.0,3.3473587665652417e-06,0.0,0.0,0.0,0.0,0.0,0.0,0.0,0.0,0.0,0.0,0.0,0.0,0.0,0.0,0.0,0.0,0.0,0.0,0.0,0.0,0.0,0.0,0.0,0.0,0.0,0.0,0.0,0.0,0.0,0.0,3.3473587665652417e-06,0.0,0.0,0.0,0.0,0.0,0.0,0.0,0.0,0.0,0.0,0.0,0.0,0.0,0.0,0.0,0.0,0.0,0.0,0.0,6.694717533130483e-06,0.0,0.0,0.0,3.3473587665652417e-06,0.0,0.0,0.0,0.0,0.0,0.0,0.0,0.0,0.0,0.0,0.0,0.0,0.0,0.0,0.0,0.0,0.0,0.0,0.0,0.0,0.0,0.0,0.0,0.0,0.0,0.0,0.0,0.0,0.0,0.0,0.0,0.0,0.0,0.0,0.0,0.0,0.0,0.0,0.0,0.0,0.0,0.0,0.0,0.0,0.0,0.0,0.0,0.0,0.0,0.0,0.0,0.0,0.0,0.0,0.0,0.0,0.0,0.0,0.0,0.0,0.0,0.0,0.0,0.0,0.0,0.0,0.0,0.0,0.0,0.0,0.0
0.0,0.0,0.0,0.0,0.0,0.0,0.0,0.0,0.0,0.0,0.0,0.0,0.0,0.0,0.0,0.0,0.0,0.0,0.0,0.0,0.0,0.0,0.0,0.0,0.0,0.0,0.0,0.0,0.0,0.0,0.0,0.0,0.0,0.0,0.0,0.0,0.0,0.0,0.0,0.0,0.0,0.0,0.0,0.0,0.0,0.0,0.0,0.0,0.0,0.0,0.0,3.3473587665652417e-06,0.0,0.0,0.0,0.0,0.0,0.0,0.0,0.0,0.0,0.0,0.0,0.0,0.0,0.0,0.0,0.0,0.0,0.0,0.0,0.0,3.3473587665652417e-06,0.0,0.0,0.0,0.0,0.0,0.0,0.0,0.0,0.0,0.0,0.0,0.0,0.0,0.0,0.0,0.0,0.0,0.0,0.0,0.0,0.0,0.0,0.0,0.0,0.0,0.0,0.0,0.0,0.0,0.0,0.0,0.0,0.0,0.0,0.0,0.0,0.0,0.0,0.0,0.0,0.0,0.0,0.0,0.0,0.0,0.0,0.0,0.0,0.0,0.0,0.0,0.0,0.0,0.0,0.0,0.0,0.0,0.0,0.0,0.0,0.0,0.0,0.0,0.0,0.0,0.0,0.0,0.0,0.0,0.0,0.0,0.0,0.0,0.0,0.0,0.0,0.0,0.0,0.0,6.694717533130483e-06,0.0,0.0,0.0,0.0,3.3473587665652417e-06,0.0,0.0,0.0,3.3473587665652417e-06,0.0,0.0,0.0,0.0,3.3473587665652417e-06,0.0,0.0,0.0,0.0,3.3473587665652417e-06,0.0,0.0,0.0,0.0,3.3473587665652417e-06,0.0,0.0,0.0,0.0,0.0,0.0,0.0,0.0,0.0,0.0,0.0,3.3473587665652417e-06,0.0,0.0,0.0,0.0,0.0,0.0,3.3473587665652417e-06,0.0,0.0,0.0,0.0,0.0,0.0,0.0,0.0,0.0,0.0,0.0,0.0,0.0,3.3473587665652417e-06,0.0,0.0,0.0,0.0,0.0,0.0,0.0,0.0,0.0,0.0,0.0,0.0,0.0,0.0,0.0,0.0,0.0,3.3473587665652417e-06,0.0,0.0,0.0,0.0,0.0,0.0,0.0,0.0,0.0,0.0,0.0,0.0,0.0,0.0,0.0,0.0,0.0,0.0,0.0,0.0,0.0,0.0,0.0,0.0,0.0,0.0,0.0,0.0,0.0,0.0,0.0,0.0,0.0,0.0,0.0,0.0,0.0,0.0,0.0,0.0,0.0,0.0,0.0,0.0,0.0,0.0,0.0,0.0,0.0,0.0,0.0,0.0,0.0,0.0,0.0,0.0,0.0,0.0,0.0,0.0,0.0,0.0,0.0,0.0,0.0,0.0,0.0,0.0,0.0,0.0,0.0,0.0,0.0,0.0,0.0,0.0,0.0,0.0,0.0,0.0,0.0,0.0,0.0,0.0,0.0,0.0,0.0,0.0,0.0,0.0,0.0,3.3473587665652417e-06,0.0,0.0,0.0,0.0,6.694717533130483e-06,0.0,0.0,0.0,0.0,0.0,0.0,0.0,0.0,0.0,0.0,0.0,0.0,0.0,0.0,0.0,0.0,0.0,0.0,0.0,0.0,0.0,0.0,0.0,3.3473587665652417e-06,0.0,0.0,0.0,3.3473587665652417e-06,0.0,0.0,0.0,0.0,0.0,0.0,0.0
0.0,0.0,0.0,0.0,0.0,0.0,0.0,0.0,0.0,0.0,0.0,0.0,0.0,0.0,0.0,0.0,0.0,0.0,0.0,0.0,0.0,0.0,0.0,0.0,0.0,0.0,0.0,0.0,0.0,0.0,0.0,0.0,0.0,0.0,0.0,0.0,0.0,0.0,0.0,0.0,0.0,0.0,0.0,0.0,0.0,0.0,0.0,0.0,0.0,0.0,0.0,0.0,0.0,0.0,0.0,0.0,0.0,0.0,0.0,0.0,0.0,0.0,0.0,0.0,0.0,0.0,0.0,0.0,0.0,0.0,0.0,3.3473587665652417e-06,0.0,0.0,0.0,0.0,0.0,0.0,0.0,0.0,0.0,0.0,0.0,0.0,0.0,0.0,0.0,0.0,0.0,0.0,0.0,0.0,0.0,0.0,0.0,0.0,0.0,0.0,0.0,0.0,0.0,0.0,0.0,0.0,0.0,0.0,0.0,0.0,0.0,0.0,0.0,0.0,0.0,0.0,0.0,0.0,0.0,0.0,0.0,0.0,0.0,0.0,0.0,0.0,0.0,0.0,0.0,0.0,0.0,0.0,0.0,0.0,0.0,3.3473587665652417e-06,0.0,3.3473587665652417e-06,0.0,0.0,0.0,0.0,0.0,0.0,0.0,0.0,0.0,0.0,0.0,3.3473587665652417e-06,3.3473587665652417e-06,0.0,0.0,3.3473587665652417e-06,0.0,0.0,0.0,0.0,0.0,0.0,0.0,0.0,0.0,0.0,0.0,0.0,0.0,0.0,0.0,0.0,0.0,0.0,0.0,0.0,0.0,0.0,0.0,0.0,0.0,3.3473587665652417e-06,0.0,0.0,0.0,0.0,3.3473587665652417e-06,0.0,0.0,0.0,0.0,0.0,3.3473587665652417e-06,3.3473587665652417e-06,0.0,0.0,0.0,0.0,0.0,0.0,0.0,0.0,0.0,0.0,0.0,0.0,0.0,0.0,0.0,0.0,0.0,0.0,3.3473587665652417e-06,0.0,0.0,0.0,0.0,0.0,0.0,0.0,0.0,0.0,0.0,0.0,0.0,0.0,0.0,0.0,0.0,0.0,0.0,0.0,0.0,0.0,0.0,0.0,0.0,0.0,0.0,0.0,0.0,0.0,0.0,0.0,0.0,0.0,0.0,0.0,0.0,0.0,0.0,0.0,0.0,0.0,0.0,0.0,0.0,0.0,0.0,0.0,0.0,0.0,0.0,0.0,0.0,0.0,0.0,0.0,0.0,0.0,0.0,0.0,0.0,0.0,0.0,0.0,0.0,0.0,0.0,0.0,0.0,0.0,0.0,0.0,0.0,0.0,0.0,0.0,0.0,0.0,0.0,0.0,0.0,0.0,0.0,0.0,0.0,0.0,0.0,0.0,0.0,0.0,0.0,0.0,0.0,0.0,0.0,0.0,0.0,0.0,0.0,0.0,0.0,0.0,0.0,0.0,0.0,0.0,0.0,0.0,0.0,0.0,0.0,0.0,0.0,0.0,0.0,0.0,0.0,0.0,0.0,0.0,0.0,0.0,0.0,0.0,0.0,0.0,0.0,0.0,0.0,0.0,0.0,0.0,0.0,0.0,0.0,0.0,0.0,0.0,0.0,0.0,0.0,0.0,0.0,0.0,0.0,0.0,0.0,0.0,0.0,0.0,0.0,0.0
0.0,0.0,0.0,0.0,0.0,0.0,0.0,0.0,0.0,0.0,0.0,0.0,0.0,0.0,0.0,0.0,0.0,0.0,0.0,0.0,0.0,0.0,0.0,0.0,0.0,0.0,0.0,0.0,0.0,0.0,0.0,0.0,0.0,0.0,0.0,0.0,0.0,0.0,0.0,0.0,0.0,0.0,0.0,0.0,0.0,0.0,0.0,0.0,0.0,0.0,0.0,0.0,0.0,0.0,0.0,0.0,0.0,0.0,0.0,0.0,3.3473587665652417e-06,0.0,0.0,0.0,0.0,0.0,0.0,0.0,0.0,0.0,0.0,0.0,0.0,0.0,0.0,0.0,0.0,0.0,0.0,0.0,0.0,0.0,0.0,0.0,0.0,0.0,0.0,0.0,0.0,0.0,0.0,0.0,0.0,0.0,0.0,0.0,0.0,0.0,0.0,0.0,0.0,0.0,0.0,0.0,0.0,0.0,0.0,0.0,0.0,0.0,0.0,0.0,0.0,0.0,0.0,0.0,0.0,0.0,0.0,0.0,0.0,0.0,0.0,0.0,0.0,0.0,0.0,0.0,0.0,0.0,0.0,0.0,0.0,0.0,0.0,0.0,0.0,0.0,0.0,0.0,0.0,0.0,0.0,0.0,0.0,0.0,0.0,0.0,0.0,0.0,0.0,0.0,0.0,0.0,0.0,0.0,0.0,0.0,0.0,0.0,0.0,0.0,3.3473587665652417e-06,0.0,0.0,6.694717533130483e-06,0.0,0.0,0.0,0.0,0.0,0.0,0.0,0.0,0.0,0.0,0.0,0.0,3.3473587665652417e-06,0.0,0.0,0.0,3.3473587665652417e-06,0.0,3.3473587665652417e-06,3.3473587665652417e-06,0.0,0.0,0.0,0.0,0.0,0.0,0.0,0.0,0.0,0.0,0.0,3.3473587665652417e-06,3.3473587665652417e-06,0.0,0.0,0.0,0.0,0.0,0.0,0.0,0.0,0.0,0.0,0.0,0.0,6.694717533130483e-06,0.0,0.0,0.0,0.0,0.0,0.0,0.0,0.0,0.0,0.0,0.0,0.0,0.0,0.0,0.0,0.0,0.0,0.0,0.0,0.0,0.0,0.0,0.0,0.0,0.0,0.0,0.0,0.0,0.0,0.0,0.0,3.3473587665652417e-06,0.0,0.0,0.0,0.0,0.0,0.0,0.0,0.0,0.0,0.0,0.0,0.0,0.0,0.0,0.0,0.0,0.0,0.0,0.0,0.0,0.0,0.0,0.0,0.0,0.0,0.0,0.0,0.0,0.0,0.0,0.0,0.0,0.0,3.3473587665652417e-06,0.0,0.0,0.0,0.0,0.0,0.0,0.0,0.0,0.0,0.0,0.0,0.0,0.0,0.0,0.0,0.0,0.0,0.0,0.0,0.0,0.0,0.0,0.0,0.0,3.3473587665652417e-06,0.0,0.0,0.0,0.0,0.0,0.0,0.0,0.0,0.0,0.0,0.0,0.0,0.0,0.0,0.0,0.0,0.0,0.0,0.0,0.0,0.0,0.0,0.0,0.0,0.0,0.0,0.0,0.0,0.0,0.0,0.0,0.0,0.0,0.0,0.0,0.0,0.0,0.0,0.0,0.0,0.0,0.0,0.0,0.0,0.0,0.0,0.0,0.0,0.0,0.0,0.0,0.0,0.0,0.0,0.0,0.0,0.0
0.0,0.0,0.0,0.0,0.0,0.0,0.0,0.0,0.0,0.0,0.0,0.0,0.0,0.0,0.0,0.0,0.0,0.0,0.0,0.0,0.0,0.0,0.0,0.0,0.0,0.0,0.0,0.0,0.0,0.0,0.0,0.0,0.0,0.0,0.0,0.0,0.0,0.0,0.0,0.0,0.0,0.0,0.0,0.0,0.0,0.0,0.0,0.0,0.0,0.0,0.0,0.0,0.0,0.0,0.0,0.0,0.0,0.0,0.0,0.0,0.0,0.0,0.0,0.0,0.0,0.0,0.0,0.0,0.0,0.0,0.0,0.0,0.0,0.0,0.0,0.0,0.0,0.0,0.0,0.0,0.0,0.0,0.0,0.0,0.0,0.0,0.0,0.0,0.0,0.0,0.0,0.0,0.0,0.0,0.0,0.0,0.0,0.0,0.0,0.0,0.0,0.0,0.0,0.0,0.0,0.0,0.0,0.0,0.0,0.0,0.0,0.0,0.0,3.3473587665652417e-06,0.0,0.0,0.0,0.0,3.3473587665652417e-06,0.0,0.0,0.0,0.0,0.0,0.0,0.0,0.0,3.3473587665652417e-06,0.0,0.0,0.0,0.0,0.0,0.0,0.0,0.0,0.0,0.0,0.0,0.0,0.0,0.0,0.0,0.0,0.0,0.0,0.0,0.0,0.0,0.0,0.0,0.0,0.0,0.0,0.0,0.0,3.3473587665652417e-06,0.0,0.0,0.0,0.0,0.0,0.0,0.0,0.0,0.0,0.0,0.0,0.0,0.0,3.3473587665652417e-06,0.0,0.0,0.0,0.0,0.0,0.0,0.0,0.0,0.0,3.3473587665652417e-06,0.0,0.0,0.0,0.0,0.0,0.0,0.0,0.0,0.0,0.0,0.0,0.0,0.0,0.0,0.0,0.0,0.0,0.0,0.0,0.0,0.0,0.0,0.0,0.0,0.0,0.0,0.0,0.0,0.0,0.0,0.0,0.0,3.3473587665652417e-06,3.3473587665652417e-06,0.0,0.0,0.0,0.0,0.0,0.0,0.0,0.0,0.0,0.0,0.0,0.0,0.0,0.0,0.0,0.0,0.0,0.0,0.0,0.0,0.0,0.0,0.0,0.0,0.0,0.0,3.3473587665652417e-06,0.0,0.0,0.0,0.0,0.0,0.0,0.0,0.0,0.0,3.3473587665652417e-06,0.0,0.0,0.0,0.0,0.0,0.0,0.0,3.3473587665652417e-06,0.0,0.0,0.0,0.0,0.0,0.0,0.0,0.0,0.0,0.0,0.0,0.0,0.0,0.0,0.0,0.0,0.0,0.0,0.0,0.0,0.0,0.0,0.0,0.0,0.0,0.0,0.0,6.694717533130483e-06,0.0,0.0,0.0,0.0,0.0,0.0,0.0,0.0,0.0,0.0,0.0,0.0,0.0,0.0,0.0,0.0,0.0,0.0,0.0,0.0,0.0,0.0,0.0,0.0,0.0,0.0,0.0,0.0,0.0,0.0,0.0,0.0,0.0,0.0,0.0,0.0,0.0,0.0,0.0,0.0,0.0,0.0,0.0,0.0,0.0,0.0,0.0,0.0,0.0,0.0,0.0,0.0,0.0,0.0,0.0,0.0,0.0,0.0,0.0,0.0,0.0,0.0,0.0,0.0,0.0,0.0,0.0,0.0,0.0,0.0,0.0,0.0
0.0,0.0,0.0,0.0,0.0,0.0,0.0,0.0,0.0,0.0,0.0,0.0,0.0,0.0,0.0,0.0,0.0,0.0,0.0,0.0,0.0,0.0,0.0,0.0,0.0,0.0,0.0,0.0,0.0,0.0,0.0,0.0,0.0,0.0,0.0,0.0,0.0,0.0,0.0,0.0,0.0,0.0,0.0,0.0,0.0,0.0,0.0,0.0,0.0,0.0,0.0,0.0,0.0,0.0,0.0,0.0,0.0,0.0,0.0,0.0,0.0,0.0,0.0,0.0,0.0,0.0,0.0,0.0,0.0,0.0,0.0,0.0,0.0,0.0,0.0,0.0,0.0,0.0,0.0,0.0,0.0,0.0,0.0,0.0,0.0,0.0,0.0,0.0,0.0,0.0,0.0,0.0,0.0,0.0,0.0,0.0,0.0,3.3473587665652417e-06,0.0,0.0,0.0,0.0,0.0,0.0,0.0,0.0,0.0,0.0,0.0,0.0,0.0,0.0,0.0,0.0,0.0,0.0,0.0,0.0,0.0,0.0,0.0,0.0,0.0,0.0,0.0,0.0,0.0,0.0,0.0,0.0,0.0,0.0,0.0,0.0,0.0,0.0,0.0,0.0,0.0,0.0,3.3473587665652417e-06,0.0,0.0,0.0,0.0,0.0,0.0,0.0,0.0,3.3473587665652417e-06,0.0,0.0,0.0,0.0,0.0,0.0,0.0,0.0,0.0,3.3473587665652417e-06,3.3473587665652417e-06,0.0,0.0,0.0,0.0,0.0,0.0,0.0,0.0,3.3473587665652417e-06,0.0,0.0,0.0,0.0,3.3473587665652417e-06,0.0,0.0,0.0,0.0,0.0,0.0,0.0,3.3473587665652417e-06,0.0,0.0,0.0,0.0,0.0,0.0,0.0,0.0,0.0,0.0,0.0,0.0,0.0,0.0,0.0,0.0,0.0,0.0,0.0,0.0,0.0,0.0,0.0,0.0,0.0,0.0,0.0,0.0,0.0,0.0,0.0,0.0,3.3473587665652417e-06,3.3473587665652417e-06,0.0,0.0,0.0,0.0,0.0,0.0,0.0,0.0,0.0,0.0,0.0,0.0,0.0,0.0,0.0,0.0,0.0,0.0,0.0,0.0,0.0,0.0,0.0,0.0,0.0,0.0,0.0,0.0,0.0,0.0,0.0,0.0,0.0,0.0,0.0,0.0,0.0,0.0,0.0,0.0,0.0,0.0,0.0,0.0,0.0,0.0,0.0,0.0,0.0,0.0,0.0,0.0,6.694717533130483e-06,0.0,0.0,0.0,0.0,0.0,0.0,0.0,0.0,0.0,0.0,0.0,0.0,0.0,0.0,0.0,0.0,0.0,0.0,0.0,0.0,3.3473587665652417e-06,0.0,0.0,0.0,0.0,0.0,0.0,0.0,0.0,0.0,0.0,0.0,0.0,0.0,0.0,0.0,0.0,0.0,0.0,0.0,0.0,0.0,0.0,0.0,0.0,0.0,0.0,0.0,0.0,0.0,0.0,0.0,0.0,0.0,0.0,0.0,0.0,0.0,0.0,0.0,0.0,0.0,0.0,0.0,0.0,0.0,0.0,0.0,0.0,0.0,0.0,0.0,0.0,0.0,0.0,0.0,0.0,0.0,0.0,0.0,0.0,0.0,0.0,0.0,0.0,0.0,0.0,0.0,0.0,0.0
0.0,0.0,0.0,0.0,0.0,0.0,0.0,0.0,0.0,0.0,0.0,0.0,0.0,0.0,0.0,0.0,0.0,0.0,0.0,0.0,0.0,0.0,0.0,0.0,0.0,0.0,0.0,0.0,0.0,0.0,0.0,0.0,0.0,0.0,0.0,0.0,0.0,0.0,0.0,0.0,0.0,0.0,0.0,0.0,0.0,0.0,0.0,0.0,0.0,0.0,0.0,0.0,0.0,0.0,0.0,0.0,0.0,0.0,0.0,0.0,0.0,0.0,0.0,0.0,0.0,0.0,0.0,0.0,0.0,0.0,0.0,0.0,0.0,0.0,0.0,0.0,0.0,0.0,0.0,0.0,0.0,0.0,0.0,0.0,0.0,0.0,0.0,0.0,0.0,0.0,0.0,0.0,0.0,0.0,0.0,0.0,0.0,0.0,0.0,0.0,0.0,0.0,0.0,0.0,0.0,0.0,0.0,0.0,0.0,0.0,0.0,0.0,0.0,0.0,0.0,0.0,0.0,0.0,0.0,0.0,0.0,0.0,0.0,0.0,0.0,0.0,0.0,0.0,0.0,0.0,0.0,0.0,0.0,0.0,0.0,0.0,0.0,0.0,0.0,0.0,0.0,0.0,0.0,0.0,0.0,0.0,0.0,0.0,0.0,0.0,0.0,0.0,0.0,0.0,0.0,0.0,0.0,0.0,0.0,3.3473587665652417e-06,3.3473587665652417e-06,0.0,0.0,3.3473587665652417e-06,0.0,0.0,0.0,0.0,0.0,0.0,0.0,0.0,0.0,0.0,0.0,0.0,0.0,0.0,0.0,0.0,0.0,0.0,0.0,0.0,0.0,0.0,0.0,0.0,0.0,0.0,0.0,0.0,0.0,0.0,0.0,0.0,0.0,0.0,0.0,0.0,3.3473587665652417e-06,0.0,0.0,0.0,0.0,3.3473587665652417e-06,0.0,0.0,0.0,0.0,3.3473587665652417e-06,0.0,0.0,0.0,0.0,0.0,0.0,0.0,0.0,0.0,0.0,0.0,0.0,0.0,0.0,0.0,0.0,0.0,0.0,0.0,0.0,0.0,0.0,0.0,0.0,0.0,0.0,0.0,0.0,0.0,0.0,0.0,0.0,0.0,0.0,0.0,0.0,0.0,0.0,0.0,0.0,0.0,0.0,0.0,0.0,0.0,0.0,0.0,0.0,0.0,0.0,0.0,0.0,0.0,0.0,0.0,0.0,0.0,0.0,0.0,0.0,0.0,0.0,0.0,0.0,0.0,0.0,0.0,0.0,0.0,0.0,0.0,0.0,0.0,0.0,0.0,0.0,3.3473587665652417e-06,0.0,0.0,0.0,0.0,0.0,0.0,0.0,0.0,0.0,0.0,0.0,0.0,0.0,0.0,0.0,0.0,0.0,0.0,0.0,0.0,0.0,0.0,0.0,0.0,0.0,0.0,0.0,0.0,0.0,0.0,0.0,0.0,0.0,0.0,0.0,0.0,0.0,0.0,0.0,0.0,0.0,0.0,0.0,0.0,0.0,0.0,0.0,0.0,0.0,0.0,0.0,0.0,0.0,0.0,0.0,0.0,0.0,0.0,0.0,0.0,0.0,0.0,0.0,0.0,0.0,0.0,0.0,0.0,0.0,0.0,0.0,0.0
0.0,0.0,0.0,0.0,0.0,0.0,0.0,0.0,0.0,0.0,0.0,0.0,0.0,0.0,0.0,0.0,0.0,0.0,0.0,0.0,0.0,0.0,0.0,0.0,0.0,0.0,0.0,0.0,0.0,0.0,0.0,0.0,0.0,0.0,0.0,0.0,0.0,0.0,0.0,0.0,0.0,0.0,0.0,0.0,0.0,0.0,0.0,0.0,0.0,0.0,0.0,0.0,0.0,0.0,0.0,0.0,0.0,0.0,0.0,0.0,0.0,0.0,0.0,0.0,0.0,0.0,0.0,0.0,0.0,0.0,0.0,0.0,0.0,0.0,0.0,0.0,0.0,0.0,0.0,0.0,0.0,0.0,0.0,0.0,0.0,0.0,0.0,0.0,0.0,0.0,0.0,0.0,0.0,0.0,0.0,0.0,0.0,0.0,0.0,0.0,0.0,0.0,0.0,0.0,0.0,0.0,0.0,0.0,0.0,0.0,0.0,0.0,0.0,0.0,0.0,0.0,0.0,0.0,0.0,0.0,0.0,0.0,0.0,0.0,0.0,0.0,0.0,0.0,0.0,0.0,0.0,0.0,0.0,0.0,0.0,0.0,0.0,0.0,0.0,0.0,0.0,0.0,0.0,3.3473587665652417e-06,0.0,0.0,3.3473587665652417e-06,0.0,0.0,0.0,0.0,0.0,0.0,0.0,0.0,0.0,0.0,0.0,0.0,0.0,3.3473587665652417e-06,0.0,0.0,0.0,0.0,0.0,0.0,0.0,3.3473587665652417e-06,0.0,0.0,0.0,0.0,0.0,0.0,0.0,3.3473587665652417e-06,0.0,0.0,0.0,0.0,0.0,0.0,0.0,0.0,0.0,0.0,0.0,0.0,6.694717533130483e-06,0.0,0.0,0.0,0.0,0.0,0.0,0.0,0.0,0.0,0.0,0.0,0.0,0.0,0.0,3.3473587665652417e-06,0.0,0.0,0.0,0.0,0.0,0.0,0.0,0.0,0.0,0.0,0.0,0.0,0.0,0.0,0.0,0.0,0.0,0.0,0.0,6.694717533130483e-06,0.0,0.0,0.0,0.0,0.0,0.0,0.0,0.0,0.0,0.0,0.0,0.0,0.0,0.0,0.0,0.0,0.0,0.0,0.0,0.0,0.0,0.0,0.0,0.0,0.0,0.0,0.0,0.0,0.0,0.0,0.0,0.0,0.0,0.0,0.0,0.0,0.0,0.0,0.0,0.0,0.0,0.0,0.0,0.0,0.0,0.0,0.0,0.0,0.0,0.0,0.0,0.0,0.0,0.0,0.0,0.0,0.0,0.0,0.0,0.0,0.0,0.0,0.0,0.0,0.0,0.0,0.0,0.0,0.0,0.0,0.0,0.0,0.0,0.0,0.0,0.0,0.0,0.0,0.0,0.0,0.0,0.0,0.0,0.0,0.0,0.0,3.3473587665652417e-06,0.0,0.0,0.0,0.0,0.0,0.0,0.0,0.0,0.0,0.0,0.0,0.0,0.0,0.0,0.0,0.0,0.0,0.0,0.0,0.0,0.0,0.0,0.0,0.0,0.0,3.3473587665652417e-06,0.0,0.0,0.0,0.0,0.0,0.0,0.0,0.0,0.0,0.0,0.0,0.0,0.0,0.0,0.0,0.0,0.0,0.0,0.0,0.0,0.0,0.0
0.0,0.0,0.0,0.0,0.0,0.0,0.0,0.0,0.0,0.0,0.0,0.0,0.0,0.0,0.0,0.0,0.0,0.0,0.0,0.0,0.0,0.0,0.0,0.0,0.0,0.0,0.0,0.0,0.0,0.0,0.0,0.0,0.0,0.0,0.0,0.0,0.0,0.0,0.0,0.0,3.3473587665652417e-06,0.0,0.0,0.0,0.0,0.0,0.0,0.0,0.0,0.0,0.0,0.0,0.0,0.0,0.0,0.0,0.0,0.0,0.0,3.3473587665652417e-06,0.0,0.0,0.0,0.0,0.0,0.0,0.0,0.0,0.0,0.0,0.0,0.0,0.0,0.0,0.0,0.0,0.0,0.0,0.0,0.0,3.3473587665652417e-06,0.0,0.0,3.3473587665652417e-06,0.0,0.0,0.0,0.0,0.0,0.0,0.0,0.0,0.0,0.0,0.0,0.0,0.0,0.0,0.0,0.0,0.0,0.0,0.0,0.0,0.0,0.0,0.0,0.0,0.0,0.0,0.0,0.0,0.0,0.0,0.0,0.0,0.0,0.0,0.0,0.0,0.0,0.0,0.0,0.0,0.0,0.0,0.0,0.0,0.0,0.0,0.0,0.0,0.0,0.0,0.0,0.0,0.0,0.0,0.0,0.0,0.0,0.0,0.0,0.0,0.0,0.0,0.0,3.3473587665652417e-06,0.0,0.0,0.0,0.0,0.0,0.0,0.0,0.0,0.0,0.0,0.0,0.0,0.0,0.0,0.0,3.3473587665652417e-06,3.3473587665652417e-06,0.0,0.0,0.0,0.0,0.0,0.0,0.0,3.3473587665652417e-06,0.0,0.0,0.0,0.0,0.0,3.3473587665652417e-06,0.0,0.0,0.0,0.0,0.0,0.0,0.0,0.0,3.3473587665652417e-06,0.0,0.0,0.0,0.0,3.3473587665652417e-06,0.0,0.0,0.0,0.0,0.0,0.0,0.0,0.0,0.0,0.0,0.0,0.0,0.0,0.0,0.0,0.0,0.0,0.0,0.0,0.0,0.0,0.0,0.0,0.0,0.0,0.0,0.0,0.0,0.0,0.0,0.0,0.0,0.0,0.0,0.0,0.0,0.0,0.0,0.0,0.0,0.0,0.0,0.0,0.0,0.0,0.0,0.0,0.0,0.0,0.0,0.0,0.0,0.0,0.0,0.0,0.0,0.0,0.0,0.0,0.0,0.0,0.0,0.0,0.0,0.0,0.0,0.0,0.0,0.0,0.0,0.0,0.0,0.0,0.0,0.0,0.0,0.0,0.0,0.0,0.0,0.0,0.0,0.0,0.0,0.0,0.0,0.0,0.0,0.0,0.0,0.0,0.0,0.0,0.0,0.0,0.0,0.0,0.0,0.0,0.0,0.0,0.0,0.0,0.0,0.0,0.0,0.0,0.0,0.0,0.0,0.0,0.0,0.0,0.0,0.0,0.0,0.0,0.0,0.0,0.0,0.0,0.0,0.0,0.0,0.0,0.0,0.0,0.0,0.0,0.0,0.0,0.0,0.0,0.0,0.0,0.0,0.0,0.0,0.0,0.0,0.0,0.0,0.0,0.0,0.0,0.0,0.0,0.0,0.0,0.0,0.0,0.0,0.0,0.0,0.0,0.0,0.0,0.0,0.0,0.0,0.0,0.0,0.0,0.0,0.0,0.0,0.0
0.0,0.0,0.0,0.0,0.0,0.0,0.0,0.0,0.0,0.0,0.0,0.0,0.0,0.0,0.0,0.0,0.0,0.0,0.0,0.0,0.0,0.0,0.0,0.0,0.0,0.0,0.0,0.0,0.0,0.0,0.0,0.0,0.0,0.0,0.0,0.0,0.0,0.0,0.0,0.0,0.0,0.0,0.0,0.0,0.0,0.0,0.0,0.0,0.0,0.0,0.0,0.0,0.0,0.0,0.0,0.0,0.0,0.0,0.0,0.0,0.0,0.0,0.0,0.0,0.0,0.0,0.0,0.0,0.0,0.0,0.0,0.0,0.0,0.0,0.0,0.0,0.0,0.0,0.0,0.0,0.0,0.0,0.0,0.0,0.0,0.0,0.0,0.0,0.0,0.0,0.0,0.0,0.0,0.0,0.0,0.0,0.0,0.0,0.0,0.0,0.0,0.0,0.0,0.0,0.0,0.0,0.0,0.0,0.0,0.0,0.0,0.0,0.0,0.0,0.0,0.0,0.0,0.0,0.0,0.0,0.0,0.0,0.0,0.0,0.0,0.0,0.0,0.0,0.0,0.0,0.0,0.0,0.0,3.3473587665652417e-06,0.0,0.0,0.0,0.0,0.0,0.0,2.3431511365956693e-05,0.0,0.0,3.3473587665652417e-06,0.0,0.0,0.0,0.0,0.0,0.0,0.0,6.694717533130483e-06,0.0,0.0,0.0,0.0,0.0,0.0,0.0,0.0,0.0,0.0,3.3473587665652417e-06,0.0,0.0,0.0,0.0,0.0,0.0,0.0,0.0,0.0,0.0,0.0,0.0,0.0,0.0,0.0,0.0,0.0,3.3473587665652417e-06,0.0,0.0,3.3473587665652417e-06,0.0,0.0,0.0,0.0,0.0,0.0,0.0,6.694717533130483e-06,0.0,0.0,0.0,0.0,0.0,0.0,0.0,0.0,0.0,0.0,0.0,0.0,0.0,0.0,0.0,0.0,0.0,0.0,0.0,0.0,0.0,0.0,0.0,0.0,0.0,0.0,0.0,0.0,0.0,0.0,0.0,0.0,0.0,0.0,0.0,0.0,0.0,3.3473587665652417e-06,0.0,0.0,0.0,0.0,0.0,0.0,0.0,0.0,0.0,0.0,0.0,0.0,0.0,0.0,0.0,0.0,0.0,0.0,0.0,0.0,0.0,0.0,0.0,0.0,0.0,0.0,0.0,0.0,0.0,0.0,0.0,0.0,0.0,0.0,0.0,0.0,0.0,0.0,0.0,0.0,0.0,0.0,0.0,0.0,0.0,0.0,0.0,0.0,0.0,0.0,0.0,0.0,0.0,0.0,0.0,0.0,0.0,3.3473587665652417e-06,0.0,0.0,0.0,0.0,0.0,0.0,0.0,0.0,0.0,0.0,0.0,0.0,0.0,0.0,0.0,0.0,0.0,0.0,0.0,0.0,0.0,0.0,0.0,0.0,0.0,0.0,0.0,0.0,0.0,0.0,0.0,0.0,0.0,0.0,0.0,0.0,0.0,0.0,0.0,0.0,0.0,0.0,0.0,0.0,3.3473587665652417e-06,0.0,0.0,0.0,0.0,0.0,0.0,0.0,0.0,0.0,0.0,0.0,0.0,0.0,0.0,0.0,0.0,0.0,0.0,0.0,0.0,0.0,0.0,0.0,0.0,0.0,0.0,0.0
0.0,0.0,0.0,0.0,0.0,0.0,0.0,0.0,0.0,0.0,0.0,0.0,0.0,0.0,0.0,0.0,0.0,0.0,0.0,0.0,0.0,0.0,0.0,0.0,0.0,0.0,0.0,0.0,0.0,0.0,0.0,0.0,0.0,0.0,0.0,0.0,0.0,0.0,0.0,0.0,0.0,0.0,0.0,0.0,0.0,0.0,0.0,0.0,0.0,0.0,0.0,0.0,0.0,0.0,0.0,0.0,0.0,0.0,0.0,0.0,0.0,0.0,0.0,0.0,0.0,0.0,0.0,0.0,0.0,0.0,0.0,0.0,0.0,0.0,0.0,0.0,0.0,0.0,0.0,0.0,0.0,0.0,0.0,0.0,0.0,0.0,0.0,0.0,0.0,0.0,0.0,0.0,0.0,0.0,0.0,0.0,0.0,0.0,0.0,0.0,0.0,0.0,0.0,0.0,0.0,0.0,0.0,0.0,0.0,0.0,0.0,0.0,0.0,0.0,0.0,0.0,0.0,0.0,0.0,0.0,0.0,0.0,0.0,0.0,0.0,0.0,0.0,0.0,0.0,0.0,0.0,0.0,0.0,0.0,0.0,0.0,0.0,0.0,0.0,0.0,0.0,3.3473587665652417e-06,0.0,0.0,0.0,0.0,0.0,0.0,0.0,3.3473587665652417e-06,0.0,0.0,0.0,0.0,0.0,0.0,0.0,0.0,0.0,0.0,0.0,6.694717533130483e-06,0.0,0.0,0.0,0.0,0.0,0.0,0.0,0.0,0.0,0.0,0.0,0.0,0.0,0.0,0.0,0.0,0.0,3.3473587665652417e-06,0.0,0.0,0.0,0.0,0.0,0.0,0.0,0.0,0.0,0.0,0.0,0.0,0.0,0.0,0.0,0.0,0.0,0.0,0.0,0.0,0.0,0.0,0.0,0.0,0.0,0.0,0.0,0.0,0.0,0.0,0.0,3.3473587665652417e-06,0.0,0.0,0.0,0.0,0.0,0.0,0.0,0.0,0.0,0.0,0.0,0.0,0.0,0.0,0.0,0.0,0.0,0.0,0.0,0.0,0.0,0.0,0.0,0.0,0.0,0.0,0.0,0.0,0.0,0.0,0.0,0.0,0.0,0.0,0.0,0.0,0.0,0.0,0.0,0.0,0.0,0.0,0.0,0.0,0.0,0.0,0.0,0.0,0.0,0.0,0.0,0.0,0.0,0.0,0.0,0.0,0.0,0.0,0.0,0.0,0.0,0.0,0.0,0.0,3.3473587665652417e-06,0.0,0.0,0.0,0.0,0.0,0.0,0.0,0.0,0.0,0.0,0.0,0.0,0.0,0.0,0.0,0.0,0.0,0.0,0.0,0.0,0.0,0.0,0.0,0.0,0.0,0.0,0.0,0.0,0.0,0.0,0.0,0.0,0.0,0.0,0.0,0.0,0.0,0.0,0.0,0.0,0.0,0.0,0.0,0.0,0.0,0.0,0.0,0.0,0.0,0.0,0.0,0.0,0.0,0.0,0.0,0.0,0.0,0.0,0.0,3.3473587665652417e-06,0.0,0.0,0.0,0.0,0.0,0.0,0.0,0.0,0.0,0.0,0.0,0.0,0.0,0.0,0.0,0.0,0.0,0.0,0.0,0.0,0.0,0.0,0.0
0.0,0.0,0.0,0.0,0.0,0.0,0.0,0.0,0.0,0.0,0.0,0.0,0.0,0.0,0.0,0.0,0.0,0.0,0.0,0.0,0.0,0.0,0.0,0.0,0.0,0.0,0.0,0.0,0.0,0.0,0.0,0.0,0.0,0.0,0.0,0.0,0.0,0.0,0.0,0.0,0.0,0.0,0.0,0.0,0.0,0.0,0.0,0.0,0.0,0.0,0.0,0.0,0.0,0.0,0.0,0.0,0.0,0.0,0.0,0.0,0.0,0.0,0.0,0.0,0.0,0.0,0.0,0.0,0.0,0.0,0.0,0.0,0.0,0.0,0.0,0.0,0.0,0.0,0.0,0.0,0.0,0.0,0.0,0.0,0.0,0.0,0.0,0.0,0.0,0.0,0.0,0.0,0.0,0.0,0.0,0.0,0.0,0.0,0.0,0.0,0.0,0.0,0.0,0.0,0.0,0.0,0.0,0.0,0.0,0.0,0.0,0.0,0.0,0.0,0.0,0.0,0.0,0.0,0.0,0.0,0.0,0.0,0.0,0.0,0.0,0.0,0.0,0.0,0.0,3.3473587665652417e-06,0.0,0.0,0.0,0.0,0.0,0.0,0.0,0.0,0.0,0.0,0.0,0.0,0.0,0.0,0.0,0.0,0.0,0.0,0.0,0.0,0.0,0.0,0.0,0.0,0.0,0.0,0.0,3.3473587665652417e-06,0.0,0.0,0.0,0.0,0.0,0.0,0.0,0.0,0.0,0.0,0.0,0.0,0.0,0.0,0.0,0.0,0.0,0.0,0.0,0.0,0.0,0.0,0.0,0.0,0.0,0.0,0.0,0.0,0.0,0.0,0.0,0.0,0.0,0.0,6.694717533130483e-06,0.0,0.0,0.0,0.0,6.694717533130483e-06,0.0,0.0,0.0,0.0,0.0,0.0,0.0,0.0,0.0,0.0,0.0,0.0,0.0,0.0,0.0,0.0,0.0,0.0,0.0,0.0,0.0,0.0,0.0,0.0,0.0,0.0,0.0,0.0,0.0,0.0,0.0,0.0,0.0,0.0,0.0,0.0,0.0,0.0,0.0,0.0,0.0,0.0,0.0,0.0,0.0,0.0,0.0,0.0,0.0,0.0,0.0,3.3473587665652417e-06,0.0,0.0,0.0,0.0,0.0,0.0,0.0,0.0,0.0,0.0,0.0,0.0,0.0,0.0,0.0,0.0,0.0,0.0,0.0,0.0,0.0,0.0,0.0,0.0,0.0,0.0,0.0,0.0,0.0,0.0,0.0,0.0,0.0,0.0,0.0,0.0,0.0,0.0,0.0,0.0,0.0,0.0,0.0,0.0,0.0,0.0,0.0,0.0,0.0,0.0,0.0,0.0,0.0,0.0,0.0,0.0,0.0,0.0,0.0,0.0,0.0,0.0,0.0,0.0,0.0,0.0,0.0,0.0,0.0,0.0,0.0,0.0,0.0,0.0,0.0,0.0,0.0,0.0,0.0,0.0,0.0,0.0,0.0,0.0,0.0,0.0,0.0,0.0,0.0,0.0,0.0,0.0,0.0,0.0,0.0,0.0,0.0,0.0,0.0,0.0,0.0,0.0,0.0,0.0,0.0,0.0,0.0,0.0,0.0,0.0
0.0,0.0,0.0,0.0,0.0,0.0,0.0,0.0,0.0,0.0,0.0,0.0,0.0,0.0,0.0,0.0,0.0,0.0,0.0,0.0,0.0,0.0,0.0,0.0,0.0,0.0,0.0,0.0,0.0,0.0,0.0,0.0,0.0,0.0,0.0,0.0,0.0,0.0,0.0,0.0,0.0,0.0,0.0,0.0,0.0,0.0,0.0,0.0,0.0,0.0,0.0,0.0,0.0,0.0,0.0,0.0,0.0,0.0,0.0,0.0,0.0,0.0,0.0,0.0,0.0,0.0,0.0,0.0,0.0,0.0,0.0,0.0,0.0,0.0,0.0,0.0,0.0,0.0,0.0,0.0,0.0,0.0,0.0,0.0,0.0,0.0,0.0,0.0,0.0,0.0,0.0,0.0,0.0,0.0,0.0,0.0,0.0,0.0,0.0,0.0,0.0,0.0,0.0,0.0,0.0,0.0,0.0,0.0,0.0,0.0,3.3473587665652417e-06,0.0,0.0,0.0,0.0,0.0,0.0,0.0,0.0,0.0,0.0,0.0,0.0,0.0,0.0,0.0,0.0,0.0,0.0,0.0,0.0,0.0,0.0,0.0,0.0,0.0,3.3473587665652417e-06,0.0,0.0,0.0,0.0,0.0,0.0,0.0,0.0,0.0,0.0,0.0,0.0,0.0,0.0,0.0,0.0,0.0,3.3473587665652417e-06,0.0,0.0,0.0,0.0,0.0,0.0,0.0,0.0,0.0,0.0,0.0,0.0,0.0,0.0,0.0,0.0,0.0,0.0,0.0,0.0,0.0,0.0,0.0,0.0,0.0,0.0,0.0,0.0,0.0,0.0,0.0,0.0,0.0,0.0,0.0,0.0,0.0,0.0,0.0,0.0,0.0,0.0,0.0,0.0,0.0,0.0,0.0,0.0,0.0,0.0,0.0,0.0,0.0,0.0,0.0,0.0,0.0,0.0,0.0,0.0,0.0,0.0,0.0,0.0,0.0,0.0,0.0,0.0,0.0,0.0,0.0,0.0,0.0,0.0,0.0,0.0,0.0,0.0,0.0,0.0,0.0,0.0,0.0,0.0,2.008415259939145e-05,0.0,0.0,3.3473587665652417e-06,0.0,0.0,0.0,0.0,0.0,0.0,0.0,0.0,0.0,0.0,0.0,0.0,0.0,0.0,0.0,0.0,0.0,0.0,0.0,0.0,0.0,0.0,0.0,0.0,0.0,0.0,0.0,0.0,0.0,0.0,0.0,0.0,0.0,0.0,0.0,0.0,0.0,0.0,0.0,0.0,0.0,0.0,0.0,0.0,0.0,0.0,0.0,0.0,0.0,0.0,0.0,0.0,0.0,0.0,0.0,0.0,0.0,0.0,0.0,0.0,0.0,0.0,0.0,0.0,0.0,0.0,0.0,0.0,0.0,0.0,0.0,0.0,0.0,0.0,0.0,0.0,0.0,6.694717533130483e-06,0.0,0.0,0.0,0.0,0.0,0.0,0.0,0.0,0.0,0.0,0.0,0.0,0.0,0.0,0.0,0.0,0.0,0.0,0.0,0.0,0.0,0.0,0.0,0.0,0.0,0.0,0.0,0.0,0.0,0.0,0.0,0.0,0.0,0.0,0.0,0.0,0.0,0.0,0.0
0.0,0.0,0.0,0.0,0.0,0.0,0.0,0.0,0.0,0.0,0.0,0.0,0.0,0.0,0.0,0.0,0.0,0.0,0.0,0.0,0.0,0.0,0.0,0.0,0.0,0.0,0.0,0.0,0.0,0.0,0.0,0.0,0.0,0.0,0.0,0.0,0.0,0.0,0.0,0.0,0.0,0.0,0.0,0.0,0.0,0.0,3.3473587665652417e-06,0.0,0.0,0.0,0.0,0.0,0.0,0.0,0.0,0.0,0.0,0.0,0.0,0.0,0.0,0.0,0.0,0.0,0.0,0.0,0.0,0.0,0.0,0.0,0.0,0.0,0.0,0.0,0.0,0.0,0.0,0.0,0.0,0.0,0.0,0.0,0.0,0.0,0.0,0.0,0.0,0.0,0.0,0.0,0.0,0.0,0.0,0.0,0.0,0.0,0.0,0.0,0.0,0.0,0.0,0.0,0.0,0.0,0.0,0.0,0.0,0.0,0.0,0.0,0.0,0.0,0.0,0.0,0.0,0.0,0.0,0.0,0.0,0.0,0.0,0.0,0.0,0.0,0.0,0.0,0.0,0.0,0.0,0.0,0.0,0.0,0.0,0.0,0.0,0.0,0.0,0.0,0.0,0.0,0.0,0.0,0.0,0.0,0.0,0.0,0.0,0.0,0.0,0.0,0.0,0.0,0.0,0.0,3.3473587665652417e-06,0.0,0.0,6.694717533130483e-06,0.0,0.0,0.0,0.0,6.694717533130483e-06,0.0,0.0,0.0,0.0,0.0,0.0,0.0,0.0,3.3473587665652417e-06,0.0,0.0,0.0,0.0,0.0,3.3473587665652417e-06,3.3473587665652417e-06,0.0,0.0,0.0,0.0,0.0,0.0,0.0,0.0,0.0,0.0,0.0,0.0,3.3473587665652417e-06,0.0,0.0,0.0,0.0,0.0,0.0,0.0,0.0,0.0,0.0,6.694717533130483e-06,0.0,0.0,0.0,0.0,0.0,0.0,0.0,0.0,0.0,0.0,0.0,0.0,3.3473587665652417e-06,0.0,0.0,0.0,0.0,0.0,0.0,0.0,0.0,0.0,0.0,0.0,0.0,0.0,0.0,0.0,0.0,0.0,0.0,0.0,0.0,0.0,0.0,0.0,0.0,0.0,0.0,0.0,0.0,0.0,0.0,0.0,0.0,0.0,0.0,0.0,0.0,0.0,0.0,0.0,0.0,0.0,0.0,0.0,0.0,0.0,0.0,0.0,0.0,0.0,0.0,0.0,0.0,0.0,0.0,0.0,0.0,0.0,0.0,0.0,0.0,0.0,0.0,0.0,0.0,0.0,0.0,0.0,0.0,0.0,0.0,0.0,0.0,0.0,0.0,0.0,0.0,0.0,0.0,0.0,3.3473587665652417e-06,0.0,0.0,0.0,0.0,0.0,0.0,0.0,0.0,0.0,0.0,0.0,0.0,0.0,0.0,0.0,0.0,0.0,0.0,0.0,0.0,0.0,0.0,0.0,0.0,0.0,0.0,0.0,0.0,0.0,0.0,0.0,0.0,0.0,0.0,0.0,0.0,0.0,0.0,0.0,0.0,0.0,0.0,0.0,0.0,0.0,0.0,0.0,0.0,0.0,0.0,0.0,0.0,0.0,0.0,0.0,0.0,0.0,0.0,0.0,0.0,0.0,0.0,0.0,0.0
0.0,0.0,0.0,0.0,0.0,0.0,0.0,0.0,0.0,0.0,0.0,0.0,0.0,0.0,0.0,0.0,0.0,0.0,0.0,0.0,0.0,0.0,0.0,0.0,0.0,0.0,0.0,0.0,0.0,0.0,0.0,0.0,0.0,0.0,0.0,0.0,0.0,0.0,0.0,0.0,0.0,0.0,0.0,0.0,0.0,0.0,0.0,0.0,0.0,0.0,0.0,0.0,0.0,0.0,0.0,0.0,0.0,0.0,0.0,0.0,0.0,0.0,0.0,0.0,0.0,0.0,0.0,0.0,0.0,0.0,0.0,0.0,0.0,0.0,0.0,0.0,0.0,0.0,0.0,0.0,0.0,0.0,0.0,0.0,0.0,0.0,0.0,0.0,0.0,0.0,0.0,0.0,0.0,0.0,0.0,0.0,0.0,0.0,0.0,0.0,0.0,0.0,0.0,0.0,0.0,0.0,0.0,0.0,0.0,0.0,0.0,0.0,0.0,0.0,0.0,0.0,0.0,0.0,0.0,0.0,0.0,0.0,0.0,0.0,0.0,0.0,0.0,0.0,3.3473587665652417e-06,0.0,0.0,0.0,0.0,0.0,0.0,0.0,0.0,0.0,0.0,0.0,0.0,0.0,0.0,0.0,0.0,0.0,0.0,0.0,0.0,0.0,0.0,0.0,0.0,0.0,3.3473587665652417e-06,3.3473587665652417e-06,0.0,0.0,0.0,0.0,0.0,0.0,0.0,0.0,0.0,0.0,0.0,0.0,0.0,0.0,0.0,0.0,0.0,0.0,0.0,0.0,0.0,0.0,0.0,0.0,0.0,0.0,0.0,0.0,0.0,0.0,0.0,0.0,0.0,0.0,0.0,3.3473587665652417e-06,0.0,0.0,0.0,0.0,3.3473587665652417e-06,0.0,0.0,0.0,0.0,0.0,0.0,0.0,0.0,0.0,0.0,0.0,0.0,0.0,0.0,0.0,0.0,0.0,0.0,0.0,0.0,0.0,0.0,0.0,0.0,0.0,0.0,0.0,0.0,0.0,0.0,0.0,0.0,0.0,0.0,0.0,0.0,0.0,0.0,0.0,0.0,0.0,0.0,0.0,0.0,0.0,0.0,0.0,0.0,0.0,0.0,0.0,0.0,0.0,0.0,0.0,0.0,0.0,0.0,0.0,0.0,0.0,0.0,0.0,0.0,0.0,3.3473587665652417e-06,0.0,0.0,0.0,0.0,3.3473587665652417e-06,0.0,0.0,0.0,0.0,0.0,0.0,0.0,0.0,0.0,0.0,0.0,0.0,0.0,0.0,0.0,0.0,0.0,0.0,0.0,0.0,0.0,0.0,0.0,0.0,0.0,0.0,0.0,0.0,0.0,0.0,0.0,0.0,0.0,0.0,0.0,0.0,0.0,0.0,0.0,0.0,0.0,0.0,0.0,0.0,0.0,0.0,0.0,0.0,0.0,0.0,0.0,0.0,0.0,0.0,0.0,0.0,0.0,0.0,0.0,0.0,0.0,0.0,0.0,0.0,0.0,0.0,0.0,0.0,0.0,0.0,0.0,0.0,0.0,0.0,0.0,0.0,0.0,0.0,0.0,0.0,0.0,0.0,0.0,0.0,0.0,0.0,0.0,0.0,0.0,0.0,0.0,0.0
0.0,0.0,0.0,0.0,0.0,0.0,0.0,0.0,0.0,0.0,0.0,0.0,0.0,0.0,0.0,0.0,0.0,0.0,0.0,0.0,0.0,0.0,0.0,0.0,0.0,0.0,0.0,0.0,0.0,0.0,0.0,0.0,0.0,0.0,0.0,0.0,0.0,0.0,0.0,0.0,0.0,0.0,0.0,0.0,0.0,0.0,0.0,0.0,0.0,0.0,0.0,0.0,0.0,0.0,0.0,0.0,0.0,0.0,0.0,0.0,0.0,0.0,0.0,0.0,0.0,0.0,0.0,0.0,0.0,0.0,0.0,0.0,0.0,0.0,0.0,0.0,0.0,0.0,0.0,0.0,0.0,0.0,0.0,0.0,0.0,0.0,0.0,0.0,0.0,0.0,0.0,0.0,0.0,0.0,0.0,0.0,0.0,0.0,0.0,0.0,0.0,0.0,0.0,0.0,0.0,0.0,0.0,0.0,0.0,0.0,0.0,0.0,0.0,0.0,0.0,0.0,0.0,0.0,0.0,0.0,0.0,0.0,3.3473587665652417e-06,0.0,0.0,0.0,0.0,0.0,0.0,0.0,0.0,0.0,0.0,0.0,0.0,0.0,0.0,0.0,0.0,0.0,0.0,0.0,0.0,0.0,0.0,0.0,0.0,0.0,3.3473587665652417e-06,0.0,0.0,0.0,0.0,0.0,0.0,0.0,0.0,0.0,0.0,0.0,0.0,0.0,0.0,0.0,0.0,0.0,0.0,0.0,0.0,0.0,0.0,0.0,0.0,0.0,3.3473587665652417e-06,0.0,0.0,0.0,0.0,0.0,0.0,0.0,0.0,0.0,0.0,0.0,0.0,0.0,0.0,0.0,0.0,0.0,6.694717533130483e-06,0.0,0.0,0.0,3.3473587665652417e-06,0.0,0.0,0.0,0.0,0.0,0.0,0.0,0.0,0.0,0.0,0.0,0.0,0.0,0.0,0.0,0.0,0.0,0.0,0.0,0.0,0.0,0.0,0.0,0.0,0.0,0.0,0.0,0.0,0.0,0.0,0.0,0.0,0.0,0.0,0.0,0.0,0.0,0.0,0.0,0.0,0.0,0.0,0.0,0.0,0.0,0.0,0.0,0.0,0.0,0.0,0.0,0.0,0.0,0.0,0.0,0.0,0.0,0.0,0.0,0.0,0.0,0.0,3.3473587665652417e-06,0.0,0.0,0.0,0.0,0.0,0.0,0.0,0.0,0.0,0.0,0.0,0.0,0.0,0.0,0.0,0.0,0.0,0.0,0.0,0.0,0.0,0.0,0.0,0.0,0.0,0.0,0.0,0.0,0.0,0.0,0.0,0.0,0.0,0.0,0.0,0.0,0.0,0.0,0.0,0.0,0.0,0.0,0.0,0.0,0.0,0.0,0.0,0.0,0.0,0.0,0.0,0.0,0.0,0.0,0.0,0.0,0.0,0.0,0.0,0.0,0.0,0.0,0.0,0.0,0.0,0.0,0.0,0.0,0.0,0.0,0.0,0.0,0.0,0.0,0.0,0.0,0.0,3.3473587665652417e-06,0.0,0.0,0.0,0.0,0.0,0.0,0.0,0.0,0.0,0.0,0.0,0.0,0.0,0.0,0.0,0.0,0.0,0.0,0.0,0.0,0.0,0.0
0.0,0.0,0.0,0.0,0.0,0.0,0.0,0.0,0.0,0.0,0.0,0.0,0.0,0.0,0.0,0.0,0.0,0.0,0.0,0.0,0.0,0.0,0.0,0.0,0.0,0.0,0.0,0.0,0.0,0.0,0.0,0.0,0.0,0.0,0.0,0.0,0.0,0.0,0.0,0.0,0.0,0.0,0.0,0.0,0.0,0.0,0.0,0.0,0.0,0.0,0.0,0.0,0.0,0.0,0.0,0.0,0.0,0.0,0.0,0.0,0.0,0.0,0.0,0.0,0.0,0.0,0.0,0.0,0.0,0.0,0.0,0.0,0.0,0.0,0.0,0.0,0.0,0.0,0.0,0.0,0.0,0.0,0.0,0.0,0.0,0.0,0.0,0.0,0.0,0.0,0.0,0.0,0.0,0.0,0.0,0.0,0.0,0.0,0.0,0.0,0.0,0.0,0.0,0.0,0.0,0.0,0.0,0.0,0.0,0.0,0.0,0.0,0.0,0.0,0.0,0.0,0.0,0.0,0.0,0.0,0.0,0.0,0.0,0.0,0.0,0.0,0.0,0.0,0.0,0.0,0.0,0.0,0.0,0.0,0.0,0.0,0.0,0.0,0.0,0.0,0.0,0.0,0.0,0.0,0.0,0.0,0.0,0.0,0.0,0.0,0.0,0.0,0.0,0.0,0.0,0.0,3.3473587665652417e-06,0.0,0.0,0.0,0.0,0.0,0.0,0.0,0.0,0.0,0.0,0.0,0.0,0.0,0.0,0.0,0.0,0.0,0.0,0.0,0.0,0.0,0.0,0.0,0.0,0.0,0.0,0.0,0.0,0.0,0.0,0.0,0.0,0.0,0.0,0.0,0.0,0.0,0.0,0.0,0.0,0.0,0.0,0.0,0.0,0.0,0.0,0.0,0.0,3.3473587665652417e-06,0.0,0.0,0.0,0.0,0.0,0.0,0.0,0.0,0.0,0.0,0.0,0.0,3.3473587665652417e-06,0.0,0.0,0.0,0.0,0.0,0.0,0.0,0.0,0.0,0.0,0.0,0.0,0.0,0.0,0.0,0.0,0.0,0.0,0.0,0.0,0.0,0.0,0.0,0.0,0.0,0.0,0.0,0.0,0.0,0.0,0.0,0.0,0.0,0.0,0.0,0.0,0.0,0.0,0.0,0.0,0.0,0.0,0.0,0.0,0.0,0.0,0.0,0.0,0.0,0.0,0.0,0.0,0.0,0.0,0.0,0.0,0.0,0.0,0.0,0.0,0.0,0.0,0.0,0.0,0.0,0.0,0.0,0.0,0.0,0.0,0.0,0.0,0.0,0.0,0.0,0.0,0.0,0.0,0.0,0.0,0.0,0.0,0.0,0.0,0.0,0.0,0.0,0.0,0.0,0.0,0.0,0.0,0.0,0.0,0.0,0.0,0.0,0.0,0.0,0.0,0.0,0.0,0.0,0.0,0.0,0.0,0.0,0.0,0.0,0.0,0.0,0.0,0.0,0.0,0.0,0.0,0.0,0.0,0.0,0.0,0.0,0.0,0.0,0.0,0.0,0.0,0.0,0.0,0.0,0.0,0.0,0.0,0.0,0.0,0.0,0.0,0.0,0.0,0.0,0.0,0.0
0.0,0.0,0.0,0.0,0.0,0.0,0.0,0.0,0.0,0.0,0.0,0.0,0.0,0.0,0.0,0.0,0.0,0.0,0.0,0.0,0.0,0.0,0.0,0.0,0.0,0.0,0.0,0.0,0.0,0.0,0.0,0.0,0.0,0.0,0.0,0.0,0.0,0.0,0.0,0.0,0.0,0.0,0.0,0.0,0.0,0.0,0.0,0.0,0.0,0.0,0.0,0.0,0.0,0.0,0.0,0.0,0.0,0.0,0.0,0.0,0.0,0.0,0.0,0.0,0.0,0.0,0.0,0.0,0.0,0.0,0.0,0.0,0.0,0.0,3.3473587665652417e-06,0.0,0.0,0.0,0.0,0.0,0.0,0.0,0.0,0.0,0.0,0.0,0.0,0.0,0.0,0.0,0.0,0.0,0.0,0.0,0.0,0.0,0.0,0.0,0.0,0.0,0.0,0.0,0.0,0.0,0.0,0.0,0.0,0.0,0.0,0.0,0.0,0.0,0.0,0.0,0.0,0.0,0.0,0.0,0.0,0.0,0.0,0.0,0.0,0.0,0.0,0.0,0.0,0.0,0.0,0.0,0.0,0.0,0.0,0.0,0.0,0.0,0.0,0.0,0.0,0.0,0.0,0.0,0.0,0.0,0.0,0.0,0.0,0.0,0.0,0.0,3.3473587665652417e-06,0.0,0.0,0.0,0.0,0.0,0.0,0.0,0.0,0.0,0.0,0.0,0.0,0.0,0.0,0.0,0.0,0.0,0.0,0.0,0.0,0.0,0.0,0.0,0.0,0.0,0.0,0.0,0.0,0.0,0.0,0.0,0.0,0.0,0.0,3.3473587665652417e-06,0.0,0.0,0.0,0.0,0.0,0.0,0.0,0.0,0.0,0.0,0.0,0.0,0.0,0.0,0.0,0.0,0.0,0.0,0.0,0.0,0.0,0.0,0.0,0.0,0.0,0.0,0.0,0.0,0.0,0.0,0.0,0.0,0.0,0.0,0.0,0.0,0.0,0.0,0.0,0.0,0.0,0.0,0.0,0.0,0.0,0.0,0.0,0.0,0.0,0.0,0.0,0.0,0.0,0.0,0.0,0.0,0.0,0.0,0.0,0.0,0.0,0.0,0.0,0.0,0.0,0.0,0.0,0.0,0.0,3.3473587665652417e-06,3.3473587665652417e-06,0.0,0.0,0.0,0.0,0.0,0.0,0.0,0.0,0.0,0.0,0.0,0.0,0.0,0.0,0.0,0.0,0.0,0.0,0.0,0.0,0.0,0.0,0.0,0.0,0.0,0.0,0.0,0.0,0.0,0.0,0.0,0.0,0.0,0.0,0.0,0.0,0.0,0.0,0.0,0.0,0.0,0.0,3.3473587665652417e-06,0.0,0.0,0.0,0.0,0.0,0.0,0.0,0.0,0.0,0.0,0.0,0.0,0.0,0.0,0.0,0.0,0.0,0.0,0.0,0.0,0.0,0.0,0.0,0.0,0.0,0.0,0.0,0.0,0.0,0.0,0.0,0.0,0.0,0.0,0.0,0.0,0.0,0.0,0.0,0.0,0.0,0.0,0.0,0.0,0.0,0.0,0.0,0.0,0.0,0.0,0.0,0.0,0.0,0.0,0.0,0.0,0.0,0.0,0.0,0.0
0.0,0.0,0.0,0.0,0.0,0.0,0.0,0.0,0.0,0.0,0.0,0.0,0.0,0.0,0.0,0.0,0.0,0.0,0.0,0.0,0.0,0.0,0.0,0.0,0.0,0.0,0.0,0.0,0.0,0.0,0.0,0.0,0.0,0.0,0.0,0.0,0.0,0.0,0.0,0.0,0.0,0.0,0.0,0.0,0.0,0.0,0.0,0.0,0.0,0.0,0.0,0.0,0.0,0.0,0.0,0.0,0.0,0.0,0.0,0.0,0.0,0.0,0.0,0.0,0.0,0.0,0.0,3.3473587665652417e-06,0.0,0.0,0.0,0.0,0.0,0.0,0.0,0.0,0.0,0.0,0.0,0.0,0.0,0.0,0.0,0.0,0.0,0.0,0.0,0.0,0.0,0.0,0.0,0.0,0.0,0.0,0.0,0.0,0.0,0.0,0.0,0.0,0.0,0.0,0.0,0.0,0.0,0.0,0.0,0.0,0.0,0.0,0.0,0.0,0.0,0.0,0.0,0.0,0.0,0.0,0.0,0.0,0.0,0.0,0.0,0.0,0.0,0.0,0.0,0.0,0.0,0.0,0.0,0.0,0.0,0.0,0.0,0.0,0.0,0.0,0.0,0.0,0.0,0.0,0.0,0.0,0.0,0.0,0.0,0.0,0.0,0.0,0.0,0.0,0.0,0.0,0.0,3.3473587665652417e-06,0.0,0.0,0.0,0.0,0.0,0.0,0.0,0.0,0.0,0.0,0.0,0.0,0.0,0.0,0.0,0.0,0.0,0.0,0.0,0.0,0.0,0.0,0.0,0.0,0.0,0.0,0.0,0.0,0.0,0.0,0.0,0.0,0.0,0.0,0.0,3.3473587665652417e-06,0.0,0.0,0.0,0.0,3.3473587665652417e-06,0.0,0.0,0.0,0.0,0.0,0.0,3.3473587665652417e-06,0.0,0.0,0.0,0.0,0.0,0.0,0.0,0.0,0.0,0.0,0.0,0.0,0.0,0.0,0.0,0.0,0.0,0.0,3.3473587665652417e-06,0.0,0.0,0.0,0.0,0.0,0.0,0.0,0.0,0.0,0.0,0.0,0.0,0.0,0.0,0.0,0.0,0.0,0.0,0.0,0.0,0.0,0.0,0.0,0.0,0.0,0.0,0.0,0.0,0.0,0.0,0.0,0.0,0.0,0.0,0.0,0.0,0.0,0.0,0.0,0.0,0.0,0.0,0.0,0.0,0.0,0.0,0.0,0.0,0.0,0.0,0.0,0.0,3.3473587665652417e-06,0.0,0.0,0.0,0.0,0.0,0.0,0.0,0.0,0.0,0.0,0.0,0.0,0.0,0.0,0.0,0.0,0.0,0.0,0.0,0.0,0.0,0.0,0.0,3.3473587665652417e-06,0.0,0.0,0.0,0.0,0.0,0.0,0.0,0.0,0.0,0.0,0.0,0.0,0.0,0.0,6.694717533130483e-06,0.0,0.0,0.0,0.0,0.0,0.0,0.0,0.0,0.0,0.0,0.0,0.0,0.0,0.0,0.0,0.0,0.0,0.0,0.0,0.0,0.0,0.0,0.0,0.0,0.0,0.0,0.0,0.0,0.0,0.0,0.0,0.0,0.0,0.0,0.0,0.0,0.0,0.0,0.0,0.0,0.0,0.0,0.0,0.0,0.0
0.0,0.0,0.0,0.0,0.0,0.0,0.0,0.0,0.0,0.0,0.0,0.0,0.0,0.0,0.0,0.0,0.0,0.0,0.0,0.0,0.0,0.0,0.0,0.0,0.0,0.0,0.0,0.0,0.0,0.0,0.0,0.0,0.0,0.0,0.0,0.0,0.0,0.0,0.0,0.0,0.0,0.0,0.0,0.0,0.0,0.0,0.0,0.0,0.0,0.0,0.0,0.0,0.0,0.0,0.0,0.0,0.0,0.0,0.0,0.0,0.0,0.0,0.0,0.0,0.0,0.0,0.0,0.0,0.0,0.0,0.0,0.0,0.0,0.0,0.0,0.0,0.0,0.0,0.0,0.0,0.0,0.0,0.0,0.0,0.0,0.0,0.0,0.0,0.0,0.0,0.0,0.0,0.0,0.0,0.0,0.0,0.0,0.0,0.0,0.0,0.0,0.0,0.0,0.0,0.0,0.0,0.0,0.0,0.0,0.0,0.0,0.0,0.0,0.0,0.0,0.0,0.0,0.0,0.0,0.0,0.0,0.0,0.0,0.0,0.0,0.0,0.0,0.0,0.0,0.0,0.0,0.0,0.0,0.0,0.0,0.0,0.0,0.0,0.0,0.0,0.0,0.0,0.0,0.0,0.0,0.0,0.0,0.0,0.0,0.0,0.0,0.0,0.0,0.0,0.0,0.0,0.0,0.0,0.0,0.0,0.0,0.0,0.0,0.0,0.0,0.0,0.0,0.0,0.0,0.0,0.0,0.0,0.0,0.0,0.0,0.0,0.0,0.0,0.0,0.0,0.0,0.0,0.0,0.0,0.0,0.0,0.0,0.0,0.0,0.0,0.0,0.0,0.0,3.3473587665652417e-06,0.0,0.0,0.0,0.0,0.0,0.0,0.0,0.0,0.0,0.0,0.0,0.0,0.0,0.0,0.0,0.0,0.0,0.0,0.0,0.0,0.0,0.0,0.0,0.0,0.0,0.0,0.0,0.0,0.0,0.0,0.0,0.0,0.0,0.0,0.0,0.0,0.0,0.0,0.0,0.0,0.0,0.0,0.0,0.0,0.0,0.0,0.0,0.0,0.0,0.0,0.0,0.0,0.0,0.0,0.0,0.0,0.0,0.0,0.0,0.0,0.0,0.0,0.0,0.0,0.0,0.0,0.0,0.0,0.0,3.3473587665652417e-06,0.0,0.0,0.0,0.0,0.0,0.0,0.0,0.0,0.0,0.0,0.0,0.0,0.0,0.0,0.0,0.0,0.0,0.0,0.0,0.0,0.0,0.0,0.0,0.0,0.0,0.0,0.0,0.0,0.0,0.0,0.0,0.0,0.0,0.0,0.0,0.0,0.0,0.0,0.0,0.0,0.0,0.0,0.0,0.0,0.0,0.0,0.0,0.0,0.0,0.0,0.0,0.0,0.0,0.0,0.0,0.0,0.0,0.0,0.0,0.0,0.0,0.0,0.0,0.0,0.0,0.0,0.0,0.0,0.0,0.0,0.0,0.0,0.0,0.0,0.0,0.0,0.0,0.0,0.0,0.0,0.0,0.0,0.0,0.0,0.0,0.0,0.0,0.0,0.0,0.0,0.0,0.0,0.0,0.0,0.0,0.0
0.0,0.0,0.0,0.0,0.0,0.0,0.0,0.0,0.0,0.0,0.0,0.0,0.0,0.0,0.0,0.0,0.0,0.0,0.0,0.0,0.0,0.0,0.0,0.0,0.0,0.0,0.0,0.0,0.0,0.0,0.0,0.0,0.0,0.0,0.0,0.0,0.0,0.0,0.0,0.0,0.0,0.0,0.0,0.0,0.0,0.0,0.0,0.0,0.0,0.0,0.0,0.0,0.0,0.0,0.0,0.0,0.0,0.0,0.0,0.0,0.0,0.0,0.0,0.0,0.0,0.0,0.0,0.0,0.0,0.0,0.0,0.0,0.0,0.0,0.0,0.0,0.0,0.0,0.0,0.0,0.0,0.0,0.0,0.0,0.0,0.0,0.0,0.0,0.0,0.0,0.0,0.0,0.0,0.0,0.0,0.0,0.0,0.0,0.0,0.0,0.0,0.0,0.0,0.0,0.0,0.0,0.0,0.0,0.0,0.0,0.0,0.0,0.0,0.0,0.0,0.0,0.0,0.0,0.0,0.0,0.0,0.0,0.0,0.0,0.0,0.0,3.3473587665652417e-06,0.0,0.0,0.0,0.0,0.0,0.0,0.0,0.0,0.0,0.0,0.0,0.0,0.0,0.0,0.0,0.0,0.0,0.0,0.0,0.0,0.0,0.0,0.0,0.0,0.0,0.0,0.0,0.0,0.0,0.0,0.0,0.0,0.0,0.0,0.0,0.0,0.0,0.0,0.0,0.0,0.0,0.0,0.0,0.0,0.0,0.0,0.0,0.0,0.0,0.0,0.0,0.0,0.0,0.0,0.0,0.0,0.0,0.0,0.0,0.0,0.0,0.0,0.0,0.0,0.0,0.0,0.0,0.0,0.0,0.0,0.0,0.0,0.0,0.0,0.0,0.0,0.0,0.0,0.0,0.0,0.0,0.0,0.0,0.0,0.0,0.0,0.0,0.0,0.0,0.0,3.3473587665652417e-06,0.0,0.0,0.0,0.0,0.0,0.0,0.0,0.0,0.0,0.0,0.0,0.0,0.0,0.0,0.0,0.0,0.0,0.0,0.0,0.0,0.0,0.0,0.0,0.0,0.0,0.0,0.0,0.0,0.0,0.0,0.0,0.0,0.0,0.0,0.0,0.0,0.0,0.0,0.0,0.0,0.0,0.0,0.0,0.0,0.0,0.0,3.3473587665652417e-06,0.0,0.0,0.0,0.0,0.0,0.0,0.0,0.0,0.0,0.0,0.0,0.0,0.0,0.0,0.0,0.0,0.0,0.0,0.0,0.0,0.0,0.0,0.0,0.0,0.0,0.0,0.0,0.0,0.0,0.0,0.0,0.0,0.0,0.0,0.0,0.0,0.0,0.0,0.0,0.0,0.0,0.0,0.0,0.0,0.0,0.0,0.0,0.0,0.0,0.0,0.0,0.0,0.0,0.0,0.0,0.0,0.0,6.694717533130483e-06,0.0,0.0,0.0,0.0,3.3473587665652417e-06,0.0,0.0,0.0,0.0,0.0,0.0,0.0,3.3473587665652417e-06,0.0,0.0,0.0,0.0,0.0,0.0,0.0,0.0,0.0,0.0,0.0,0.0,0.0,0.0,0.0,0.0,0.0,0.0,0.0,0.0,0.0,0.0,0.0,0.0
0.0,0.0,0.0,0.0,0.0,0.0,0.0,0.0,0.0,0.0,0.0,0.0,0.0,0.0,0.0,0.0,0.0,0.0,0.0,0.0,0.0,0.0,0.0,0.0,0.0,0.0,0.0,0.0,0.0,0.0,0.0,0.0,0.0,0.0,0.0,0.0,0.0,0.0,0.0,0.0,0.0,0.0,0.0,0.0,0.0,0.0,0.0,0.0,0.0,0.0,0.0,0.0,0.0,3.3473587665652417e-06,0.0,0.0,0.0,0.0,0.0,0.0,0.0,0.0,0.0,0.0,0.0,0.0,0.0,0.0,0.0,0.0,0.0,0.0,0.0,0.0,0.0,0.0,0.0,0.0,0.0,0.0,0.0,0.0,0.0,0.0,0.0,0.0,0.0,0.0,0.0,0.0,0.0,0.0,0.0,0.0,0.0,0.0,0.0,0.0,0.0,0.0,0.0,0.0,0.0,0.0,0.0,0.0,0.0,0.0,0.0,0.0,0.0,0.0,0.0,0.0,0.0,0.0,0.0,0.0,0.0,0.0,0.0,0.0,0.0,0.0,0.0,0.0,3.3473587665652417e-06,0.0,0.0,0.0,0.0,0.0,0.0,0.0,3.3473587665652417e-06,0.0,0.0,0.0,0.0,0.0,0.0,0.0,0.0,0.0,0.0,0.0,0.0,0.0,0.0,0.0,0.0,0.0,0.0,0.0,0.0,0.0,0.0,0.0,0.0,0.0,0.0,0.0,0.0,0.0,0.0,0.0,0.0,0.0,0.0,0.0,0.0,0.0,0.0,0.0,0.0,0.0,0.0,0.0,0.0,0.0,0.0,0.0,0.0,0.0,0.0,0.0,0.0,0.0,0.0,0.0,0.0,0.0,0.0,0.0,0.0,0.0,0.0,0.0,0.0,0.0,6.694717533130483e-06,0.0,0.0,0.0,0.0,0.0,0.0,0.0,0.0,0.0,0.0,0.0,0.0,0.0,0.0,0.0,0.0,0.0,0.0,0.0,0.0,0.0,0.0,0.0,0.0,0.0,0.0,0.0,0.0,0.0,0.0,0.0,0.0,0.0,0.0,0.0,0.0,0.0,0.0,0.0,0.0,0.0,0.0,0.0,0.0,0.0,0.0,0.0,0.0,0.0,0.0,0.0,0.0,0.0,0.0,0.0,0.0,0.0,0.0,0.0,0.0,0.0,0.0,0.0,0.0,0.0,0.0,0.0,0.0,0.0,0.0,0.0,0.0,0.0,3.3473587665652417e-06,0.0,0.0,0.0,0.0,0.0,0.0,0.0,0.0,0.0,0.0,0.0,0.0,0.0,0.0,0.0,0.0,0.0,0.0,0.0,0.0,0.0,0.0,0.0,0.0,0.0,0.0,0.0,0.0,0.0,0.0,0.0,0.0,0.0,0.0,0.0,0.0,0.0,0.0,0.0,0.0,0.0,0.0,0.0,0.0,0.0,0.0,0.0,0.0,0.0,0.0,0.0,0.0,0.0,0.0,0.0,0.0,0.0,0.0,0.0,0.0,0.0,0.0,0.0,0.0,0.0,0.0,0.0,0.0,0.0,0.0,0.0,0.0,0.0,0.0,0.0,0.0,0.0,0.0,0.0,0.0,0.0,0.0,0.0,0.0,0.0
0.0,0.0,0.0,0.0,0.0,0.0,0.0,0.0,0.0,0.0,0.0,0.0,0.0,0.0,0.0,0.0,0.0,0.0,0.0,0.0,0.0,0.0,0.0,0.0,0.0,0.0,0.0,0.0,0.0,0.0,0.0,0.0,0.0,0.0,0.0,0.0,0.0,0.0,0.0,0.0,0.0,0.0,0.0,0.0,0.0,0.0,0.0,0.0,0.0,0.0,0.0,0.0,0.0,0.0,0.0,0.0,0.0,0.0,0.0,0.0,0.0,0.0,0.0,0.0,0.0,0.0,0.0,0.0,0.0,0.0,0.0,0.0,3.3473587665652417e-06,0.0,0.0,0.0,0.0,0.0,0.0,0.0,3.3473587665652417e-06,0.0,0.0,0.0,0.0,0.0,0.0,0.0,0.0,0.0,0.0,0.0,0.0,0.0,0.0,0.0,0.0,0.0,0.0,0.0,0.0,0.0,0.0,0.0,0.0,0.0,0.0,0.0,0.0,0.0,0.0,0.0,0.0,0.0,0.0,0.0,0.0,0.0,0.0,0.0,0.0,0.0,0.0,0.0,0.0,0.0,0.0,0.0,0.0,0.0,0.0,0.0,0.0,0.0,0.0,0.0,0.0,0.0,0.0,0.0,0.0,0.0,0.0,0.0,0.0,0.0,3.3473587665652417e-06,0.0,0.0,0.0,0.0,0.0,0.0,0.0,0.0,0.0,0.0,0.0,0.0,0.0,0.0,0.0,0.0,0.0,0.0,0.0,0.0,0.0,0.0,0.0,0.0,0.0,0.0,0.0,0.0,0.0,0.0,0.0,0.0,0.0,0.0,0.0,0.0,0.0,0.0,0.0,0.0,0.0,0.0,0.0,0.0,0.0,0.0,0.0,0.0,0.0,0.0,0.0,0.0,0.0,0.0,0.0,0.0,0.0,0.0,0.0,0.0,0.0,0.0,0.0,0.0,0.0,0.0,0.0,0.0,0.0,0.0,0.0,0.0,0.0,0.0,0.0,0.0,0.0,0.0,0.0,0.0,0.0,0.0,0.0,0.0,0.0,0.0,0.0,3.3473587665652417e-06,0.0,0.0,0.0,0.0,0.0,0.0,0.0,0.0,0.0,0.0,0.0,0.0,0.0,0.0,0.0,0.0,0.0,0.0,0.0,0.0,0.0,0.0,0.0,0.0,0.0,0.0,0.0,0.0,0.0,0.0,0.0,0.0,0.0,0.0,0.0,0.0,0.0,0.0,0.0,0.0,0.0,0.0,0.0,0.0,0.0,0.0,0.0,0.0,0.0,0.0,0.0,0.0,0.0,0.0,0.0,0.0,0.0,0.0,0.0,0.0,0.0,0.0,0.0,0.0,0.0,0.0,0.0,0.0,0.0,0.0,0.0,0.0,0.0,0.0,0.0,0.0,0.0,0.0,0.0,6.694717533130483e-06,0.0,0.0,0.0,0.0,0.0,0.0,0.0,0.0,0.0,0.0,0.0,0.0,0.0,0.0,0.0,0.0,0.0,0.0,0.0,0.0,0.0,0.0,0.0,0.0,0.0,0.0,0.0,0.0,0.0,0.0,0.0,0.0,0.0,0.0,0.0,0.0,0.0,0.0,0.0,0.0,0.0,0.0,0.0,0.0,0.0
0.0,0.0,0.0,0.0,0.0,0.0,0.0,0.0,0.0,0.0,0.0,0.0,0.0,0.0,0.0,0.0,0.0,0.0,0.0,0.0,0.0,0.0,0.0,0.0,0.0,0.0,0.0,0.0,0.0,0.0,0.0,0.0,0.0,0.0,0.0,0.0,0.0,0.0,0.0,0.0,0.0,0.0,0.0,0.0,0.0,0.0,0.0,0.0,0.0,0.0,0.0,0.0,0.0,0.0,0.0,0.0,0.0,0.0,0.0,0.0,0.0,0.0,0.0,0.0,0.0,0.0,0.0,0.0,0.0,0.0,0.0,0.0,0.0,0.0,0.0,0.0,0.0,0.0,0.0,0.0,0.0,0.0,0.0,0.0,0.0,0.0,0.0,0.0,0.0,0.0,0.0,0.0,0.0,0.0,0.0,0.0,0.0,0.0,0.0,0.0,0.0,0.0,0.0,0.0,0.0,0.0,0.0,0.0,0.0,0.0,0.0,0.0,0.0,0.0,0.0,0.0,0.0,0.0,0.0,0.0,0.0,0.0,0.0,0.0,0.0,0.0,0.0,0.0,0.0,0.0,0.0,0.0,0.0,0.0,0.0,0.0,0.0,0.0,0.0,0.0,0.0,0.0,0.0,0.0,0.0,0.0,0.0,0.0,0.0,0.0,0.0,0.0,0.0,0.0,0.0,0.0,0.0,0.0,0.0,0.0,0.0,0.0,0.0,0.0,0.0,0.0,0.0,0.0,0.0,0.0,0.0,0.0,0.0,0.0,0.0,0.0,0.0,0.0,0.0,0.0,0.0,0.0,0.0,0.0,0.0,0.0,0.0,0.0,0.0,0.0,0.0,0.0,0.0,0.0,0.0,0.0,0.0,0.0,0.0,0.0,0.0,0.0,0.0,0.0,0.0,0.0,0.0,0.0,0.0,0.0,0.0,0.0,0.0,0.0,0.0,0.0,0.0,0.0,0.0,0.0,0.0,0.0,0.0,0.0,0.0,0.0,0.0,0.0,0.0,0.0,0.0,0.0,0.0,0.0,0.0,3.3473587665652417e-06,0.0,0.0,0.0,0.0,0.0,0.0,0.0,0.0,0.0,0.0,0.0,0.0,0.0,0.0,0.0,0.0,0.0,0.0,0.0,0.0,0.0,0.0,0.0,0.0,0.0,0.0,0.0,0.0,0.0,0.0,0.0,0.0,0.0,0.0,0.0,0.0,0.0,0.0,0.0,0.0,0.0,0.0,0.0,0.0,0.0,0.0,0.0,0.0,0.0,0.0,0.0,0.0,0.0,0.0,0.0,0.0,0.0,0.0,0.0,0.0,0.0,0.0,0.0,0.0,0.0,0.0,0.0,0.0,0.0,0.0,0.0,0.0,0.0,0.0,0.0,0.0,0.0,0.0,0.0,0.0,0.0,0.0,0.0,0.0,0.0,0.0,0.0,0.0,0.0,0.0,0.0,0.0,0.0,0.0,0.0,0.0,0.0,0.0,0.0,0.0,0.0,0.0,0.0,0.0,0.0,0.0,0.0,0.0,0.0,0.0,0.0,0.0,0.0,0.0,0.0,0.0,0.0,0.0,0.0,0.0,0.0,0.0,0.0,0.0
0.0,0.0,0.0,0.0,0.0,0.0,0.0,0.0,0.0,0.0,0.0,0.0,0.0,0.0,0.0,0.0,0.0,0.0,0.0,0.0,0.0,0.0,0.0,0.0,0.0,0.0,0.0,0.0,0.0,0.0,0.0,0.0,0.0,0.0,0.0,0.0,0.0,0.0,0.0,0.0,0.0,0.0,0.0,0.0,0.0,0.0,0.0,0.0,0.0,0.0,0.0,0.0,0.0,0.0,0.0,0.0,0.0,0.0,0.0,0.0,0.0,0.0,0.0,0.0,0.0,0.0,0.0,0.0,0.0,0.0,0.0,0.0,0.0,0.0,0.0,0.0,0.0,0.0,0.0,0.0,0.0,0.0,0.0,0.0,0.0,0.0,0.0,0.0,0.0,0.0,0.0,0.0,0.0,0.0,0.0,0.0,0.0,0.0,0.0,0.0,0.0,0.0,0.0,0.0,0.0,0.0,0.0,0.0,0.0,0.0,0.0,0.0,0.0,0.0,0.0,0.0,0.0,0.0,0.0,0.0,0.0,0.0,0.0,0.0,0.0,0.0,0.0,0.0,0.0,0.0,0.0,0.0,0.0,0.0,0.0,0.0,0.0,0.0,0.0,0.0,0.0,0.0,0.0,0.0,0.0,0.0,0.0,0.0,0.0,0.0,0.0,0.0,0.0,0.0,0.0,0.0,0.0,0.0,0.0,0.0,0.0,0.0,0.0,0.0,0.0,0.0,0.0,0.0,0.0,0.0,0.0,0.0,0.0,0.0,3.3473587665652417e-06,0.0,0.0,0.0,0.0,0.0,0.0,0.0,0.0,0.0,0.0,0.0,0.0,0.0,0.0,0.0,0.0,0.0,0.0,0.0,0.0,0.0,0.0,0.0,0.0,0.0,0.0,0.0,0.0,0.0,0.0,0.0,0.0,0.0,0.0,0.0,0.0,0.0,0.0,0.0,0.0,0.0,0.0,0.0,0.0,0.0,0.0,0.0,0.0,0.0,0.0,0.0,0.0,0.0,0.0,0.0,0.0,0.0,0.0,0.0,0.0,0.0,0.0,0.0,0.0,0.0,0.0,0.0,0.0,0.0,0.0,0.0,0.0,0.0,0.0,0.0,0.0,0.0,0.0,0.0,0.0,0.0,0.0,0.0,0.0,0.0,0.0,0.0,0.0,0.0,0.0,0.0,0.0,0.0,0.0,0.0,0.0,0.0,0.0,0.0,0.0,0.0,0.0,0.0,0.0,0.0,0.0,0.0,0.0,0.0,0.0,0.0,0.0,0.0,0.0,0.0,0.0,0.0,0.0,0.0,0.0,0.0,0.0,0.0,3.3473587665652417e-06,0.0,0.0,0.0,0.0,0.0,0.0,0.0,0.0,0.0,0.0,0.0,0.0,0.0,0.0,0.0,0.0,0.0,0.0,0.0,0.0,0.0,0.0,0.0,0.0,0.0,0.0,0.0,0.0,0.0,0.0,0.0,0.0,0.0,0.0,0.0,0.0,0.0,0.0,0.0,0.0,0.0,0.0,0.0,0.0,0.0,0.0,0.0,0.0,0.0,0.0,0.0,0.0,0.0,0.0,0.0,0.0,0.0,0.0,0.0,0.0,0.0
0.0,0.0,0.0,0.0,0.0,0.0,0.0,0.0,0.0,0.0,0.0,0.0,0.0,0.0,0.0,0.0,0.0,0.0,0.0,0.0,0.0,0.0,0.0,0.0,0.0,0.0,0.0,0.0,0.0,0.0,0.0,0.0,0.0,0.0,0.0,0.0,0.0,0.0,0.0,0.0,0.0,0.0,0.0,0.0,0.0,0.0,0.0,0.0,0.0,0.0,0.0,0.0,0.0,0.0,0.0,0.0,0.0,0.0,0.0,0.0,0.0,0.0,0.0,0.0,0.0,0.0,0.0,0.0,0.0,0.0,0.0,0.0,0.0,0.0,0.0,0.0,0.0,0.0,0.0,0.0,0.0,0.0,0.0,0.0,0.0,0.0,0.0,0.0,0.0,0.0,0.0,0.0,0.0,0.0,0.0,0.0,0.0,0.0,0.0,0.0,0.0,0.0,0.0,0.0,0.0,0.0,0.0,0.0,0.0,0.0,0.0,0.0,0.0,0.0,0.0,0.0,0.0,0.0,0.0,0.0,0.0,0.0,0.0,0.0,0.0,0.0,0.0,0.0,0.0,0.0,0.0,0.0,0.0,0.0,0.0,0.0,0.0,3.3473587665652417e-06,0.0,0.0,0.0,0.0,0.0,0.0,0.0,0.0,0.0,0.0,0.0,0.0,0.0,0.0,0.0,0.0,0.0,0.0,0.0,0.0,0.0,0.0,0.0,0.0,0.0,0.0,0.0,0.0,0.0,0.0,0.0,0.0,0.0,0.0,0.0,0.0,0.0,0.0,0.0,0.0,0.0,0.0,0.0,0.0,0.0,0.0,0.0,0.0,0.0,0.0,0.0,0.0,0.0,0.0,0.0,0.0,0.0,0.0,0.0,0.0,0.0,0.0,0.0,0.0,0.0,0.0,0.0,0.0,0.0,0.0,0.0,0.0,0.0,0.0,0.0,0.0,0.0,0.0,0.0,0.0,0.0,0.0,0.0,0.0,0.0,0.0,0.0,0.0,0.0,0.0,0.0,0.0,0.0,0.0,0.0,0.0,0.0,0.0,0.0,0.0,0.0,0.0,0.0,0.0,0.0,0.0,0.0,0.0,0.0,0.0,3.3473587665652417e-06,0.0,0.0,0.0,0.0,0.0,0.0,0.0,0.0,0.0,0.0,0.0,0.0,0.0,0.0,0.0,0.0,0.0,0.0,0.0,0.0,0.0,0.0,0.0,0.0,0.0,0.0,0.0,0.0,0.0,0.0,0.0,0.0,0.0,0.0,0.0,0.0,0.0,0.0,0.0,0.0,0.0,0.0,0.0,0.0,0.0,0.0,0.0,0.0,0.0,0.0,0.0,0.0,0.0,0.0,0.0,0.0,0.0,0.0,0.0,0.0,0.0,0.0,0.0,0.0,0.0,0.0,0.0,0.0,0.0,0.0,0.0,0.0,0.0,0.0,0.0,0.0,0.0,0.0,0.0,0.0,0.0,0.0,0.0,0.0,0.0,0.0,0.0,0.0,0.0,0.0,0.0,0.0,0.0,0.0,0.0,0.0,0.0,0.0,0.0,0.0,0.0,0.0,0.0,0.0,0.0,0.0,0.0,0.0,0.0,0.0,0.0
0.0,0.0,0.0,0.0,0.0,0.0,0.0,0.0,0.0,0.0,0.0,0.0,0.0,0.0,0.0,0.0,0.0,0.0,0.0,0.0,0.0,0.0,0.0,0.0,0.0,0.0,0.0,0.0,0.0,0.0,0.0,0.0,0.0,0.0,0.0,0.0,0.0,0.0,0.0,0.0,0.0,0.0,0.0,0.0,0.0,0.0,0.0,0.0,0.0,0.0,0.0,0.0,0.0,0.0,0.0,0.0,0.0,0.0,0.0,0.0,0.0,0.0,0.0,0.0,0.0,0.0,0.0,0.0,0.0,0.0,0.0,0.0,0.0,0.0,0.0,0.0,0.0,0.0,0.0,0.0,0.0,0.0,0.0,0.0,0.0,0.0,0.0,0.0,0.0,0.0,0.0,0.0,0.0,0.0,0.0,0.0,0.0,0.0,0.0,0.0,0.0,0.0,0.0,0.0,0.0,0.0,0.0,0.0,0.0,0.0,0.0,0.0,0.0,0.0,0.0,0.0,0.0,0.0,0.0,0.0,0.0,0.0,0.0,0.0,0.0,0.0,0.0,0.0,0.0,0.0,0.0,0.0,0.0,0.0,0.0,0.0,0.0,0.0,0.0,0.0,1.0042076299695725e-05,0.0,0.0,0.0,0.0,0.0,0.0,0.0,0.0,0.0,0.0,0.0,0.0,0.0,0.0,0.0,0.0,0.0,0.0,0.0,0.0,0.0,0.0,0.0,0.0,0.0,0.0,0.0,0.0,0.0,0.0,0.0,0.0,0.0,0.0,0.0,0.0,0.0,0.0,0.0,0.0,0.0,0.0,0.0,0.0,0.0,0.0,0.0,0.0,0.0,0.0,0.0,0.0,0.0,0.0,0.0,0.0,0.0,0.0,0.0,0.0,0.0,0.0,0.0,0.0,0.0,0.0,3.3473587665652417e-06,0.0,0.0,0.0,0.0,0.0,0.0,0.0,0.0,0.0,0.0,0.0,0.0,0.0,0.0,0.0,0.0,0.0,0.0,0.0,0.0,0.0,0.0,0.0,0.0,0.0,0.0,0.0,0.0,0.0,0.0,0.0,0.0,0.0,0.0,0.0,0.0,0.0,0.0,0.0,0.0,0.0,0.0,0.0,0.0,0.0,0.0,0.0,0.0,0.0,0.0,0.0,0.0,0.0,0.0,0.0,0.0,0.0,0.0,0.0,0.0,0.0,0.0,0.0,0.0,0.0,0.0,0.0,0.0,0.0,0.0,0.0,0.0,0.0,0.0,0.0,0.0,0.0,0.0,0.0,0.0,0.0,0.0,0.0,0.0,0.0,0.0,0.0,0.0,0.0,0.0,0.0,0.0,0.0,0.0,0.0,0.0,0.0,0.0,0.0,0.0,0.0,0.0,0.0,0.0,0.0,0.0,0.0,0.0,0.0,0.0,0.0,0.0,0.0,3.3473587665652417e-06,0.0,0.0,0.0,0.0,0.0,0.0,0.0,0.0,0.0,0.0,0.0,0.0,0.0,0.0,0.0,0.0,0.0,0.0,0.0,0.0,0.0,0.0,0.0,0.0,0.0,0.0,0.0,0.0,3.3473587665652417e-06,0.0,0.0,0.0,0.0,0.0,0.0,0.0,0.0,0.0
0.0,0.0,0.0,0.0,0.0,0.0,0.0,0.0,0.0,0.0,0.0,0.0,0.0,0.0,0.0,0.0,0.0,0.0,0.0,0.0,0.0,0.0,0.0,0.0,0.0,0.0,0.0,0.0,0.0,0.0,0.0,0.0,0.0,0.0,0.0,0.0,0.0,0.0,0.0,0.0,0.0,0.0,0.0,0.0,0.0,0.0,0.0,0.0,0.0,0.0,0.0,0.0,0.0,0.0,0.0,0.0,0.0,0.0,0.0,0.0,0.0,0.0,0.0,0.0,0.0,0.0,0.0,0.0,0.0,0.0,0.0,0.0,0.0,0.0,0.0,0.0,0.0,0.0,0.0,0.0,0.0,0.0,0.0,0.0,0.0,0.0,0.0,0.0,0.0,0.0,0.0,0.0,0.0,0.0,0.0,0.0,0.0,0.0,0.0,0.0,0.0,0.0,0.0,0.0,0.0,0.0,0.0,0.0,0.0,0.0,0.0,0.0,0.0,0.0,0.0,0.0,0.0,0.0,0.0,0.0,0.0,0.0,0.0,0.0,0.0,0.0,0.0,0.0,0.0,0.0,0.0,0.0,0.0,0.0,0.0,0.0,0.0,0.0,0.0,0.0,0.0,0.0,0.0,0.0,0.0,0.0,0.0,0.0,0.0,0.0,0.0,0.0,0.0,0.0,0.0,0.0,0.0,0.0,0.0,0.0,0.0,0.0,0.0,0.0,0.0,0.0,0.0,0.0,0.0,0.0,0.0,0.0,0.0,0.0,0.0,0.0,0.0,0.0,0.0,0.0,0.0,0.0,0.0,0.0,0.0,0.0,0.0,0.0,0.0,0.0,0.0,0.0,0.0,0.0,0.0,0.0,0.0,0.0,0.0,0.0,0.0,0.0,0.0,0.0,0.0,0.0,0.0,0.0,0.0,0.0,0.0,0.0,0.0,0.0,0.0,0.0,0.0,0.0,3.3473587665652417e-06,0.0,0.0,0.0,0.0,0.0,0.0,0.0,0.0,0.0,0.0,0.0,0.0,0.0,0.0,0.0,0.0,0.0,0.0,0.0,0.0,0.0,0.0,0.0,0.0,0.0,0.0,0.0,0.0,0.0,0.0,0.0,0.0,0.0,0.0,0.0,0.0,0.0,0.0,0.0,0.0,0.0,0.0,0.0,0.0,0.0,0.0,0.0,0.0,0.0,0.0,0.0,0.0,0.0,0.0,0.0,0.0,0.0,0.0,0.0,0.0,0.0,0.0,0.0,0.0,0.0,0.0,0.0,0.0,0.0,0.0,0.0,0.0,0.0,0.0,0.0,0.0,0.0,0.0,0.0,0.0,0.0,0.0,0.0,0.0,0.0,0.0,0.0,0.0,0.0,0.0,0.0,0.0,0.0,0.0,0.0,0.0,0.0,0.0,0.0,0.0,0.0,3.3473587665652417e-06,0.0,0.0,0.0,0.0,0.0,0.0,0.0,0.0,0.0,0.0,0.0,0.0,0.0,0.0,0.0,0.0,0.0,0.0,0.0,3.3473587665652417e-06,0.0,0.0,0.0,0.0,0.0,0.0,0.0,0.0,0.0,0.0,0.0,0.0,0.0,0.0,0.0,0.0,0.0,0.0,0.0
0.0,0.0,0.0,0.0,0.0,0.0,0.0,0.0,0.0,0.0,0.0,0.0,0.0,0.0,0.0,0.0,0.0,0.0,0.0,0.0,0.0,0.0,0.0,0.0,0.0,0.0,0.0,0.0,0.0,0.0,0.0,0.0,0.0,0.0,0.0,0.0,0.0,0.0,0.0,0.0,0.0,0.0,0.0,0.0,0.0,0.0,0.0,0.0,0.0,0.0,0.0,0.0,0.0,0.0,0.0,0.0,0.0,0.0,0.0,0.0,0.0,0.0,0.0,0.0,0.0,0.0,0.0,0.0,0.0,0.0,0.0,0.0,0.0,0.0,0.0,0.0,0.0,0.0,0.0,0.0,0.0,0.0,0.0,0.0,0.0,0.0,0.0,0.0,0.0,0.0,0.0,0.0,0.0,0.0,0.0,0.0,0.0,0.0,0.0,0.0,0.0,0.0,0.0,0.0,0.0,0.0,0.0,0.0,0.0,0.0,0.0,0.0,0.0,0.0,0.0,0.0,0.0,0.0,0.0,0.0,0.0,0.0,0.0,0.0,0.0,0.0,0.0,0.0,0.0,0.0,0.0,0.0,0.0,0.0,0.0,0.0,0.0,0.0,0.0,0.0,0.0,0.0,0.0,0.0,0.0,0.0,0.0,0.0,0.0,0.0,0.0,0.0,0.0,0.0,0.0,0.0,0.0,0.0,0.0,0.0,0.0,0.0,0.0,0.0,0.0,0.0,0.0,0.0,0.0,0.0,0.0,0.0,0.0,0.0,0.0,0.0,0.0,0.0,0.0,0.0,0.0,0.0,0.0,0.0,0.0,0.0,0.0,0.0,0.0,0.0,0.0,0.0,0.0,0.0,0.0,0.0,0.0,0.0,0.0,0.0,0.0,0.0,0.0,0.0,0.0,0.0,0.0,0.0,0.0,0.0,0.0,0.0,0.0,0.0,0.0,0.0,0.0,0.0,0.0,0.0,0.0,0.0,0.0,0.0,3.3473587665652417e-06,0.0,0.0,0.0,0.0,0.0,0.0,0.0,0.0,0.0,0.0,0.0,0.0,0.0,0.0,0.0,0.0,0.0,0.0,0.0,0.0,0.0,0.0,0.0,0.0,0.0,0.0,0.0,0.0,0.0,0.0,0.0,0.0,0.0,0.0,0.0,0.0,0.0,0.0,0.0,0.0,0.0,0.0,0.0,0.0,0.0,0.0,0.0,0.0,0.0,0.0,0.0,0.0,0.0,0.0,0.0,0.0,0.0,0.0,0.0,0.0,0.0,0.0,0.0,0.0,0.0,0.0,0.0,0.0,0.0,0.0,0.0,0.0,0.0,0.0,0.0,3.3473587665652417e-06,0.0,0.0,0.0,0.0,0.0,0.0,0.0,0.0,0.0,0.0,0.0,0.0,0.0,0.0,0.0,0.0,0.0,0.0,0.0,0.0,0.0,0.0,0.0,0.0,0.0,0.0,0.0,0.0,0.0,0.0,0.0,0.0,0.0,0.0,0.0,0.0,0.0,0.0,0.0,0.0,0.0,0.0,0.0,0.0,0.0,0.0,0.0,0.0,0.0,0.0,0.0,0.0,0.0,0.0,0.0,0.0,0.0,0.0,0.0
0.0,0.0,0.0,0.0,0.0,0.0,0.0,0.0,0.0,0.0,0.0,0.0,0.0,0.0,0.0,0.0,0.0,0.0,0.0,0.0,0.0,0.0,3.3473587665652417e-06,0.0,0.0,0.0,0.0,0.0,0.0,0.0,0.0,0.0,0.0,0.0,0.0,0.0,0.0,0.0,0.0,0.0,0.0,0.0,0.0,0.0,0.0,0.0,0.0,0.0,0.0,0.0,0.0,0.0,0.0,0.0,0.0,0.0,0.0,0.0,0.0,0.0,0.0,0.0,0.0,0.0,0.0,0.0,0.0,0.0,0.0,0.0,0.0,0.0,0.0,0.0,0.0,0.0,0.0,0.0,0.0,0.0,0.0,0.0,0.0,0.0,0.0,0.0,0.0,0.0,0.0,0.0,0.0,0.0,0.0,0.0,0.0,0.0,0.0,0.0,0.0,0.0,0.0,0.0,0.0,0.0,0.0,0.0,0.0,0.0,0.0,0.0,0.0,0.0,0.0,0.0,0.0,0.0,0.0,0.0,0.0,0.0,0.0,0.0,0.0,0.0,0.0,0.0,0.0,0.0,0.0,0.0,0.0,0.0,0.0,0.0,0.0,0.0,0.0,0.0,0.0,0.0,0.0,0.0,0.0,0.0,0.0,0.0,0.0,0.0,0.0,0.0,0.0,0.0,0.0,0.0,0.0,0.0,0.0,0.0,0.0,0.0,0.0,0.0,0.0,0.0,0.0,0.0,0.0,0.0,0.0,0.0,0.0,0.0,0.0,0.0,0.0,0.0,0.0,0.0,0.0,0.0,0.0,0.0,0.0,0.0,0.0,0.0,0.0,0.0,0.0,0.0,0.0,0.0,0.0,0.0,0.0,0.0,0.0,0.0,0.0,0.0,0.0,0.0,0.0,0.0,0.0,0.0,0.0,0.0,0.0,0.0,0.0,0.0,0.0,0.0,0.0,0.0,0.0,0.0,0.0,0.0,0.0,0.0,0.0,0.0,0.0,0.0,0.0,0.0,0.0,0.0,0.0,0.0,0.0,0.0,0.0,0.0,0.0,0.0,0.0,0.0,0.0,0.0,0.0,0.0,0.0,0.0,0.0,0.0,0.0,0.0,0.0,0.0,0.0,0.0,0.0,0.0,0.0,0.0,0.0,0.0,0.0,0.0,0.0,0.0,0.0,0.0,0.0,0.0,0.0,0.0,0.0,0.0,0.0,0.0,0.0,0.0,0.0,0.0,0.0,0.0,0.0,0.0,0.0,0.0,0.0,0.0,0.0,0.0,0.0,0.0,0.0,0.0,0.0,0.0,0.0,0.0,0.0,0.0,0.0,0.0,0.0,0.0,0.0,0.0,0.0,0.0,0.0,0.0,0.0,0.0,0.0,0.0,0.0,0.0,0.0,0.0,0.0,0.0,0.0,0.0,0.0,0.0,0.0,0.0,0.0,0.0,0.0,0.0,0.0,0.0,0.0,0.0,0.0,0.0,0.0,0.0,0.0,0.0,0.0,0.0,0.0,0.0,0.0,0.0,0.0,0.0,0.0,0.0,0.0,0.0,0.0,0.0,0.0,0.0,0.0,0.0,0.0,0.0,0.0,0.0
0.0,0.0,0.0,0.0,0.0,0.0,0.0,0.0,0.0,0.0,0.0,0.0,0.0,0.0,0.0,0.0,0.0,0.0,0.0,0.0,0.0,0.0,0.0,0.0,0.0,0.0,0.0,0.0,0.0,0.0,0.0,0.0,0.0,0.0,0.0,0.0,0.0,0.0,0.0,0.0,0.0,0.0,0.0,0.0,0.0,0.0,0.0,0.0,0.0,0.0,0.0,3.3473587665652417e-06,0.0,0.0,0.0,0.0,0.0,0.0,0.0,0.0,0.0,0.0,0.0,0.0,0.0,0.0,0.0,0.0,0.0,0.0,0.0,0.0,0.0,0.0,0.0,0.0,0.0,0.0,0.0,0.0,0.0,0.0,0.0,0.0,0.0,0.0,0.0,0.0,0.0,0.0,0.0,0.0,0.0,0.0,0.0,0.0,0.0,0.0,0.0,0.0,0.0,0.0,0.0,0.0,0.0,0.0,0.0,0.0,0.0,0.0,0.0,0.0,0.0,0.0,0.0,0.0,0.0,0.0,0.0,0.0,0.0,0.0,0.0,0.0,0.0,0.0,0.0,0.0,0.0,0.0,0.0,0.0,0.0,0.0,0.0,0.0,0.0,0.0,0.0,0.0,0.0,0.0,0.0,0.0,0.0,0.0,0.0,0.0,0.0,0.0,0.0,0.0,0.0,0.0,0.0,0.0,0.0,0.0,0.0,0.0,0.0,0.0,0.0,0.0,0.0,0.0,0.0,0.0,6.694717533130483e-06,0.0,0.0,0.0,0.0,0.0,0.0,0.0,0.0,0.0,0.0,0.0,3.3473587665652417e-06,0.0,0.0,0.0,0.0,0.0,0.0,0.0,0.0,0.0,0.0,0.0,0.0,0.0,0.0,0.0,0.0,0.0,0.0,0.0,0.0,0.0,0.0,0.0,0.0,0.0,0.0,0.0,0.0,0.0,0.0,0.0,0.0,0.0,0.0,0.0,0.0,0.0,0.0,0.0,0.0,0.0,0.0,0.0,0.0,0.0,0.0,0.0,0.0,0.0,0.0,0.0,0.0,0.0,0.0,0.0,0.0,0.0,0.0,0.0,0.0,0.0,0.0,0.0,0.0,0.0,0.0,0.0,0.0,0.0,0.0,0.0,0.0,0.0,0.0,0.0,0.0,0.0,0.0,0.0,0.0,0.0,0.0,0.0,0.0,0.0,0.0,0.0,3.3473587665652417e-06,0.0,0.0,0.0,0.0,0.0,0.0,0.0,0.0,0.0,0.0,0.0,0.0,0.0,0.0,0.0,0.0,0.0,0.0,0.0,0.0,0.0,0.0,0.0,0.0,0.0,0.0,0.0,0.0,0.0,0.0,0.0,0.0,0.0,0.0,0.0,0.0,0.0,0.0,0.0,0.0,0.0,0.0,0.0,0.0,0.0,0.0,0.0,0.0,0.0,0.0,0.0,0.0,0.0,0.0,0.0,0.0,0.0,0.0,0.0,0.0,0.0,0.0,0.0,0.0,0.0,0.0,0.0,0.0,0.0,0.0,0.0,0.0,0.0,0.0,0.0,0.0,0.0,0.0,0.0,0.0,0.0,0.0,0.0,0.0,0.0,0.0,0.0,0.0,0.0,0.0,0.0
0.0,0.0,0.0,0.0,0.0,0.0,0.0,0.0,0.0,0.0,0.0,0.0,0.0,0.0,0.0,0.0,0.0,0.0,0.0,0.0,0.0,0.0,0.0,0.0,0.0,0.0,0.0,0.0,0.0,0.0,0.0,0.0,0.0,0.0,0.0,0.0,0.0,0.0,0.0,0.0,0.0,0.0,0.0,0.0,0.0,0.0,0.0,0.0,0.0,0.0,0.0,0.0,0.0,0.0,0.0,0.0,0.0,0.0,0.0,0.0,0.0,0.0,0.0,0.0,0.0,0.0,0.0,0.0,0.0,0.0,0.0,0.0,0.0,0.0,0.0,0.0,0.0,0.0,0.0,0.0,0.0,0.0,0.0,0.0,0.0,0.0,0.0,0.0,0.0,0.0,0.0,0.0,0.0,0.0,0.0,0.0,0.0,0.0,0.0,0.0,0.0,0.0,0.0,0.0,0.0,0.0,0.0,0.0,0.0,0.0,0.0,0.0,0.0,0.0,0.0,0.0,0.0,0.0,0.0,0.0,0.0,0.0,0.0,0.0,0.0,0.0,0.0,0.0,0.0,0.0,0.0,0.0,0.0,0.0,0.0,0.0,0.0,0.0,0.0,0.0,0.0,0.0,0.0,0.0,0.0,0.0,0.0,0.0,0.0,0.0,0.0,3.3473587665652417e-06,0.0,0.0,0.0,0.0,0.0,0.0,0.0,0.0,0.0,0.0,0.0,0.0,0.0,0.0,0.0,0.0,0.0,0.0,0.0,0.0,0.0,0.0,0.0,0.0,0.0,0.0,0.0,0.0,0.0,0.0,0.0,0.0,0.0,0.0,0.0,0.0,0.0,0.0,0.0,0.0,0.0,0.0,0.0,0.0,0.0,0.0,0.0,0.0,0.0,0.0,0.0,0.0,0.0,0.0,0.0,0.0,0.0,0.0,0.0,0.0,0.0,0.0,0.0,0.0,0.0,0.0,0.0,0.0,0.0,0.0,0.0,0.0,0.0,0.0,0.0,0.0,0.0,0.0,0.0,0.0,3.3473587665652417e-06,0.0,0.0,0.0,0.0,0.0,0.0,0.0,0.0,3.3473587665652417e-06,0.0,0.0,0.0,0.0,0.0,0.0,0.0,0.0,0.0,0.0,0.0,3.3473587665652417e-06,0.0,0.0,0.0,0.0,0.0,0.0,0.0,0.0,0.0,0.0,0.0,0.0,0.0,0.0,0.0,0.0,0.0,0.0,0.0,0.0,0.0,0.0,0.0,0.0,0.0,0.0,0.0,0.0,0.0,0.0,0.0,0.0,0.0,0.0,0.0,0.0,0.0,0.0,0.0,0.0,0.0,0.0,0.0,0.0,0.0,0.0,0.0,0.0,0.0,0.0,0.0,0.0,0.0,0.0,0.0,0.0,0.0,0.0,0.0,0.0,0.0,0.0,0.0,0.0,0.0,0.0,0.0,0.0,0.0,0.0,0.0,0.0,0.0,0.0,0.0,0.0,0.0,0.0,0.0,0.0,0.0,0.0,0.0,0.0,0.0,0.0,0.0,0.0,0.0,0.0,0.0,0.0,0.0,0.0,0.0,0.0,0.0,0.0,0.0,0.0,0.0,0.0,0.0,0.0,0.0,0.0
0.0,0.0,0.0,0.0,0.0,0.0,0.0,0.0,0.0,0.0,0.0,0.0,0.0,0.0,0.0,0.0,0.0,0.0,0.0,0.0,0.0,0.0,0.0,0.0,0.0,0.0,0.0,0.0,0.0,0.0,0.0,0.0,0.0,0.0,0.0,0.0,0.0,0.0,0.0,0.0,0.0,0.0,0.0,0.0,0.0,0.0,0.0,0.0,0.0,0.0,0.0,0.0,0.0,0.0,0.0,0.0,0.0,0.0,0.0,0.0,0.0,0.0,0.0,0.0,0.0,0.0,0.0,0.0,0.0,0.0,0.0,0.0,0.0,0.0,0.0,0.0,0.0,0.0,0.0,0.0,0.0,0.0,0.0,0.0,0.0,0.0,0.0,0.0,0.0,0.0,0.0,0.0,0.0,0.0,0.0,0.0,0.0,0.0,0.0,0.0,0.0,0.0,0.0,0.0,0.0,0.0,0.0,0.0,0.0,0.0,0.0,0.0,0.0,0.0,0.0,0.0,0.0,0.0,0.0,0.0,0.0,0.0,0.0,0.0,0.0,3.3473587665652417e-06,0.0,3.3473587665652417e-06,0.0,0.0,0.0,0.0,0.0,0.0,0.0,0.0,0.0,0.0,0.0,0.0,0.0,0.0,0.0,0.0,0.0,0.0,0.0,0.0,0.0,0.0,0.0,0.0,0.0,0.0,0.0,0.0,3.3473587665652417e-06,0.0,0.0,3.3473587665652417e-06,0.0,0.0,0.0,0.0,0.0,0.0,0.0,0.0,0.0,0.0,0.0,0.0,0.0,0.0,0.0,0.0,0.0,0.0,0.0,0.0,0.0,0.0,0.0,0.0,0.0,0.0,0.0,0.0,0.0,0.0,0.0,0.0,0.0,0.0,0.0,0.0,0.0,0.0,0.0,0.0,0.0,0.0,0.0,0.0,0.0,0.0,0.0,0.0,0.0,0.0,0.0,0.0,0.0,0.0,0.0,0.0,0.0,0.0,0.0,0.0,0.0,0.0,0.0,0.0,3.3473587665652417e-06,0.0,0.0,0.0,0.0,0.0,0.0,0.0,0.0,0.0,0.0,0.0,0.0,0.0,0.0,0.0,0.0,0.0,0.0,0.0,0.0,0.0,0.0,0.0,3.3473587665652417e-06,0.0,0.0,0.0,0.0,0.0,0.0,0.0,0.0,0.0,0.0,0.0,0.0,0.0,0.0,0.0,0.0,0.0,0.0,0.0,0.0,0.0,0.0,0.0,0.0,0.0,0.0,0.0,0.0,0.0,0.0,0.0,0.0,0.0,0.0,0.0,0.0,0.0,0.0,0.0,0.0,0.0,0.0,0.0,0.0,0.0,0.0,0.0,0.0,0.0,0.0,0.0,0.0,0.0,3.3473587665652417e-06,0.0,0.0,0.0,0.0,0.0,0.0,0.0,0.0,0.0,0.0,0.0,0.0,0.0,0.0,0.0,0.0,0.0,0.0,0.0,0.0,0.0,0.0,0.0,0.0,0.0,0.0,0.0,0.0,0.0,0.0,0.0,0.0,0.0,0.0,0.0,0.0,0.0,0.0,0.0,0.0,0.0,0.0,0.0,0.0,0.0,0.0,0.0,0.0,0.0,0.0,0.0,0.0,0.0,0.0,0.0,0.0,0.0
0.0,0.0,0.0,0.0,0.0,0.0,0.0,0.0,0.0,0.0,0.0,0.0,0.0,0.0,0.0,0.0,0.0,0.0,0.0,0.0,0.0,0.0,0.0,0.0,0.0,0.0,0.0,0.0,0.0,0.0,3.3473587665652417e-06,0.0,0.0,0.0,0.0,0.0,0.0,0.0,0.0,0.0,0.0,0.0,0.0,0.0,0.0,0.0,0.0,0.0,0.0,0.0,0.0,0.0,0.0,0.0,0.0,0.0,0.0,0.0,0.0,0.0,0.0,0.0,0.0,0.0,0.0,0.0,0.0,0.0,0.0,0.0,0.0,0.0,0.0,0.0,0.0,0.0,0.0,0.0,0.0,0.0,0.0,0.0,0.0,0.0,0.0,0.0,0.0,0.0,0.0,0.0,0.0,0.0,0.0,0.0,0.0,0.0,0.0,0.0,0.0,0.0,0.0,0.0,0.0,0.0,0.0,0.0,0.0,0.0,0.0,0.0,0.0,0.0,0.0,0.0,0.0,0.0,0.0,0.0,0.0,0.0,0.0,0.0,0.0,0.0,0.0,0.0,0.0,0.0,0.0,3.3473587665652417e-06,0.0,0.0,0.0,0.0,3.3473587665652417e-06,0.0,0.0,0.0,0.0,0.0,0.0,0.0,0.0,0.0,0.0,0.0,0.0,0.0,0.0,0.0,0.0,0.0,0.0,0.0,0.0,0.0,0.0,0.0,0.0,0.0,0.0,0.0,0.0,0.0,0.0,0.0,0.0,0.0,0.0,0.0,0.0,0.0,0.0,0.0,0.0,0.0,0.0,0.0,0.0,0.0,0.0,0.0,0.0,0.0,0.0,0.0,0.0,0.0,0.0,0.0,0.0,0.0,0.0,0.0,0.0,0.0,0.0,0.0,0.0,0.0,0.0,0.0,0.0,0.0,0.0,0.0,0.0,0.0,0.0,0.0,0.0,0.0,0.0,0.0,0.0,0.0,0.0,0.0,0.0,0.0,0.0,0.0,0.0,0.0,0.0,0.0,0.0,0.0,3.3473587665652417e-06,0.0,0.0,0.0,0.0,0.0,0.0,0.0,0.0,0.0,0.0,0.0,0.0,0.0,0.0,0.0,0.0,0.0,0.0,0.0,0.0,0.0,0.0,0.0,0.0,0.0,0.0,0.0,0.0,0.0,0.0,0.0,0.0,0.0,0.0,0.0,0.0,0.0,0.0,0.0,0.0,0.0,0.0,0.0,0.0,0.0,0.0,0.0,0.0,3.3473587665652417e-06,0.0,0.0,0.0,0.0,0.0,0.0,0.0,0.0,0.0,0.0,0.0,0.0,0.0,0.0,0.0,0.0,0.0,0.0,0.0,0.0,0.0,0.0,0.0,0.0,0.0,0.0,0.0,0.0,0.0,0.0,0.0,0.0,0.0,0.0,0.0,0.0,0.0,0.0,0.0,0.0,0.0,0.0,0.0,0.0,0.0,0.0,0.0,0.0,0.0,0.0,0.0,0.0,0.0,0.0,0.0,0.0,0.0,0.0,0.0,0.0,0.0,0.0,0.0,0.0,0.0,0.0,0.0,0.0,0.0,0.0,0.0,0.0,0.0,0.0,0.0,0.0,0.0,0.0,0.0,0.0,0.0,0.0
0.0,0.0,0.0,0.0,0.0,0.0,0.0,0.0,0.0,0.0,0.0,0.0,0.0,0.0,0.0,0.0,0.0,0.0,0.0,0.0,0.0,0.0,0.0,0.0,0.0,0.0,0.0,0.0,0.0,0.0,0.0,0.0,0.0,0.0,0.0,0.0,0.0,0.0,0.0,0.0,0.0,0.0,0.0,0.0,0.0,0.0,0.0,0.0,0.0,0.0,0.0,0.0,0.0,0.0,0.0,0.0,0.0,0.0,0.0,0.0,0.0,0.0,0.0,0.0,0.0,0.0,0.0,0.0,0.0,0.0,0.0,0.0,0.0,0.0,0.0,0.0,0.0,0.0,0.0,0.0,0.0,0.0,0.0,0.0,0.0,0.0,0.0,0.0,0.0,0.0,0.0,0.0,0.0,0.0,0.0,0.0,0.0,0.0,0.0,0.0,0.0,0.0,0.0,0.0,0.0,0.0,0.0,0.0,0.0,0.0,0.0,0.0,0.0,0.0,0.0,0.0,0.0,0.0,0.0,0.0,0.0,0.0,0.0,0.0,3.3473587665652417e-06,0.0,0.0,0.0,0.0,0.0,0.0,0.0,0.0,0.0,0.0,0.0,0.0,0.0,0.0,0.0,0.0,3.3473587665652417e-06,0.0,0.0,0.0,0.0,0.0,0.0,0.0,0.0,0.0,0.0,0.0,0.0,0.0,0.0,0.0,0.0,0.0,0.0,0.0,0.0,0.0,0.0,0.0,0.0,0.0,0.0,0.0,0.0,0.0,0.0,0.0,0.0,0.0,0.0,0.0,0.0,0.0,0.0,0.0,0.0,0.0,0.0,0.0,0.0,0.0,0.0,0.0,0.0,0.0,0.0,0.0,0.0,0.0,0.0,0.0,0.0,0.0,0.0,0.0,0.0,0.0,0.0,0.0,0.0,0.0,0.0,0.0,0.0,0.0,0.0,0.0,0.0,0.0,0.0,0.0,0.0,0.0,0.0,0.0,0.0,0.0,0.0,0.0,0.0,0.0,0.0,0.0,0.0,0.0,0.0,0.0,0.0,0.0,0.0,0.0,0.0,0.0,0.0,0.0,3.3473587665652417e-06,0.0,0.0,0.0,0.0,0.0,0.0,0.0,0.0,0.0,0.0,0.0,0.0,0.0,0.0,0.0,0.0,0.0,0.0,0.0,0.0,0.0,0.0,0.0,0.0,0.0,0.0,0.0,0.0,3.3473587665652417e-06,0.0,0.0,0.0,0.0,0.0,0.0,0.0,0.0,0.0,0.0,0.0,0.0,0.0,0.0,0.0,0.0,0.0,0.0,0.0,0.0,0.0,0.0,0.0,0.0,0.0,0.0,0.0,0.0,0.0,0.0,0.0,0.0,0.0,0.0,0.0,0.0,0.0,0.0,0.0,0.0,0.0,0.0,0.0,0.0,0.0,0.0,0.0,0.0,0.0,0.0,0.0,0.0,0.0,0.0,0.0,0.0,0.0,0.0,0.0,0.0,0.0,0.0,0.0,0.0,0.0,0.0,0.0,0.0,0.0,0.0,0.0,0.0,0.0,0.0,0.0,0.0,0.0,0.0,0.0,0.0,0.0,0.0,0.0,0.0,3.3473587665652417e-06,0.0,0.0,0.0,0.0
0.0,0.0,0.0,0.0,0.0,0.0,0.0,0.0,0.0,0.0,0.0,0.0,0.0,0.0,0.0,0.0,0.0,0.0,0.0,0.0,0.0,0.0,0.0,0.0,0.0,0.0,0.0,0.0,0.0,0.0,0.0,0.0,0.0,0.0,0.0,0.0,0.0,3.3473587665652417e-06,0.0,0.0,0.0,0.0,0.0,0.0,0.0,0.0,0.0,0.0,0.0,0.0,0.0,0.0,0.0,0.0,0.0,0.0,0.0,0.0,0.0,0.0,0.0,0.0,0.0,0.0,0.0,0.0,0.0,0.0,0.0,0.0,0.0,0.0,0.0,0.0,0.0,0.0,0.0,0.0,0.0,0.0,0.0,0.0,0.0,0.0,0.0,0.0,0.0,0.0,0.0,0.0,0.0,0.0,0.0,3.3473587665652417e-06,0.0,0.0,0.0,0.0,0.0,0.0,0.0,0.0,0.0,0.0,0.0,0.0,0.0,0.0,0.0,0.0,0.0,0.0,0.0,0.0,0.0,0.0,0.0,0.0,0.0,0.0,0.0,0.0,0.0,0.0,0.0,0.0,0.0,0.0,3.3473587665652417e-06,0.0,0.0,0.0,0.0,0.0,0.0,0.0,3.3473587665652417e-06,0.0,0.0,0.0,0.0,0.0,0.0,0.0,0.0,0.0,0.0,0.0,0.0,0.0,0.0,0.0,0.0,0.0,0.0,0.0,0.0,0.0,0.0,0.0,0.0,3.3473587665652417e-06,0.0,0.0,0.0,0.0,0.0,0.0,0.0,0.0,0.0,3.3473587665652417e-06,0.0,0.0,0.0,0.0,0.0,0.0,0.0,0.0,0.0,0.0,0.0,0.0,0.0,0.0,0.0,0.0,0.0,0.0,0.0,0.0,0.0,0.0,0.0,0.0,0.0,0.0,0.0,0.0,0.0,0.0,0.0,0.0,0.0,0.0,0.0,0.0,0.0,0.0,0.0,0.0,0.0,0.0,0.0,0.0,0.0,0.0,0.0,0.0,0.0,0.0,0.0,0.0,0.0,0.0,0.0,0.0,0.0,0.0,0.0,0.0,0.0,0.0,0.0,0.0,0.0,0.0,0.0,0.0,0.0,0.0,0.0,0.0,0.0,0.0,0.0,0.0,0.0,0.0,0.0,0.0,0.0,0.0,0.0,3.3473587665652417e-06,0.0,0.0,0.0,0.0,0.0,0.0,0.0,0.0,0.0,0.0,0.0,0.0,0.0,0.0,0.0,0.0,0.0,0.0,0.0,0.0,0.0,0.0,0.0,0.0,0.0,0.0,0.0,0.0,0.0,0.0,0.0,0.0,0.0,0.0,0.0,0.0,0.0,0.0,0.0,0.0,0.0,0.0,0.0,0.0,0.0,0.0,0.0,0.0,0.0,0.0,0.0,0.0,0.0,0.0,0.0,0.0,0.0,0.0,0.0,0.0,0.0,0.0,0.0,0.0,0.0,0.0,0.0,0.0,0.0,0.0,0.0,0.0,0.0,0.0,0.0,0.0,0.0,0.0,0.0,0.0,0.0,0.0,0.0,0.0,0.0,0.0,0.0,0.0,0.0,0.0,0.0,0.0,0.0,0.0,0.0,0.0,0.0,0.0,0.0,0.0,0.0,0.0,0.0,0.0
0.0,0.0,0.0,0.0,0.0,0.0,0.0,0.0,0.0,0.0,0.0,0.0,0.0,0.0,0.0,0.0,0.0,0.0,0.0,0.0,0.0,0.0,0.0,0.0,0.0,0.0,0.0,0.0,0.0,0.0,0.0,0.0,0.0,0.0,0.0,0.0,0.0,0.0,0.0,0.0,0.0,0.0,0.0,0.0,0.0,0.0,0.0,0.0,0.0,0.0,0.0,0.0,0.0,0.0,0.0,0.0,0.0,0.0,0.0,0.0,0.0,0.0,0.0,0.0,0.0,0.0,0.0,0.0,0.0,0.0,0.0,0.0,0.0,0.0,0.0,0.0,0.0,0.0,0.0,0.0,0.0,0.0,0.0,0.0,0.0,0.0,0.0,0.0,0.0,0.0,0.0,0.0,0.0,0.0,0.0,0.0,0.0,0.0,0.0,0.0,0.0,0.0,0.0,0.0,0.0,0.0,0.0,0.0,0.0,0.0,0.0,0.0,0.0,0.0,0.0,0.0,0.0,0.0,0.0,0.0,0.0,0.0,0.0,0.0,0.0,0.0,0.0,0.0,3.3473587665652417e-06,0.0,0.0,0.0,0.0,0.0,0.0,0.0,0.0,0.0,0.0,0.0,0.0,3.3473587665652417e-06,0.0,0.0,0.0,0.0,0.0,0.0,0.0,0.0,0.0,0.0,0.0,0.0,0.0,0.0,0.0,0.0,0.0,0.0,0.0,0.0,0.0,0.0,0.0,0.0,0.0,0.0,0.0,0.0,0.0,0.0,0.0,0.0,0.0,0.0,0.0,0.0,0.0,0.0,0.0,0.0,0.0,0.0,0.0,0.0,0.0,0.0,0.0,0.0,0.0,0.0,0.0,0.0,0.0,0.0,0.0,0.0,0.0,0.0,0.0,0.0,0.0,0.0,0.0,0.0,0.0,0.0,0.0,0.0,0.0,0.0,0.0,0.0,0.0,0.0,0.0,0.0,0.0,0.0,0.0,0.0,0.0,0.0,0.0,0.0,0.0,0.0,0.0,0.0,0.0,0.0,0.0,0.0,0.0,0.0,0.0,0.0,0.0,0.0,0.0,0.0,0.0,0.0,0.0,0.0,0.0,0.0,0.0,0.0,0.0,0.0,0.0,0.0,0.0,0.0,0.0,0.0,0.0,0.0,0.0,0.0,0.0,0.0,0.0,0.0,0.0,0.0,0.0,0.0,0.0,0.0,0.0,0.0,0.0,0.0,0.0,0.0,0.0,0.0,0.0,0.0,0.0,0.0,0.0,0.0,0.0,0.0,0.0,0.0,0.0,0.0,0.0,0.0,0.0,0.0,0.0,0.0,0.0,0.0,0.0,0.0,0.0,0.0,0.0,0.0,0.0,0.0,0.0,0.0,0.0,0.0,0.0,0.0,0.0,0.0,0.0,0.0,0.0,0.0,0.0,0.0,0.0,0.0,0.0,0.0,0.0,0.0,0.0,0.0,0.0,0.0,0.0,0.0,0.0,0.0,0.0,0.0,0.0,0.0,0.0,0.0,0.0,0.0,0.0,0.0,0.0,0.0,0.0,0.0,0.0,0.0,0.0,0.0,0.0,0.0,0.0,0.0,0.0,0.0
0.0,0.0,0.0,0.0,0.0,0.0,0.0,0.0,0.0,0.0,0.0,0.0,0.0,0.0,0.0,0.0,0.0,0.0,0.0,0.0,0.0,0.0,0.0,0.0,0.0,0.0,0.0,0.0,0.0,0.0,0.0,0.0,0.0,0.0,0.0,0.0,0.0,0.0,0.0,0.0,0.0,0.0,0.0,0.0,0.0,0.0,0.0,0.0,0.0,0.0,0.0,0.0,0.0,0.0,0.0,0.0,0.0,0.0,0.0,0.0,0.0,0.0,0.0,0.0,0.0,0.0,0.0,0.0,0.0,0.0,6.694717533130483e-06,0.0,0.0,0.0,0.0,0.0,0.0,0.0,0.0,0.0,0.0,0.0,0.0,0.0,0.0,0.0,0.0,0.0,0.0,0.0,0.0,0.0,0.0,0.0,0.0,0.0,0.0,0.0,0.0,0.0,0.0,0.0,0.0,0.0,0.0,0.0,0.0,0.0,0.0,0.0,0.0,0.0,0.0,0.0,0.0,0.0,0.0,0.0,0.0,0.0,0.0,0.0,0.0,0.0,0.0,0.0,0.0,0.0,0.0,0.0,0.0,0.0,0.0,0.0,0.0,0.0,0.0,0.0,0.0,0.0,0.0,0.0,0.0,0.0,0.0,0.0,0.0,0.0,0.0,0.0,0.0,0.0,0.0,0.0,0.0,0.0,0.0,0.0,0.0,0.0,0.0,0.0,0.0,0.0,0.0,0.0,0.0,0.0,0.0,0.0,0.0,0.0,0.0,0.0,0.0,0.0,0.0,0.0,0.0,0.0,0.0,0.0,0.0,0.0,0.0,0.0,0.0,0.0,0.0,0.0,0.0,0.0,0.0,0.0,0.0,0.0,0.0,0.0,0.0,0.0,0.0,0.0,0.0,0.0,0.0,0.0,0.0,0.0,0.0,0.0,0.0,0.0,0.0,0.0,0.0,0.0,0.0,0.0,0.0,0.0,0.0,0.0,0.0,0.0,0.0,0.0,0.0,0.0,0.0,0.0,0.0,0.0,0.0,0.0,0.0,0.0,0.0,0.0,0.0,0.0,0.0,0.0,0.0,0.0,0.0,0.0,0.0,0.0,0.0,0.0,0.0,0.0,0.0,0.0,0.0,0.0,0.0,0.0,0.0,0.0,0.0,0.0,0.0,0.0,0.0,0.0,0.0,0.0,0.0,0.0,0.0,0.0,0.0,0.0,0.0,0.0,0.0,0.0,0.0,0.0,0.0,0.0,0.0,0.0,0.0,0.0,0.0,0.0,0.0,0.0,0.0,0.0,0.0,0.0,0.0,0.0,0.0,0.0,0.0,0.0,0.0,0.0,0.0,0.0,0.0,0.0,0.0,0.0,0.0,0.0,0.0,0.0,0.0,0.0,0.0,0.0,0.0,0.0,0.0,0.0,0.0,0.0,0.0,0.0,0.0,0.0,0.0,0.0,0.0,0.0,0.0,0.0,0.0,0.0,0.0,0.0,0.0,0.0,0.0,0.0,0.0,0.0,0.0,0.0,0.0,0.0,0.0,0.0,0.0,0.0,0.0,0.0,0.0,0.0,0.0,0.0,0.0,0.0,0.0,0.0
0.0,0.0,0.0,0.0,0.0,0.0,0.0,0.0,0.0,0.0,0.0,0.0,0.0,0.0,0.0,0.0,0.0,0.0,0.0,0.0,0.0,0.0,0.0,0.0,0.0,0.0,0.0,0.0,0.0,0.0,0.0,0.0,0.0,0.0,0.0,0.0,0.0,0.0,0.0,0.0,0.0,0.0,0.0,0.0,0.0,0.0,0.0,0.0,0.0,0.0,0.0,0.0,0.0,0.0,0.0,0.0,0.0,0.0,0.0,0.0,0.0,0.0,0.0,0.0,0.0,0.0,0.0,0.0,0.0,0.0,0.0,0.0,0.0,0.0,0.0,0.0,0.0,0.0,0.0,0.0,0.0,0.0,0.0,0.0,0.0,0.0,0.0,0.0,0.0,0.0,0.0,0.0,0.0,0.0,0.0,0.0,0.0,0.0,0.0,0.0,0.0,0.0,0.0,0.0,0.0,0.0,0.0,0.0,0.0,0.0,0.0,0.0,0.0,0.0,0.0,0.0,0.0,0.0,0.0,0.0,0.0,0.0,0.0,0.0,0.0,0.0,0.0,0.0,0.0,0.0,0.0,0.0,0.0,0.0,0.0,0.0,0.0,0.0,0.0,0.0,0.0,0.0,0.0,0.0,0.0,0.0,0.0,0.0,0.0,0.0,0.0,0.0,0.0,0.0,0.0,0.0,0.0,0.0,0.0,0.0,0.0,0.0,0.0,0.0,0.0,0.0,0.0,0.0,0.0,0.0,0.0,0.0,0.0,0.0,0.0,0.0,0.0,0.0,0.0,0.0,0.0,0.0,0.0,0.0,0.0,0.0,0.0,0.0,0.0,0.0,0.0,0.0,0.0,0.0,0.0,0.0,0.0,0.0,0.0,0.0,0.0,0.0,0.0,0.0,0.0,0.0,0.0,0.0,0.0,0.0,0.0,0.0,0.0,0.0,0.0,0.0,0.0,0.0,0.0,0.0,0.0,3.3473587665652417e-06,0.0,0.0,0.0,0.0,0.0,0.0,0.0,0.0,0.0,0.0,0.0,0.0,0.0,0.0,0.0,0.0,0.0,0.0,0.0,0.0,0.0,0.0,0.0,0.0,0.0,0.0,0.0,0.0,0.0,0.0,0.0,0.0,0.0,0.0,0.0,0.0,0.0,0.0,0.0,0.0,0.0,0.0,0.0,0.0,0.0,0.0,0.0,0.0,0.0,0.0,0.0,0.0,0.0,0.0,0.0,0.0,0.0,0.0,0.0,0.0,0.0,0.0,0.0,0.0,0.0,0.0,0.0,0.0,0.0,0.0,3.3473587665652417e-06,0.0,0.0,0.0,0.0,0.0,0.0,0.0,0.0,0.0,0.0,0.0,0.0,0.0,0.0,0.0,0.0,0.0,0.0,0.0,0.0,0.0,0.0,0.0,0.0,0.0,0.0,0.0,0.0,0.0,0.0,0.0,0.0,0.0,0.0,0.0,0.0,0.0,0.0,0.0,0.0,0.0,0.0,0.0,0.0,0.0,0.0,0.0,0.0,0.0,0.0,0.0,0.0,0.0,0.0,0.0,0.0,0.0,0.0,0.0,0.0,0.0,0.0,0.0,0.0,0.0,0.0,0.0
0.0,0.0,0.0,0.0,0.0,0.0,0.0,0.0,0.0,0.0,0.0,0.0,0.0,0.0,0.0,0.0,0.0,0.0,0.0,0.0,0.0,0.0,0.0,0.0,0.0,0.0,0.0,0.0,0.0,0.0,0.0,0.0,0.0,0.0,0.0,0.0,0.0,0.0,0.0,0.0,0.0,0.0,0.0,0.0,0.0,0.0,0.0,0.0,0.0,0.0,0.0,0.0,0.0,0.0,0.0,0.0,0.0,0.0,0.0,0.0,0.0,0.0,0.0,0.0,0.0,0.0,0.0,0.0,0.0,0.0,0.0,0.0,0.0,0.0,0.0,0.0,0.0,0.0,0.0,0.0,0.0,0.0,0.0,0.0,0.0,0.0,0.0,0.0,0.0,0.0,0.0,0.0,0.0,0.0,0.0,0.0,0.0,0.0,0.0,0.0,0.0,0.0,0.0,0.0,0.0,0.0,0.0,0.0,0.0,0.0,0.0,0.0,0.0,0.0,0.0,0.0,0.0,0.0,0.0,0.0,0.0,0.0,0.0,0.0,0.0,0.0,0.0,0.0,0.0,0.0,0.0,0.0,0.0,0.0,0.0,0.0,0.0,0.0,0.0,0.0,0.0,0.0,0.0,0.0,0.0,0.0,0.0,0.0,0.0,0.0,0.0,0.0,0.0,0.0,0.0,0.0,0.0,0.0,0.0,0.0,0.0,0.0,0.0,3.3473587665652417e-06,0.0,0.0,0.0,0.0,0.0,0.0,0.0,0.0,0.0,0.0,0.0,0.0,0.0,0.0,0.0,0.0,0.0,0.0,0.0,0.0,0.0,0.0,0.0,0.0,0.0,0.0,0.0,0.0,0.0,0.0,0.0,0.0,0.0,0.0,0.0,0.0,0.0,0.0,0.0,0.0,0.0,0.0,0.0,0.0,0.0,0.0,0.0,0.0,0.0,0.0,0.0,0.0,0.0,0.0,0.0,0.0,0.0,0.0,0.0,0.0,0.0,0.0,0.0,0.0,0.0,0.0,0.0,0.0,0.0,0.0,0.0,0.0,0.0,0.0,0.0,0.0,0.0,0.0,0.0,0.0,0.0,0.0,0.0,0.0,0.0,0.0,0.0,0.0,0.0,0.0,0.0,0.0,0.0,0.0,0.0,0.0,0.0,0.0,0.0,0.0,0.0,0.0,0.0,0.0,0.0,0.0,0.0,0.0,0.0,0.0,0.0,0.0,0.0,0.0,0.0,0.0,0.0,0.0,0.0,0.0,0.0,0.0,0.0,0.0,0.0,0.0,0.0,0.0,0.0,0.0,0.0,0.0,0.0,0.0,0.0,0.0,0.0,0.0,0.0,0.0,0.0,0.0,0.0,0.0,0.0,0.0,0.0,0.0,0.0,0.0,0.0,0.0,0.0,0.0,0.0,0.0,0.0,0.0,0.0,0.0,0.0,0.0,0.0,0.0,0.0,0.0,0.0,0.0,0.0,0.0,0.0,0.0,0.0,0.0,0.0,0.0,0.0,0.0,0.0,0.0,0.0,0.0,0.0,0.0,0.0,0.0,0.0,0.0,0.0,0.0,0.0,0.0,0.0,0.0,0.0,0.0
0.0,0.0,0.0,0.0,0.0,0.0,0.0,0.0,0.0,0.0,0.0,0.0,0.0,0.0,0.0,0.0,0.0,0.0,0.0,0.0,0.0,0.0,0.0,0.0,0.0,0.0,0.0,0.0,0.0,0.0,0.0,0.0,0.0,0.0,0.0,0.0,0.0,0.0,0.0,0.0,0.0,0.0,0.0,0.0,0.0,0.0,0.0,0.0,0.0,0.0,0.0,0.0,0.0,0.0,0.0,0.0,0.0,0.0,0.0,0.0,0.0,0.0,0.0,0.0,0.0,0.0,0.0,0.0,0.0,0.0,0.0,0.0,0.0,0.0,0.0,0.0,0.0,0.0,0.0,0.0,0.0,0.0,0.0,0.0,0.0,0.0,0.0,0.0,0.0,0.0,0.0,0.0,0.0,0.0,3.3473587665652417e-06,0.0,0.0,0.0,0.0,0.0,0.0,0.0,0.0,0.0,0.0,0.0,0.0,0.0,0.0,0.0,0.0,0.0,0.0,0.0,0.0,0.0,0.0,0.0,0.0,0.0,0.0,0.0,0.0,0.0,0.0,0.0,0.0,0.0,0.0,0.0,0.0,0.0,0.0,0.0,0.0,0.0,0.0,0.0,0.0,0.0,0.0,0.0,3.3473587665652417e-06,0.0,0.0,0.0,0.0,0.0,0.0,0.0,0.0,0.0,0.0,0.0,0.0,0.0,0.0,0.0,0.0,0.0,0.0,0.0,0.0,0.0,0.0,0.0,0.0,0.0,0.0,0.0,0.0,0.0,0.0,0.0,0.0,0.0,0.0,0.0,0.0,0.0,0.0,0.0,0.0,0.0,0.0,0.0,0.0,0.0,0.0,0.0,0.0,0.0,0.0,0.0,0.0,0.0,0.0,0.0,0.0,0.0,0.0,0.0,0.0,0.0,0.0,0.0,0.0,0.0,0.0,0.0,0.0,0.0,0.0,0.0,0.0,0.0,0.0,0.0,0.0,0.0,0.0,0.0,0.0,0.0,0.0,0.0,0.0,0.0,0.0,0.0,0.0,0.0,0.0,0.0,0.0,0.0,0.0,3.3473587665652417e-06,0.0,0.0,0.0,0.0,0.0,0.0,0.0,0.0,0.0,0.0,0.0,0.0,0.0,0.0,0.0,0.0,0.0,0.0,0.0,0.0,0.0,0.0,0.0,0.0,0.0,0.0,0.0,0.0,0.0,0.0,0.0,0.0,0.0,0.0,0.0,0.0,0.0,0.0,0.0,0.0,0.0,0.0,0.0,0.0,0.0,0.0,0.0,0.0,0.0,0.0,0.0,0.0,0.0,0.0,0.0,0.0,0.0,0.0,0.0,0.0,0.0,0.0,0.0,0.0,0.0,0.0,0.0,0.0,0.0,0.0,0.0,0.0,0.0,0.0,0.0,0.0,0.0,0.0,0.0,0.0,0.0,0.0,0.0,0.0,0.0,0.0,0.0,0.0,0.0,0.0,0.0,0.0,0.0,0.0,0.0,0.0,0.0,0.0,0.0,0.0,0.0,0.0,0.0,0.0,0.0,0.0,0.0,0.0,0.0,0.0,0.0,0.0,0.0,0.0,0.0,0.0,0.0,0.0,0.0,0.0,0.0,0.0
0.0,0.0,0.0,0.0,0.0,0.0,0.0,0.0,0.0,0.0,0.0,0.0,0.0,0.0,0.0,0.0,0.0,0.0,0.0,0.0,0.0,0.0,0.0,0.0,0.0,0.0,0.0,0.0,0.0,0.0,0.0,0.0,0.0,0.0,0.0,0.0,0.0,0.0,0.0,0.0,0.0,0.0,0.0,0.0,0.0,0.0,0.0,0.0,0.0,0.0,0.0,0.0,0.0,0.0,0.0,0.0,0.0,0.0,0.0,0.0,0.0,0.0,0.0,0.0,0.0,0.0,0.0,0.0,0.0,0.0,0.0,0.0,0.0,0.0,0.0,0.0,0.0,0.0,0.0,0.0,0.0,0.0,0.0,0.0,0.0,0.0,0.0,0.0,0.0,0.0,0.0,0.0,0.0,0.0,0.0,0.0,0.0,0.0,0.0,0.0,0.0,0.0,0.0,0.0,0.0,0.0,0.0,0.0,0.0,0.0,0.0,0.0,0.0,0.0,0.0,0.0,0.0,0.0,0.0,0.0,0.0,0.0,0.0,0.0,0.0,0.0,0.0,0.0,0.0,0.0,0.0,0.0,0.0,0.0,0.0,0.0,0.0,0.0,0.0,0.0,0.0,0.0,3.3473587665652417e-06,0.0,0.0,0.0,0.0,0.0,0.0,0.0,0.0,0.0,0.0,0.0,0.0,0.0,0.0,0.0,0.0,0.0,0.0,0.0,0.0,0.0,0.0,0.0,0.0,0.0,0.0,0.0,0.0,0.0,0.0,0.0,0.0,0.0,0.0,0.0,0.0,0.0,0.0,0.0,0.0,0.0,0.0,0.0,0.0,0.0,0.0,0.0,0.0,0.0,0.0,0.0,0.0,0.0,0.0,0.0,0.0,0.0,0.0,0.0,0.0,0.0,0.0,0.0,0.0,0.0,0.0,0.0,0.0,0.0,0.0,0.0,0.0,0.0,0.0,0.0,0.0,0.0,0.0,0.0,0.0,0.0,0.0,0.0,0.0,0.0,0.0,0.0,0.0,0.0,0.0,0.0,0.0,0.0,0.0,0.0,0.0,0.0,0.0,0.0,0.0,0.0,0.0,0.0,0.0,0.0,0.0,0.0,0.0,0.0,0.0,0.0,0.0,0.0,0.0,0.0,0.0,0.0,0.0,0.0,0.0,0.0,0.0,0.0,0.0,6.694717533130483e-06,0.0,0.0,0.0,0.0,0.0,0.0,0.0,0.0,0.0,0.0,0.0,0.0,0.0,0.0,0.0,0.0,0.0,0.0,0.0,0.0,0.0,0.0,0.0,0.0,0.0,0.0,0.0,0.0,0.0,0.0,0.0,0.0,0.0,0.0,0.0,0.0,0.0,0.0,0.0,0.0,0.0,0.0,0.0,0.0,0.0,0.0,0.0,0.0,0.0,0.0,0.0,0.0,0.0,0.0,0.0,0.0,0.0,0.0,0.0,0.0,0.0,0.0,0.0,0.0,0.0,0.0,0.0,0.0,0.0,0.0,0.0,0.0,0.0,0.0,0.0,0.0,0.0,0.0,0.0,0.0,0.0,0.0,0.0,0.0,0.0,0.0,0.0,0.0,0.0,0.0,0.0,0.0
0.0,0.0,0.0,0.0,0.0,0.0,0.0,0.0,0.0,0.0,0.0,0.0,0.0,0.0,0.0,0.0,0.0,0.0,0.0,0.0,0.0,0.0,0.0,0.0,0.0,0.0,0.0,0.0,0.0,0.0,0.0,0.0,0.0,0.0,0.0,0.0,0.0,0.0,0.0,0.0,0.0,3.3473587665652417e-06,0.0,0.0,0.0,0.0,0.0,0.0,0.0,0.0,0.0,0.0,0.0,0.0,0.0,0.0,0.0,0.0,0.0,0.0,0.0,0.0,0.0,0.0,0.0,0.0,0.0,0.0,0.0,0.0,0.0,0.0,0.0,0.0,0.0,0.0,0.0,0.0,0.0,0.0,0.0,0.0,0.0,0.0,0.0,0.0,0.0,0.0,0.0,0.0,0.0,0.0,0.0,0.0,0.0,0.0,0.0,0.0,0.0,0.0,0.0,0.0,0.0,0.0,0.0,0.0,0.0,0.0,0.0,0.0,0.0,0.0,0.0,0.0,0.0,0.0,0.0,0.0,0.0,0.0,0.0,0.0,0.0,0.0,0.0,0.0,0.0,0.0,0.0,0.0,0.0,0.0,0.0,0.0,0.0,0.0,0.0,0.0,0.0,0.0,0.0,0.0,3.3473587665652417e-06,0.0,0.0,0.0,0.0,0.0,0.0,0.0,0.0,0.0,0.0,0.0,0.0,0.0,0.0,0.0,0.0,0.0,0.0,0.0,0.0,0.0,0.0,0.0,0.0,0.0,0.0,0.0,0.0,0.0,0.0,0.0,0.0,0.0,0.0,0.0,0.0,0.0,0.0,0.0,0.0,0.0,0.0,0.0,0.0,0.0,0.0,0.0,0.0,0.0,0.0,0.0,0.0,0.0,0.0,0.0,0.0,0.0,0.0,0.0,0.0,0.0,0.0,0.0,0.0,0.0,0.0,0.0,0.0,0.0,0.0,0.0,0.0,0.0,0.0,0.0,0.0,0.0,0.0,0.0,0.0,0.0,0.0,0.0,0.0,0.0,0.0,0.0,0.0,0.0,0.0,0.0,0.0,0.0,0.0,0.0,0.0,0.0,0.0,0.0,0.0,0.0,0.0,0.0,0.0,0.0,0.0,0.0,0.0,0.0,0.0,0.0,0.0,0.0,0.0,0.0,0.0,0.0,0.0,0.0,0.0,0.0,0.0,0.0,0.0,0.0,0.0,0.0,0.0,0.0,0.0,0.0,0.0,0.0,0.0,0.0,0.0,0.0,0.0,0.0,0.0,0.0,0.0,0.0,0.0,0.0,0.0,0.0,0.0,0.0,0.0,0.0,0.0,0.0,0.0,0.0,0.0,0.0,0.0,3.3473587665652417e-06,0.0,0.0,0.0,0.0,0.0,0.0,0.0,0.0,0.0,0.0,0.0,0.0,0.0,0.0,0.0,0.0,0.0,0.0,0.0,0.0,0.0,0.0,0.0,0.0,0.0,0.0,0.0,0.0,0.0,0.0,0.0,0.0,0.0,0.0,0.0,0.0,0.0,0.0,0.0,0.0,0.0,0.0,0.0,0.0,0.0,0.0,0.0,0.0,0.0,0.0,0.0,0.0,0.0,0.0,0.0,0.0,0.0,0.0
0.0,0.0,0.0,0.0,0.0,0.0,0.0,0.0,0.0,0.0,0.0,0.0,0.0,0.0,0.0,0.0,0.0,0.0,0.0,0.0,0.0,0.0,0.0,0.0,0.0,0.0,0.0,0.0,0.0,0.0,0.0,0.0,0.0,0.0,0.0,0.0,0.0,0.0,0.0,0.0,0.0,0.0,0.0,0.0,0.0,0.0,0.0,0.0,0.0,0.0,0.0,0.0,0.0,0.0,0.0,0.0,0.0,0.0,0.0,0.0,0.0,0.0,0.0,0.0,0.0,0.0,0.0,0.0,0.0,0.0,0.0,0.0,0.0,0.0,0.0,0.0,0.0,0.0,0.0,0.0,0.0,0.0,0.0,0.0,0.0,0.0,0.0,0.0,0.0,0.0,0.0,0.0,0.0,0.0,0.0,0.0,0.0,0.0,0.0,0.0,0.0,0.0,0.0,0.0,0.0,0.0,0.0,0.0,0.0,0.0,0.0,0.0,0.0,0.0,0.0,0.0,0.0,0.0,0.0,0.0,0.0,0.0,3.3473587665652417e-06,0.0,0.0,0.0,0.0,3.3473587665652417e-06,0.0,0.0,0.0,0.0,0.0,0.0,3.3473587665652417e-06,0.0,0.0,0.0,0.0,0.0,0.0,0.0,0.0,0.0,0.0,0.0,0.0,0.0,0.0,0.0,0.0,0.0,3.3473587665652417e-06,0.0,0.0,0.0,0.0,0.0,0.0,0.0,0.0,0.0,0.0,0.0,0.0,0.0,0.0,0.0,0.0,0.0,0.0,0.0,0.0,0.0,0.0,0.0,0.0,0.0,0.0,0.0,0.0,0.0,0.0,0.0,0.0,3.3473587665652417e-06,0.0,0.0,0.0,0.0,0.0,0.0,0.0,0.0,0.0,0.0,0.0,0.0,3.3473587665652417e-06,0.0,0.0,0.0,0.0,0.0,0.0,0.0,0.0,0.0,0.0,0.0,0.0,0.0,0.0,0.0,0.0,0.0,0.0,0.0,0.0,0.0,0.0,0.0,0.0,0.0,0.0,0.0,0.0,0.0,0.0,0.0,0.0,0.0,0.0,0.0,0.0,0.0,0.0,0.0,0.0,0.0,0.0,0.0,0.0,0.0,0.0,0.0,0.0,0.0,0.0,0.0,0.0,0.0,0.0,0.0,0.0,0.0,0.0,0.0,0.0,0.0,0.0,0.0,0.0,0.0,0.0,0.0,0.0,0.0,0.0,0.0,0.0,0.0,0.0,0.0,0.0,0.0,0.0,0.0,0.0,0.0,3.3473587665652417e-06,0.0,0.0,0.0,0.0,0.0,0.0,0.0,0.0,0.0,0.0,0.0,0.0,0.0,0.0,0.0,0.0,0.0,0.0,0.0,0.0,0.0,0.0,0.0,0.0,0.0,0.0,0.0,0.0,0.0,0.0,0.0,0.0,0.0,0.0,0.0,0.0,0.0,0.0,0.0,0.0,0.0,0.0,0.0,0.0,0.0,0.0,0.0,0.0,0.0,0.0,0.0,0.0,0.0,0.0,0.0,0.0,0.0,0.0,0.0,0.0,0.0,0.0,0.0,0.0,0.0,0.0,0.0,0.0,0.0,0.0,0.0,0.0,0.0,0.0,0.0,0.0,0.0,0.0,0.0
0.0,0.0,0.0,0.0,0.0,0.0,0.0,0.0,0.0,0.0,0.0,0.0,0.0,0.0,0.0,0.0,0.0,0.0,0.0,0.0,0.0,0.0,0.0,0.0,0.0,0.0,0.0,0.0,0.0,0.0,0.0,0.0,0.0,0.0,0.0,0.0,0.0,0.0,0.0,0.0,0.0,0.0,0.0,0.0,0.0,0.0,0.0,0.0,0.0,0.0,0.0,0.0,0.0,0.0,0.0,0.0,0.0,0.0,0.0,0.0,0.0,0.0,0.0,0.0,0.0,0.0,0.0,0.0,0.0,0.0,0.0,0.0,0.0,0.0,0.0,0.0,0.0,0.0,0.0,0.0,0.0,0.0,0.0,0.0,0.0,0.0,0.0,0.0,0.0,0.0,0.0,0.0,0.0,0.0,0.0,0.0,0.0,0.0,0.0,0.0,0.0,0.0,0.0,0.0,0.0,0.0,0.0,0.0,0.0,0.0,0.0,0.0,0.0,0.0,0.0,0.0,0.0,0.0,0.0,0.0,0.0,0.0,0.0,0.0,0.0,0.0,0.0,0.0,0.0,0.0,0.0,0.0,0.0,0.0,0.0,0.0,0.0,0.0,0.0,0.0,0.0,0.0,0.0,0.0,6.694717533130483e-06,0.0,0.0,3.3473587665652417e-06,0.0,0.0,3.3473587665652417e-06,0.0,0.0,0.0,0.0,0.0,0.0,0.0,0.0,0.0,0.0,0.0,0.0,0.0,0.0,0.0,0.0,0.0,0.0,0.0,0.0,0.0,0.0,0.0,0.0,0.0,0.0,0.0,0.0,0.0,0.0,0.0,0.0,0.0,0.0,0.0,0.0,0.0,0.0,0.0,0.0,0.0,0.0,0.0,0.0,0.0,0.0,0.0,0.0,0.0,0.0,0.0,0.0,0.0,0.0,0.0,0.0,0.0,0.0,0.0,0.0,0.0,0.0,0.0,0.0,0.0,0.0,0.0,0.0,0.0,0.0,0.0,0.0,0.0,0.0,0.0,0.0,0.0,0.0,0.0,0.0,0.0,0.0,0.0,0.0,0.0,0.0,0.0,0.0,0.0,0.0,0.0,0.0,0.0,0.0,0.0,0.0,0.0,0.0,0.0,0.0,0.0,0.0,0.0,0.0,0.0,0.0,0.0,0.0,0.0,0.0,0.0,0.0,0.0,0.0,0.0,0.0,0.0,0.0,0.0,0.0,0.0,0.0,0.0,0.0,0.0,0.0,0.0,0.0,0.0,0.0,0.0,3.3473587665652417e-06,0.0,0.0,0.0,0.0,0.0,0.0,0.0,0.0,0.0,0.0,0.0,0.0,0.0,0.0,0.0,0.0,0.0,0.0,0.0,0.0,0.0,0.0,0.0,0.0,3.3473587665652417e-06,0.0,0.0,0.0,0.0,0.0,0.0,0.0,0.0,0.0,0.0,0.0,0.0,0.0,0.0,0.0,0.0,0.0,0.0,0.0,0.0,0.0,0.0,0.0,0.0,0.0,0.0,0.0,0.0,0.0,0.0,0.0,0.0,0.0,0.0,0.0,0.0,0.0,0.0,0.0,0.0,0.0,0.0,0.0,0.0,0.0,0.0,0.0,0.0,0.0,0.0,0.0,0.0
0.0,0.0,0.0,0.0,0.0,0.0,0.0,0.0,0.0,0.0,0.0,0.0,0.0,0.0,0.0,0.0,0.0,0.0,0.0,0.0,0.0,0.0,0.0,0.0,0.0,0.0,0.0,0.0,0.0,0.0,0.0,0.0,0.0,0.0,0.0,0.0,0.0,0.0,0.0,0.0,0.0,0.0,0.0,0.0,0.0,0.0,0.0,0.0,0.0,0.0,0.0,0.0,0.0,0.0,0.0,0.0,0.0,0.0,0.0,0.0,0.0,0.0,0.0,0.0,0.0,0.0,0.0,0.0,0.0,0.0,0.0,0.0,0.0,0.0,0.0,0.0,0.0,0.0,0.0,0.0,0.0,0.0,0.0,0.0,0.0,0.0,0.0,0.0,0.0,0.0,0.0,0.0,0.0,0.0,0.0,0.0,0.0,0.0,0.0,0.0,0.0,0.0,0.0,0.0,0.0,0.0,0.0,0.0,0.0,0.0,0.0,0.0,0.0,0.0,0.0,0.0,0.0,0.0,0.0,0.0,0.0,0.0,3.3473587665652417e-06,0.0,0.0,0.0,0.0,0.0,0.0,0.0,0.0,0.0,0.0,0.0,0.0,0.0,0.0,0.0,0.0,0.0,0.0,0.0,0.0,0.0,0.0,0.0,0.0,0.0,0.0,0.0,0.0,0.0,0.0,3.3473587665652417e-06,0.0,0.0,0.0,0.0,0.0,0.0,0.0,0.0,0.0,0.0,0.0,0.0,3.3473587665652417e-06,0.0,0.0,0.0,0.0,0.0,0.0,0.0,0.0,0.0,0.0,0.0,0.0,0.0,0.0,0.0,0.0,0.0,0.0,0.0,0.0,0.0,0.0,0.0,0.0,0.0,0.0,0.0,0.0,0.0,0.0,0.0,0.0,0.0,0.0,0.0,0.0,0.0,0.0,0.0,0.0,0.0,0.0,0.0,0.0,0.0,0.0,0.0,0.0,0.0,0.0,0.0,0.0,0.0,0.0,0.0,0.0,0.0,0.0,0.0,0.0,0.0,0.0,0.0,0.0,0.0,0.0,0.0,0.0,0.0,0.0,0.0,0.0,0.0,0.0,0.0,0.0,0.0,0.0,0.0,0.0,0.0,0.0,0.0,0.0,0.0,0.0,0.0,0.0,0.0,0.0,0.0,0.0,0.0,0.0,0.0,0.0,3.3473587665652417e-06,0.0,0.0,0.0,0.0,0.0,0.0,0.0,0.0,0.0,0.0,0.0,0.0,0.0,0.0,0.0,0.0,0.0,0.0,0.0,0.0,0.0,0.0,0.0,0.0,0.0,0.0,0.0,0.0,0.0,0.0,0.0,0.0,0.0,0.0,0.0,0.0,0.0,0.0,0.0,0.0,0.0,0.0,0.0,0.0,0.0,0.0,0.0,0.0,0.0,0.0,0.0,0.0,0.0,0.0,0.0,0.0,0.0,0.0,0.0,0.0,0.0,0.0,0.0,0.0,0.0,0.0,0.0,0.0,0.0,0.0,0.0,0.0,0.0,0.0,0.0,0.0,0.0,0.0,0.0,0.0,0.0,0.0,0.0,0.0,0.0,0.0,0.0,0.0,0.0,0.0,0.0,0.0,0.0,0.0,0.0,0.0
0.0,0.0,0.0,0.0,0.0,0.0,0.0,0.0,0.0,0.0,0.0,0.0,0.0,0.0,0.0,0.0,0.0,0.0,0.0,0.0,0.0,0.0,0.0,0.0,0.0,0.0,0.0,0.0,0.0,0.0,0.0,0.0,0.0,0.0,0.0,0.0,0.0,0.0,0.0,0.0,0.0,0.0,0.0,0.0,0.0,0.0,0.0,0.0,0.0,0.0,0.0,0.0,0.0,0.0,0.0,0.0,0.0,0.0,0.0,0.0,0.0,0.0,0.0,0.0,0.0,0.0,0.0,0.0,0.0,0.0,0.0,0.0,0.0,0.0,0.0,0.0,0.0,0.0,0.0,0.0,0.0,0.0,0.0,0.0,0.0,0.0,0.0,0.0,0.0,0.0,0.0,0.0,0.0,0.0,0.0,0.0,0.0,0.0,0.0,0.0,0.0,0.0,0.0,0.0,0.0,0.0,0.0,0.0,0.0,0.0,0.0,0.0,0.0,0.0,0.0,0.0,0.0,0.0,0.0,0.0,0.0,0.0,0.0,0.0,0.0,0.0,0.0,0.0,0.0,0.0,0.0,0.0,0.0,0.0,0.0,0.0,0.0,0.0,0.0,0.0,0.0,0.0,0.0,0.0,0.0,0.0,0.0,0.0,0.0,0.0,3.3473587665652417e-06,0.0,0.0,0.0,0.0,0.0,0.0,0.0,0.0,0.0,0.0,0.0,0.0,0.0,0.0,0.0,0.0,0.0,0.0,0.0,0.0,0.0,0.0,0.0,0.0,0.0,0.0,0.0,0.0,0.0,0.0,0.0,0.0,0.0,0.0,0.0,0.0,0.0,0.0,0.0,0.0,0.0,0.0,0.0,0.0,0.0,0.0,0.0,0.0,0.0,0.0,0.0,0.0,0.0,0.0,0.0,0.0,0.0,0.0,0.0,0.0,0.0,0.0,0.0,0.0,0.0,0.0,0.0,0.0,0.0,0.0,0.0,0.0,0.0,0.0,0.0,0.0,0.0,0.0,0.0,0.0,0.0,0.0,0.0,0.0,0.0,0.0,0.0,0.0,0.0,0.0,0.0,0.0,0.0,0.0,0.0,0.0,0.0,0.0,0.0,0.0,0.0,0.0,0.0,0.0,0.0,0.0,0.0,0.0,0.0,0.0,0.0,0.0,0.0,0.0,0.0,0.0,0.0,0.0,0.0,0.0,0.0,0.0,0.0,0.0,0.0,0.0,0.0,0.0,0.0,0.0,0.0,0.0,0.0,0.0,0.0,0.0,0.0,0.0,0.0,0.0,0.0,0.0,0.0,0.0,0.0,0.0,0.0,0.0,0.0,0.0,0.0,0.0,0.0,0.0,0.0,0.0,0.0,0.0,0.0,0.0,0.0,0.0,0.0,0.0,0.0,0.0,0.0,6.694717533130483e-06,0.0,0.0,0.0,0.0,0.0,0.0,0.0,0.0,0.0,0.0,0.0,0.0,0.0,0.0,0.0,0.0,0.0,0.0,0.0,0.0,0.0,0.0,0.0,0.0,0.0,0.0,0.0,0.0,0.0,0.0,0.0,0.0,0.0,0.0,0.0,0.0,0.0,0.0,0.0,0.0,0.0
0.0,0.0,0.0,0.0,0.0,0.0,0.0,0.0,0.0,0.0,0.0,0.0,0.0,0.0,0.0,0.0,0.0,0.0,0.0,0.0,0.0,0.0,0.0,0.0,0.0,0.0,0.0,0.0,0.0,0.0,0.0,0.0,0.0,0.0,0.0,0.0,0.0,0.0,0.0,0.0,0.0,0.0,0.0,0.0,0.0,0.0,0.0,0.0,0.0,0.0,0.0,0.0,0.0,0.0,0.0,0.0,0.0,0.0,0.0,0.0,0.0,0.0,0.0,0.0,0.0,0.0,0.0,0.0,0.0,0.0,0.0,0.0,0.0,0.0,0.0,0.0,0.0,0.0,0.0,0.0,0.0,0.0,0.0,0.0,0.0,0.0,0.0,0.0,0.0,0.0,0.0,0.0,0.0,0.0,0.0,0.0,0.0,0.0,0.0,0.0,0.0,0.0,0.0,0.0,0.0,0.0,0.0,0.0,0.0,0.0,0.0,0.0,0.0,0.0,0.0,0.0,0.0,0.0,0.0,0.0,0.0,0.0,0.0,0.0,0.0,0.0,0.0,0.0,0.0,0.0,0.0,0.0,0.0,0.0,0.0,0.0,0.0,0.0,0.0,0.0,0.0,0.0,0.0,0.0,0.0,0.0,0.0,0.0,0.0,0.0,0.0,0.0,0.0,0.0,0.0,0.0,0.0,0.0,0.0,0.0,0.0,0.0,0.0,0.0,3.3473587665652417e-06,0.0,0.0,0.0,0.0,0.0,0.0,0.0,0.0,0.0,0.0,0.0,0.0,0.0,0.0,0.0,0.0,0.0,0.0,0.0,0.0,0.0,0.0,0.0,0.0,0.0,0.0,0.0,0.0,0.0,0.0,0.0,0.0,0.0,0.0,0.0,0.0,0.0,0.0,0.0,0.0,0.0,0.0,0.0,0.0,0.0,0.0,0.0,0.0,0.0,0.0,0.0,0.0,0.0,0.0,0.0,0.0,0.0,0.0,0.0,0.0,0.0,0.0,0.0,0.0,0.0,0.0,0.0,0.0,0.0,0.0,0.0,0.0,0.0,0.0,0.0,0.0,0.0,0.0,0.0,0.0,0.0,0.0,0.0,0.0,0.0,0.0,0.0,0.0,0.0,0.0,0.0,0.0,0.0,0.0,0.0,0.0,0.0,0.0,0.0,0.0,0.0,0.0,0.0,0.0,0.0,0.0,0.0,0.0,0.0,0.0,0.0,0.0,0.0,0.0,0.0,0.0,0.0,0.0,0.0,0.0,0.0,0.0,0.0,0.0,0.0,0.0,0.0,0.0,0.0,0.0,0.0,0.0,0.0,0.0,0.0,0.0,0.0,0.0,0.0,0.0,0.0,0.0,0.0,0.0,0.0,0.0,0.0,0.0,0.0,0.0,0.0,0.0,0.0,0.0,0.0,0.0,0.0,0.0,0.0,0.0,0.0,0.0,0.0,0.0,0.0,0.0,0.0,0.0,0.0,0.0,0.0,0.0,0.0,0.0,0.0,0.0,0.0,0.0,0.0,0.0,0.0,0.0,0.0,0.0,0.0,0.0,0.0,3.3473587665652417e-06,0.0,0.0,0.0,0.0,0.0,0.0,0.0
0.0,0.0,0.0,0.0,0.0,0.0,0.0,0.0,0.0,0.0,0.0,0.0,0.0,0.0,0.0,0.0,0.0,0.0,0.0,0.0,0.0,0.0,0.0,0.0,0.0,0.0,0.0,0.0,0.0,0.0,0.0,0.0,0.0,0.0,0.0,0.0,0.0,0.0,0.0,0.0,0.0,0.0,0.0,0.0,0.0,0.0,0.0,0.0,0.0,0.0,0.0,0.0,0.0,0.0,0.0,0.0,0.0,0.0,0.0,0.0,0.0,0.0,0.0,0.0,0.0,0.0,0.0,0.0,0.0,0.0,0.0,0.0,0.0,0.0,0.0,0.0,0.0,0.0,0.0,0.0,0.0,0.0,0.0,0.0,0.0,0.0,0.0,0.0,0.0,0.0,0.0,3.3473587665652417e-06,0.0,0.0,0.0,0.0,0.0,0.0,0.0,0.0,0.0,0.0,0.0,0.0,0.0,0.0,0.0,0.0,0.0,0.0,0.0,0.0,0.0,0.0,0.0,0.0,0.0,0.0,0.0,0.0,0.0,0.0,0.0,0.0,0.0,0.0,0.0,0.0,0.0,0.0,0.0,0.0,0.0,0.0,0.0,0.0,0.0,0.0,0.0,0.0,0.0,0.0,0.0,0.0,0.0,0.0,0.0,0.0,0.0,0.0,0.0,0.0,0.0,0.0,0.0,0.0,0.0,0.0,0.0,0.0,0.0,0.0,0.0,0.0,0.0,0.0,0.0,0.0,0.0,0.0,0.0,0.0,0.0,0.0,0.0,0.0,0.0,0.0,0.0,0.0,0.0,0.0,0.0,0.0,0.0,0.0,0.0,0.0,0.0,0.0,0.0,0.0,0.0,0.0,0.0,0.0,0.0,0.0,0.0,0.0,0.0,0.0,0.0,0.0,0.0,0.0,0.0,0.0,0.0,0.0,0.0,0.0,0.0,0.0,0.0,0.0,0.0,0.0,0.0,0.0,0.0,0.0,0.0,0.0,0.0,0.0,0.0,0.0,0.0,0.0,0.0,0.0,0.0,0.0,0.0,0.0,0.0,0.0,0.0,0.0,0.0,0.0,0.0,0.0,0.0,0.0,0.0,0.0,0.0,0.0,0.0,0.0,0.0,0.0,0.0,0.0,0.0,0.0,0.0,0.0,0.0,0.0,0.0,0.0,0.0,0.0,0.0,0.0,0.0,0.0,0.0,0.0,0.0,0.0,0.0,0.0,0.0,0.0,0.0,0.0,0.0,0.0,0.0,0.0,0.0,0.0,0.0,0.0,0.0,0.0,0.0,0.0,0.0,0.0,0.0,0.0,0.0,0.0,0.0,0.0,0.0,0.0,0.0,0.0,0.0,0.0,0.0,0.0,0.0,0.0,0.0,0.0,0.0,0.0,0.0,0.0,0.0,0.0,0.0,0.0,0.0,0.0,0.0,0.0,0.0,0.0,0.0,0.0,0.0,0.0,0.0,0.0,0.0,0.0,0.0,0.0,0.0,0.0,0.0,0.0,0.0,0.0,0.0,0.0,0.0,0.0,0.0,0.0,0.0,0.0,0.0,0.0,0.0,0.0,0.0,0.0,0.0,0.0,0.0,0.0
0.0,0.0,0.0,0.0,0.0,0.0,0.0,0.0,0.0,0.0,0.0,0.0,0.0,0.0,0.0,0.0,0.0,0.0,0.0,0.0,0.0,0.0,0.0,0.0,0.0,0.0,0.0,0.0,0.0,0.0,0.0,0.0,0.0,0.0,0.0,0.0,0.0,0.0,0.0,0.0,0.0,0.0,0.0,0.0,0.0,0.0,0.0,0.0,0.0,0.0,0.0,0.0,0.0,0.0,0.0,0.0,0.0,0.0,0.0,0.0,0.0,0.0,0.0,0.0,0.0,0.0,0.0,0.0,0.0,0.0,0.0,0.0,0.0,0.0,0.0,0.0,0.0,0.0,0.0,0.0,0.0,0.0,0.0,0.0,0.0,0.0,0.0,0.0,0.0,0.0,0.0,0.0,0.0,0.0,0.0,0.0,0.0,0.0,0.0,0.0,0.0,0.0,0.0,0.0,0.0,0.0,0.0,0.0,0.0,0.0,0.0,0.0,0.0,0.0,0.0,0.0,0.0,0.0,0.0,0.0,0.0,0.0,0.0,0.0,0.0,0.0,0.0,0.0,0.0,0.0,0.0,0.0,0.0,0.0,0.0,0.0,0.0,0.0,0.0,0.0,0.0,3.3473587665652417e-06,0.0,0.0,3.3473587665652417e-06,0.0,0.0,0.0,0.0,0.0,0.0,0.0,0.0,0.0,0.0,3.3473587665652417e-06,0.0,0.0,0.0,0.0,0.0,0.0,0.0,0.0,0.0,3.3473587665652417e-06,0.0,0.0,0.0,0.0,0.0,0.0,0.0,0.0,0.0,0.0,0.0,0.0,0.0,0.0,0.0,0.0,0.0,0.0,0.0,0.0,0.0,0.0,0.0,0.0,0.0,0.0,0.0,0.0,0.0,0.0,0.0,0.0,0.0,0.0,0.0,0.0,0.0,0.0,0.0,0.0,0.0,0.0,0.0,0.0,0.0,0.0,0.0,0.0,0.0,0.0,0.0,0.0,0.0,0.0,0.0,0.0,0.0,0.0,0.0,0.0,0.0,0.0,0.0,0.0,0.0,0.0,0.0,0.0,0.0,0.0,0.0,0.0,0.0,0.0,0.0,0.0,0.0,0.0,0.0,0.0,0.0,0.0,0.0,0.0,0.0,0.0,0.0,0.0,0.0,0.0,0.0,0.0,0.0,0.0,0.0,0.0,0.0,0.0,0.0,0.0,0.0,0.0,0.0,0.0,0.0,0.0,0.0,0.0,0.0,0.0,0.0,0.0,0.0,0.0,0.0,0.0,0.0,0.0,0.0,0.0,0.0,0.0,0.0,0.0,0.0,0.0,0.0,0.0,0.0,0.0,0.0,0.0,0.0,0.0,0.0,0.0,0.0,0.0,0.0,0.0,0.0,0.0,0.0,3.3473587665652417e-06,0.0,0.0,0.0,0.0,0.0,0.0,0.0,0.0,0.0,0.0,0.0,0.0,0.0,0.0,0.0,0.0,0.0,0.0,0.0,0.0,0.0,0.0,0.0,0.0,0.0,0.0,0.0,0.0,0.0,0.0,0.0,0.0,0.0,0.0,0.0,0.0,0.0,0.0,0.0,0.0,0.0,0.0,0.0,0.0,0.0,0.0,0.0,0.0,0.0,0.0
0.0,0.0,0.0,0.0,0.0,0.0,0.0,0.0,0.0,0.0,0.0,0.0,0.0,0.0,0.0,0.0,0.0,0.0,0.0,0.0,0.0,0.0,0.0,0.0,0.0,0.0,0.0,0.0,0.0,0.0,0.0,0.0,0.0,0.0,0.0,0.0,0.0,0.0,0.0,0.0,0.0,0.0,0.0,0.0,0.0,0.0,0.0,0.0,0.0,0.0,0.0,0.0,0.0,0.0,0.0,0.0,0.0,0.0,0.0,0.0,0.0,0.0,0.0,0.0,0.0,0.0,0.0,0.0,0.0,0.0,0.0,0.0,0.0,0.0,0.0,0.0,0.0,0.0,0.0,0.0,0.0,0.0,0.0,0.0,0.0,0.0,0.0,0.0,0.0,0.0,0.0,0.0,0.0,0.0,0.0,0.0,0.0,0.0,0.0,0.0,0.0,0.0,0.0,0.0,0.0,0.0,0.0,0.0,0.0,0.0,0.0,0.0,0.0,0.0,0.0,0.0,0.0,0.0,0.0,0.0,0.0,0.0,0.0,0.0,0.0,0.0,0.0,0.0,0.0,0.0,0.0,0.0,0.0,0.0,0.0,0.0,3.3473587665652417e-06,0.0,3.3473587665652417e-06,0.0,0.0,0.0,0.0,0.0,0.0,0.0,0.0,0.0,0.0,0.0,0.0,0.0,0.0,0.0,0.0,0.0,0.0,0.0,0.0,0.0,0.0,3.3473587665652417e-06,0.0,0.0,0.0,0.0,0.0,0.0,0.0,0.0,0.0,0.0,0.0,0.0,0.0,0.0,0.0,0.0,0.0,0.0,0.0,0.0,0.0,0.0,0.0,0.0,0.0,0.0,0.0,0.0,0.0,0.0,0.0,0.0,0.0,0.0,0.0,0.0,0.0,0.0,0.0,0.0,0.0,0.0,0.0,0.0,0.0,0.0,0.0,0.0,0.0,0.0,0.0,0.0,0.0,0.0,0.0,0.0,0.0,0.0,0.0,0.0,0.0,0.0,0.0,0.0,0.0,0.0,0.0,0.0,0.0,0.0,0.0,0.0,0.0,0.0,0.0,0.0,0.0,0.0,0.0,0.0,0.0,0.0,0.0,0.0,0.0,0.0,0.0,0.0,0.0,0.0,0.0,0.0,0.0,0.0,0.0,0.0,0.0,0.0,0.0,0.0,0.0,0.0,0.0,0.0,0.0,0.0,0.0,0.0,0.0,0.0,0.0,0.0,0.0,0.0,0.0,0.0,0.0,0.0,0.0,0.0,0.0,0.0,0.0,0.0,0.0,0.0,0.0,0.0,0.0,0.0,0.0,0.0,0.0,0.0,0.0,0.0,0.0,0.0,0.0,0.0,0.0,0.0,0.0,0.0,0.0,0.0,0.0,0.0,0.0,0.0,0.0,0.0,0.0,0.0,0.0,0.0,0.0,0.0,0.0,0.0,0.0,0.0,0.0,0.0,0.0,0.0,0.0,0.0,0.0,0.0,0.0,0.0,0.0,0.0,0.0,0.0,0.0,0.0,0.0,0.0,0.0,0.0,0.0,0.0,0.0,0.0,0.0,0.0,0.0,0.0,0.0,0.0,0.0,0.0,0.0,0.0,0.0,0.0
0.0,0.0,0.0,0.0,0.0,0.0,0.0,0.0,0.0,0.0,0.0,0.0,0.0,0.0,0.0,0.0,0.0,0.0,0.0,0.0,0.0,0.0,0.0,0.0,0.0,0.0,0.0,0.0,0.0,0.0,0.0,0.0,0.0,0.0,0.0,0.0,0.0,0.0,0.0,0.0,0.0,0.0,0.0,0.0,0.0,0.0,0.0,0.0,0.0,0.0,0.0,0.0,0.0,0.0,0.0,0.0,0.0,0.0,0.0,0.0,0.0,0.0,0.0,0.0,0.0,0.0,0.0,0.0,0.0,0.0,0.0,0.0,0.0,0.0,0.0,0.0,0.0,0.0,0.0,0.0,0.0,0.0,0.0,0.0,0.0,0.0,0.0,0.0,0.0,0.0,0.0,0.0,0.0,0.0,0.0,0.0,0.0,0.0,0.0,0.0,0.0,0.0,0.0,0.0,0.0,0.0,0.0,0.0,0.0,0.0,0.0,0.0,0.0,0.0,0.0,0.0,0.0,0.0,0.0,0.0,0.0,0.0,0.0,0.0,0.0,0.0,0.0,0.0,0.0,0.0,0.0,0.0,0.0,0.0,0.0,0.0,0.0,0.0,0.0,0.0,0.0,0.0,0.0,0.0,0.0,0.0,0.0,0.0,0.0,0.0,0.0,0.0,0.0,0.0,0.0,0.0,0.0,0.0,0.0,0.0,0.0,0.0,0.0,0.0,0.0,0.0,0.0,0.0,0.0,0.0,0.0,0.0,0.0,0.0,0.0,0.0,0.0,3.3473587665652417e-06,0.0,0.0,0.0,3.3473587665652417e-06,0.0,0.0,0.0,0.0,0.0,0.0,0.0,0.0,0.0,0.0,0.0,0.0,0.0,0.0,0.0,0.0,0.0,0.0,0.0,0.0,0.0,0.0,0.0,0.0,0.0,0.0,0.0,0.0,0.0,0.0,0.0,0.0,0.0,0.0,0.0,0.0,0.0,0.0,0.0,0.0,0.0,0.0,0.0,0.0,0.0,0.0,0.0,0.0,0.0,0.0,0.0,0.0,0.0,0.0,0.0,0.0,0.0,0.0,0.0,0.0,0.0,0.0,0.0,0.0,0.0,0.0,0.0,0.0,0.0,0.0,0.0,0.0,0.0,0.0,0.0,0.0,0.0,0.0,0.0,0.0,3.3473587665652417e-06,0.0,0.0,0.0,0.0,0.0,0.0,0.0,0.0,0.0,0.0,0.0,0.0,0.0,0.0,0.0,0.0,0.0,0.0,0.0,0.0,0.0,0.0,0.0,0.0,0.0,0.0,0.0,0.0,0.0,0.0,0.0,0.0,0.0,0.0,0.0,0.0,0.0,0.0,0.0,0.0,0.0,0.0,0.0,0.0,0.0,0.0,0.0,0.0,0.0,0.0,0.0,0.0,0.0,0.0,0.0,0.0,0.0,0.0,0.0,0.0,0.0,0.0,0.0,0.0,0.0,0.0,0.0,0.0,0.0,0.0,0.0,0.0,0.0,0.0,0.0,0.0,0.0,0.0,0.0,0.0,0.0,0.0,0.0,0.0,0.0,0.0,0.0,0.0,0.0,0.0,0.0,0.0,0.0,0.0,0.0,3.3473587665652417e-06,0.0
0.0,0.0,0.0,0.0,0.0,0.0,0.0,0.0,0.0,0.0,0.0,0.0,0.0,0.0,0.0,0.0,0.0,0.0,0.0,0.0,0.0,0.0,0.0,0.0,0.0,0.0,0.0,0.0,0.0,0.0,0.0,0.0,0.0,0.0,0.0,0.0,0.0,0.0,0.0,0.0,0.0,0.0,0.0,0.0,0.0,0.0,0.0,0.0,0.0,0.0,0.0,0.0,0.0,0.0,0.0,0.0,0.0,0.0,0.0,0.0,0.0,0.0,0.0,0.0,0.0,0.0,0.0,0.0,0.0,0.0,0.0,0.0,0.0,0.0,0.0,0.0,0.0,0.0,0.0,0.0,0.0,0.0,0.0,0.0,0.0,0.0,0.0,0.0,0.0,0.0,0.0,0.0,0.0,0.0,0.0,0.0,0.0,0.0,0.0,0.0,0.0,0.0,0.0,0.0,0.0,0.0,0.0,0.0,0.0,0.0,0.0,0.0,0.0,0.0,0.0,0.0,0.0,0.0,0.0,0.0,0.0,0.0,0.0,0.0,0.0,0.0,0.0,0.0,0.0,0.0,0.0,0.0,0.0,0.0,0.0,0.0,0.0,0.0,0.0,0.0,0.0,0.0,0.0,0.0,0.0,0.0,0.0,0.0,0.0,0.0,0.0,0.0,0.0,0.0,0.0,0.0,0.0,0.0,3.3473587665652417e-06,0.0,3.3473587665652417e-06,0.0,0.0,0.0,0.0,0.0,0.0,0.0,0.0,0.0,0.0,0.0,0.0,0.0,0.0,0.0,0.0,0.0,0.0,0.0,0.0,0.0,0.0,0.0,0.0,0.0,0.0,0.0,0.0,0.0,0.0,0.0,0.0,0.0,0.0,0.0,0.0,0.0,0.0,0.0,0.0,0.0,0.0,0.0,0.0,0.0,0.0,0.0,0.0,0.0,0.0,0.0,0.0,0.0,0.0,0.0,0.0,0.0,0.0,0.0,0.0,0.0,0.0,0.0,0.0,0.0,0.0,0.0,0.0,0.0,0.0,0.0,0.0,0.0,0.0,0.0,0.0,0.0,0.0,0.0,0.0,0.0,0.0,0.0,0.0,0.0,0.0,0.0,0.0,0.0,0.0,0.0,0.0,0.0,0.0,0.0,0.0,0.0,0.0,0.0,0.0,0.0,0.0,0.0,0.0,0.0,0.0,0.0,0.0,0.0,0.0,0.0,0.0,0.0,0.0,0.0,0.0,0.0,0.0,0.0,0.0,0.0,0.0,0.0,0.0,0.0,0.0,0.0,0.0,0.0,0.0,0.0,0.0,0.0,0.0,0.0,0.0,3.3473587665652417e-06,0.0,0.0,0.0,0.0,0.0,0.0,0.0,0.0,0.0,0.0,0.0,0.0,0.0,0.0,0.0,0.0,0.0,0.0,0.0,0.0,0.0,0.0,0.0,0.0,0.0,0.0,0.0,0.0,0.0,0.0,0.0,0.0,0.0,0.0,0.0,0.0,0.0,0.0,0.0,0.0,0.0,0.0,0.0,0.0,0.0,0.0,0.0,0.0,0.0,0.0,0.0,0.0,0.0,0.0,0.0,0.0,0.0,0.0,0.0,0.0,0.0,0.0
0.0,0.0,0.0,0.0,0.0,0.0,6.694717533130483e-06,0.0,0.0,0.0,0.0,0.0,0.0,0.0,0.0,0.0,0.0,0.0,0.0,0.0,0.0,0.0,0.0,0.0,0.0,0.0,0.0,0.0,0.0,0.0,0.0,0.0,0.0,0.0,0.0,0.0,0.0,0.0,0.0,0.0,0.0,0.0,0.0,0.0,0.0,0.0,0.0,0.0,0.0,0.0,0.0,0.0,0.0,0.0,0.0,0.0,0.0,0.0,0.0,0.0,0.0,0.0,0.0,0.0,0.0,0.0,0.0,0.0,0.0,0.0,0.0,0.0,0.0,0.0,0.0,0.0,0.0,0.0,0.0,0.0,0.0,0.0,0.0,0.0,0.0,0.0,0.0,0.0,0.0,0.0,0.0,0.0,0.0,0.0,0.0,0.0,0.0,0.0,0.0,0.0,0.0,0.0,0.0,0.0,0.0,0.0,3.3473587665652417e-06,0.0,0.0,0.0,0.0,0.0,0.0,0.0,0.0,0.0,0.0,0.0,0.0,0.0,0.0,0.0,0.0,0.0,0.0,0.0,0.0,0.0,0.0,0.0,0.0,0.0,0.0,0.0,0.0,0.0,0.0,0.0,0.0,0.0,0.0,0.0,0.0,0.0,0.0,0.0,0.0,0.0,0.0,0.0,0.0,0.0,0.0,0.0,0.0,0.0,0.0,0.0,0.0,0.0,0.0,0.0,0.0,0.0,0.0,0.0,0.0,0.0,0.0,0.0,0.0,0.0,0.0,0.0,0.0,0.0,0.0,0.0,0.0,0.0,0.0,0.0,0.0,0.0,0.0,0.0,3.3473587665652417e-06,0.0,0.0,0.0,0.0,0.0,0.0,0.0,0.0,0.0,0.0,0.0,0.0,0.0,0.0,0.0,0.0,0.0,0.0,0.0,0.0,0.0,0.0,0.0,0.0,0.0,0.0,0.0,0.0,0.0,0.0,0.0,0.0,0.0,0.0,0.0,0.0,0.0,0.0,0.0,0.0,0.0,0.0,0.0,0.0,0.0,0.0,0.0,0.0,0.0,0.0,0.0,0.0,0.0,0.0,0.0,0.0,0.0,0.0,0.0,0.0,0.0,0.0,0.0,0.0,0.0,0.0,0.0,0.0,0.0,0.0,0.0,0.0,0.0,0.0,0.0,0.0,0.0,0.0,0.0,0.0,0.0,0.0,0.0,0.0,0.0,0.0,0.0,0.0,0.0,0.0,0.0,0.0,0.0,0.0,0.0,0.0,0.0,0.0,0.0,0.0,0.0,0.0,0.0,0.0,0.0,0.0,0.0,0.0,0.0,0.0,0.0,0.0,0.0,0.0,0.0,0.0,0.0,0.0,0.0,0.0,0.0,0.0,0.0,0.0,0.0,0.0,0.0,0.0,0.0,0.0,0.0,0.0,0.0,0.0,0.0,0.0,0.0,0.0,0.0,0.0,0.0,0.0,0.0,0.0,0.0,0.0,0.0,0.0,0.0,0.0,0.0,0.0,0.0,0.0,0.0,0.0,0.0,0.0,0.0,0.0,0.0,0.0,0.0,0.0,0.0,0.0,0.0,0.0,0.0,0.0,0.0,0.0,0.0
0.0,0.0,0.0,0.0,0.0,3.3473587665652417e-06,0.0,0.0,0.0,0.0,0.0,0.0,0.0,0.0,0.0,0.0,0.0,0.0,0.0,0.0,0.0,0.0,0.0,0.0,0.0,0.0,0.0,0.0,0.0,0.0,0.0,0.0,0.0,0.0,0.0,0.0,0.0,0.0,0.0,0.0,0.0,0.0,0.0,0.0,0.0,0.0,0.0,0.0,0.0,0.0,0.0,0.0,0.0,0.0,0.0,0.0,0.0,0.0,0.0,0.0,0.0,0.0,0.0,0.0,0.0,0.0,0.0,0.0,0.0,0.0,0.0,0.0,0.0,0.0,0.0,0.0,0.0,0.0,0.0,0.0,0.0,0.0,0.0,0.0,0.0,0.0,0.0,0.0,0.0,0.0,0.0,0.0,0.0,0.0,0.0,0.0,0.0,0.0,0.0,0.0,0.0,0.0,0.0,0.0,0.0,0.0,0.0,0.0,0.0,0.0,0.0,0.0,0.0,0.0,0.0,0.0,0.0,0.0,0.0,0.0,0.0,0.0,0.0,0.0,0.0,0.0,0.0,0.0,0.0,0.0,0.0,0.0,0.0,0.0,0.0,0.0,0.0,0.0,0.0,0.0,0.0,0.0,0.0,0.0,0.0,0.0,0.0,0.0,0.0,3.3473587665652417e-06,0.0,0.0,0.0,0.0,0.0,0.0,0.0,0.0,0.0,0.0,0.0,0.0,0.0,0.0,0.0,0.0,0.0,0.0,0.0,0.0,0.0,0.0,0.0,0.0,0.0,0.0,0.0,0.0,0.0,0.0,0.0,0.0,0.0,0.0,0.0,0.0,0.0,0.0,0.0,0.0,0.0,0.0,0.0,0.0,0.0,0.0,0.0,0.0,0.0,0.0,0.0,0.0,0.0,0.0,0.0,0.0,0.0,0.0,0.0,0.0,0.0,0.0,0.0,0.0,0.0,0.0,0.0,0.0,0.0,0.0,0.0,0.0,0.0,0.0,0.0,0.0,0.0,0.0,0.0,0.0,0.0,0.0,0.0,0.0,0.0,0.0,0.0,0.0,0.0,0.0,0.0,0.0,0.0,0.0,0.0,0.0,0.0,0.0,0.0,0.0,0.0,0.0,0.0,0.0,0.0,0.0,0.0,0.0,0.0,0.0,0.0,0.0,0.0,0.0,0.0,0.0,0.0,0.0,0.0,0.0,0.0,0.0,0.0,0.0,0.0,0.0,0.0,0.0,0.0,0.0,0.0,0.0,0.0,0.0,0.0,0.0,0.0,0.0,0.0,0.0,0.0,0.0,0.0,0.0,0.0,0.0,0.0,0.0,0.0,0.0,0.0,0.0,0.0,0.0,0.0,0.0,0.0,0.0,0.0,0.0,0.0,0.0,0.0,0.0,0.0,0.0,0.0,0.0,0.0,0.0,0.0,0.0,0.0,0.0,0.0,0.0,0.0,0.0,0.0,0.0,0.0,0.0,0.0,0.0,3.3473587665652417e-06,0.0,0.0,0.0,0.0,0.0,0.0,0.0,0.0,0.0,0.0,0.0,0.0,0.0,0.0,0.0,0.0,0.0,0.0,0.0,0.0,0.0,0.0,0.0,0.0,0.0
0.0,0.0,0.0,0.0,0.0,0.0,0.0,0.0,0.0,0.0,0.0,0.0,0.0,0.0,0.0,0.0,0.0,0.0,0.0,0.0,0.0,0.0,0.0,0.0,0.0,0.0,0.0,0.0,0.0,0.0,0.0,0.0,0.0,0.0,0.0,0.0,0.0,0.0,0.0,0.0,0.0,0.0,0.0,0.0,0.0,0.0,0.0,0.0,0.0,0.0,0.0,0.0,0.0,0.0,0.0,0.0,0.0,0.0,0.0,0.0,0.0,0.0,0.0,0.0,0.0,0.0,0.0,0.0,0.0,0.0,0.0,0.0,0.0,0.0,0.0,0.0,0.0,0.0,0.0,0.0,0.0,0.0,0.0,0.0,0.0,0.0,0.0,0.0,0.0,0.0,0.0,0.0,0.0,0.0,0.0,0.0,0.0,0.0,0.0,0.0,0.0,0.0,0.0,0.0,0.0,0.0,0.0,0.0,0.0,0.0,0.0,0.0,0.0,0.0,0.0,0.0,0.0,0.0,0.0,0.0,0.0,0.0,0.0,0.0,0.0,0.0,0.0,0.0,0.0,0.0,0.0,0.0,0.0,0.0,0.0,0.0,0.0,0.0,0.0,0.0,0.0,0.0,0.0,0.0,0.0,0.0,0.0,0.0,3.3473587665652417e-06,0.0,0.0,0.0,0.0,0.0,0.0,0.0,0.0,0.0,0.0,0.0,0.0,0.0,0.0,0.0,0.0,0.0,0.0,0.0,0.0,0.0,0.0,0.0,0.0,0.0,0.0,0.0,0.0,0.0,0.0,0.0,0.0,0.0,0.0,0.0,0.0,0.0,0.0,0.0,0.0,0.0,0.0,0.0,0.0,0.0,0.0,0.0,0.0,0.0,0.0,0.0,0.0,0.0,0.0,0.0,0.0,0.0,0.0,0.0,0.0,0.0,0.0,0.0,0.0,0.0,0.0,0.0,0.0,0.0,0.0,0.0,0.0,0.0,0.0,0.0,0.0,0.0,0.0,0.0,0.0,0.0,0.0,0.0,0.0,0.0,0.0,0.0,0.0,0.0,0.0,0.0,0.0,0.0,0.0,0.0,0.0,0.0,0.0,0.0,0.0,0.0,0.0,0.0,0.0,0.0,0.0,0.0,0.0,0.0,0.0,0.0,0.0,0.0,0.0,0.0,0.0,0.0,0.0,6.694717533130483e-06,0.0,0.0,0.0,0.0,0.0,0.0,0.0,0.0,0.0,0.0,0.0,0.0,0.0,0.0,0.0,0.0,0.0,0.0,0.0,0.0,0.0,0.0,0.0,0.0,0.0,0.0,0.0,0.0,0.0,0.0,0.0,0.0,0.0,0.0,0.0,3.3473587665652417e-06,0.0,0.0,0.0,0.0,0.0,0.0,0.0,0.0,0.0,0.0,0.0,0.0,0.0,0.0,0.0,0.0,0.0,0.0,0.0,0.0,0.0,0.0,0.0,0.0,3.3473587665652417e-06,3.3473587665652417e-06,0.0,0.0,0.0,0.0,0.0,0.0,0.0,0.0,0.0,0.0,0.0,0.0,0.0,0.0,0.0,0.0,0.0,0.0,0.0,0.0,0.0,0.0,0.0,0.0,0.0,0.0,0.0,0.0,0.0,0.0
0.0,0.0,0.0,0.0,0.0,0.0,0.0,0.0,0.0,0.0,0.0,0.0,0.0,0.0,0.0,0.0,0.0,0.0,0.0,0.0,0.0,0.0,0.0,0.0,0.0,0.0,0.0,0.0,0.0,0.0,0.0,0.0,0.0,0.0,0.0,0.0,0.0,0.0,0.0,0.0,0.0,0.0,0.0,0.0,0.0,0.0,0.0,0.0,0.0,0.0,0.0,0.0,0.0,0.0,0.0,0.0,0.0,0.0,0.0,0.0,0.0,0.0,0.0,0.0,0.0,0.0,0.0,0.0,0.0,0.0,0.0,0.0,0.0,0.0,0.0,0.0,0.0,0.0,0.0,0.0,0.0,0.0,0.0,0.0,0.0,0.0,0.0,0.0,0.0,0.0,0.0,0.0,0.0,0.0,0.0,0.0,0.0,0.0,0.0,0.0,0.0,0.0,0.0,0.0,0.0,0.0,0.0,0.0,0.0,0.0,0.0,0.0,0.0,0.0,0.0,0.0,0.0,0.0,0.0,0.0,0.0,0.0,0.0,0.0,0.0,0.0,0.0,0.0,0.0,0.0,0.0,0.0,0.0,0.0,3.3473587665652417e-06,0.0,0.0,0.0,0.0,0.0,0.0,0.0,0.0,0.0,0.0,0.0,0.0,0.0,0.0,0.0,3.3473587665652417e-06,0.0,3.3473587665652417e-06,0.0,0.0,0.0,0.0,0.0,0.0,0.0,0.0,0.0,0.0,0.0,0.0,0.0,0.0,0.0,0.0,0.0,0.0,0.0,0.0,0.0,0.0,0.0,0.0,0.0,0.0,0.0,0.0,0.0,0.0,0.0,0.0,0.0,0.0,0.0,0.0,0.0,0.0,3.3473587665652417e-06,0.0,0.0,0.0,0.0,0.0,0.0,0.0,0.0,0.0,0.0,0.0,0.0,0.0,0.0,0.0,0.0,0.0,0.0,0.0,0.0,0.0,0.0,0.0,0.0,0.0,0.0,0.0,0.0,0.0,0.0,0.0,0.0,0.0,0.0,0.0,0.0,0.0,0.0,0.0,0.0,0.0,0.0,0.0,0.0,0.0,0.0,0.0,0.0,0.0,0.0,0.0,0.0,0.0,0.0,0.0,0.0,0.0,0.0,0.0,0.0,0.0,0.0,0.0,0.0,0.0,0.0,0.0,0.0,0.0,0.0,0.0,0.0,0.0,0.0,0.0,0.0,0.0,0.0,0.0,0.0,0.0,0.0,0.0,0.0,0.0,0.0,0.0,0.0,0.0,0.0,0.0,0.0,0.0,0.0,0.0,0.0,0.0,0.0,0.0,0.0,0.0,0.0,0.0,0.0,0.0,0.0,0.0,0.0,0.0,2.3431511365956693e-05,0.0,0.0,0.0,0.0,0.0,0.0,0.0,0.0,0.0,0.0,0.0,0.0,0.0,0.0,0.0,0.0,0.0,0.0,0.0,0.0,0.0,0.0,0.0,0.0,0.0,0.0,0.0,0.0,0.0,0.0,0.0,0.0,0.0,0.0,0.0,0.0,0.0,0.0,0.0,0.0,0.0,0.0,0.0,0.0,0.0,0.0,0.0,0.0,0.0,0.0,0.0,0.0,0.0,0.0,0.0,0.0,0.0,0.0
0.0,0.0,0.0,0.0,0.0,0.0,0.0,0.0,0.0,0.0,0.0,0.0,0.0,0.0,0.0,0.0,0.0,0.0,0.0,0.0,0.0,0.0,0.0,0.0,0.0,0.0,0.0,0.0,0.0,0.0,0.0,0.0,0.0,0.0,0.0,0.0,0.0,0.0,0.0,0.0,0.0,0.0,0.0,0.0,0.0,0.0,0.0,0.0,0.0,0.0,0.0,0.0,0.0,0.0,0.0,0.0,0.0,0.0,0.0,0.0,0.0,0.0,0.0,0.0,0.0,0.0,0.0,0.0,0.0,0.0,0.0,0.0,0.0,0.0,0.0,0.0,0.0,0.0,0.0,0.0,0.0,0.0,0.0,0.0,0.0,0.0,0.0,0.0,0.0,0.0,0.0,0.0,0.0,0.0,0.0,0.0,0.0,0.0,0.0,0.0,0.0,0.0,0.0,0.0,0.0,0.0,0.0,0.0,0.0,0.0,0.0,0.0,0.0,0.0,0.0,0.0,0.0,0.0,0.0,0.0,0.0,0.0,0.0,0.0,0.0,0.0,0.0,0.0,0.0,0.0,0.0,0.0,0.0,0.0,0.0,0.0,0.0,0.0,0.0,0.0,0.0,0.0,0.0,0.0,0.0,0.0,0.0,0.0,0.0,0.0,0.0,0.0,0.0,0.0,0.0,0.0,0.0,0.0,0.0,0.0,0.0,0.0,0.0,0.0,0.0,0.0,0.0,0.0,0.0,0.0,0.0,0.0,0.0,0.0,0.0,0.0,0.0,3.3473587665652417e-06,0.0,0.0,0.0,0.0,0.0,0.0,0.0,0.0,0.0,0.0,3.3473587665652417e-06,0.0,0.0,0.0,0.0,0.0,0.0,0.0,0.0,0.0,0.0,0.0,0.0,0.0,0.0,0.0,0.0,0.0,3.3473587665652417e-06,0.0,0.0,0.0,0.0,0.0,0.0,0.0,0.0,3.3473587665652417e-06,0.0,0.0,3.3473587665652417e-06,0.0,0.0,0.0,0.0,0.0,0.0,0.0,0.0,0.0,0.0,0.0,0.0,0.0,0.0,3.3473587665652417e-06,0.0,0.0,0.0,0.0,0.0,0.0,0.0,0.0,0.0,0.0,0.0,0.0,0.0,0.0,0.0,0.0,0.0,0.0,0.0,0.0,0.0,0.0,0.0,0.0,0.0,0.0,0.0,0.0,0.0,0.0,0.0,0.0,0.0,0.0,0.0,0.0,0.0,0.0,0.0,0.0,0.0,0.0,0.0,0.0,0.0,0.0,0.0,0.0,0.0,0.0,0.0,0.0,0.0,0.0,0.0,0.0,0.0,0.0,0.0,0.0,0.0,0.0,0.0,0.0,0.0,0.0,0.0,0.0,0.0,3.3473587665652417e-06,0.0,0.0,0.0,0.0,0.0,0.0,0.0,0.0,3.3473587665652417e-06,0.0,0.0,0.0,0.0,0.0,0.0,0.0,0.0,0.0,0.0,0.0,0.0,0.0,0.0,0.0,0.0,0.0,0.0,0.0,0.0,0.0,0.0,0.0,0.0,0.0,0.0,0.0,0.0,0.0,0.0,0.0,0.0,0.0,6.694717533130483e-06,0.0,0.0,0.0,0.0,0.0,0.0,0.0,0.0,0.0,0.0,0.0,0.0,0.0
0.0,0.0,0.0,0.0,0.0,0.0,0.0,0.0,0.0,0.0,0.0,0.0,0.0,0.0,0.0,0.0,0.0,0.0,0.0,0.0,0.0,0.0,0.0,0.0,0.0,0.0,0.0,0.0,0.0,0.0,0.0,0.0,0.0,0.0,0.0,0.0,0.0,0.0,0.0,0.0,0.0,0.0,0.0,0.0,0.0,0.0,0.0,0.0,0.0,0.0,0.0,6.694717533130483e-06,0.0,0.0,0.0,0.0,0.0,0.0,0.0,0.0,0.0,0.0,0.0,0.0,0.0,0.0,0.0,0.0,0.0,0.0,0.0,0.0,0.0,0.0,0.0,0.0,0.0,0.0,0.0,0.0,0.0,0.0,0.0,0.0,0.0,0.0,0.0,0.0,0.0,0.0,0.0,0.0,0.0,0.0,0.0,0.0,0.0,0.0,0.0,0.0,0.0,0.0,0.0,0.0,0.0,0.0,0.0,0.0,0.0,0.0,0.0,0.0,0.0,0.0,0.0,0.0,0.0,0.0,0.0,0.0,0.0,0.0,0.0,0.0,0.0,0.0,0.0,0.0,0.0,0.0,0.0,0.0,0.0,0.0,0.0,0.0,0.0,0.0,0.0,0.0,0.0,0.0,0.0,0.0,0.0,0.0,3.3473587665652417e-06,0.0,0.0,0.0,0.0,0.0,0.0,0.0,0.0,0.0,0.0,0.0,0.0,0.0,0.0,0.0,0.0,0.0,0.0,0.0,3.3473587665652417e-06,0.0,0.0,0.0,0.0,0.0,0.0,0.0,0.0,0.0,0.0,0.0,0.0,0.0,0.0,0.0,0.0,0.0,0.0,0.0,0.0,0.0,0.0,0.0,0.0,0.0,0.0,0.0,0.0,0.0,0.0,0.0,0.0,0.0,0.0,0.0,0.0,0.0,0.0,0.0,0.0,0.0,0.0,0.0,0.0,0.0,0.0,0.0,0.0,0.0,0.0,0.0,0.0,0.0,0.0,0.0,0.0,0.0,0.0,0.0,0.0,0.0,0.0,0.0,0.0,0.0,0.0,0.0,0.0,0.0,0.0,0.0,0.0,0.0,0.0,0.0,0.0,0.0,0.0,0.0,0.0,0.0,0.0,0.0,0.0,0.0,0.0,0.0,0.0,0.0,0.0,0.0,0.0,0.0,0.0,0.0,0.0,0.0,0.0,3.3473587665652417e-06,0.0,0.0,0.0,0.0,0.0,0.0,0.0,0.0,0.0,0.0,0.0,0.0,0.0,0.0,0.0,0.0,0.0,0.0,0.0,0.0,0.0,0.0,0.0,0.0,0.0,0.0,0.0,0.0,0.0,0.0,0.0,0.0,0.0,0.0,0.0,0.0,0.0,0.0,3.3473587665652417e-06,0.0,0.0,3.3473587665652417e-06,0.0,0.0,0.0,0.0,0.0,0.0,0.0,0.0,0.0,0.0,0.0,0.0,0.0,0.0,0.0,0.0,0.0,0.0,0.0,3.3473587665652417e-06,0.0,0.0,0.0,0.0,0.0,0.0,0.0,0.0,0.0,0.0,0.0,0.0,0.0,0.0,3.3473587665652417e-06,0.0,0.0,0.0,0.0,0.0,0.0,0.0,0.0,0.0,0.0,0.0,0.0,0.0,0.0,0.0,0.0,0.0
0.0,0.0,0.0,0.0,0.0,0.0,0.0,0.0,0.0,0.0,0.0,0.0,0.0,0.0,0.0,0.0,0.0,0.0,0.0,3.3473587665652417e-06,0.0,0.0,0.0,0.0,0.0,0.0,0.0,0.0,0.0,0.0,0.0,0.0,0.0,0.0,0.0,0.0,0.0,0.0,0.0,0.0,0.0,0.0,0.0,0.0,0.0,0.0,3.3473587665652417e-06,0.0,0.0,0.0,0.0,0.0,0.0,0.0,0.0,0.0,0.0,0.0,0.0,0.0,0.0,0.0,0.0,0.0,0.0,0.0,0.0,0.0,0.0,0.0,0.0,0.0,0.0,0.0,0.0,0.0,0.0,0.0,0.0,0.0,0.0,0.0,0.0,0.0,0.0,0.0,0.0,0.0,0.0,0.0,0.0,0.0,0.0,0.0,0.0,0.0,0.0,0.0,0.0,0.0,0.0,0.0,0.0,0.0,0.0,0.0,0.0,0.0,0.0,0.0,0.0,0.0,0.0,0.0,0.0,0.0,0.0,0.0,0.0,0.0,0.0,0.0,0.0,0.0,0.0,0.0,0.0,0.0,0.0,0.0,0.0,0.0,0.0,0.0,0.0,0.0,0.0,0.0,0.0,0.0,0.0,0.0,0.0,0.0,0.0,0.0,0.0,0.0,0.0,0.0,0.0,0.0,0.0,0.0,0.0,0.0,0.0,0.0,0.0,0.0,0.0,0.0,0.0,0.0,0.0,0.0,0.0,0.0,0.0,0.0,0.0,0.0,0.0,0.0,0.0,0.0,0.0,0.0,0.0,0.0,0.0,0.0,0.0,0.0,0.0,0.0,0.0,0.0,0.0,3.3473587665652417e-06,0.0,0.0,0.0,0.0,0.0,0.0,0.0,0.0,0.0,0.0,0.0,0.0,0.0,0.0,0.0,0.0,0.0,0.0,0.0,0.0,0.0,0.0,0.0,0.0,0.0,3.3473587665652417e-06,0.0,0.0,0.0,0.0,0.0,0.0,0.0,0.0,0.0,0.0,0.0,0.0,0.0,0.0,0.0,0.0,0.0,0.0,0.0,0.0,0.0,0.0,0.0,0.0,0.0,0.0,0.0,0.0,0.0,0.0,0.0,0.0,0.0,0.0,0.0,0.0,0.0,0.0,0.0,0.0,0.0,0.0,0.0,0.0,0.0,0.0,0.0,0.0,0.0,0.0,0.0,0.0,0.0,0.0,0.0,0.0,0.0,0.0,0.0,0.0,0.0,0.0,0.0,0.0,3.3473587665652417e-06,0.0,0.0,0.0,0.0,0.0,0.0,0.0,0.0,0.0,0.0,3.3473587665652417e-06,0.0,0.0,0.0,0.0,0.0,0.0,0.0,0.0,0.0,0.0,0.0,0.0,0.0,0.0,0.0,0.0,0.0,0.0,0.0,0.0,0.0,0.0,0.0,0.0,0.0,0.0,0.0,0.0,0.0,0.0,0.0,0.0,0.0,0.0,0.0,0.0,0.0,0.0,3.3473587665652417e-06,0.0,0.0,0.0,0.0,0.0,0.0,0.0,0.0,0.0,0.0,0.0,0.0,0.0,0.0,0.0,0.0,0.0,0.0,0.0,0.0,0.0,0.0,0.0,0.0,0.0,0.0,0.0,0.0,0.0
0.0,0.0,0.0,0.0,0.0,0.0,0.0,0.0,0.0,0.0,0.0,0.0,0.0,0.0,0.0,0.0,0.0,0.0,0.0,0.0,0.0,0.0,0.0,0.0,0.0,0.0,0.0,0.0,0.0,0.0,0.0,0.0,0.0,0.0,0.0,0.0,0.0,0.0,0.0,0.0,0.0,0.0,0.0,0.0,0.0,0.0,0.0,0.0,0.0,0.0,0.0,0.0,0.0,0.0,0.0,0.0,0.0,0.0,0.0,0.0,0.0,0.0,0.0,0.0,0.0,0.0,0.0,0.0,0.0,0.0,0.0,0.0,0.0,0.0,0.0,0.0,0.0,0.0,0.0,0.0,0.0,0.0,0.0,0.0,0.0,0.0,0.0,0.0,0.0,0.0,0.0,0.0,0.0,0.0,0.0,0.0,0.0,0.0,0.0,0.0,0.0,0.0,0.0,0.0,0.0,0.0,0.0,0.0,0.0,0.0,0.0,0.0,0.0,0.0,0.0,0.0,0.0,0.0,0.0,0.0,0.0,0.0,0.0,0.0,0.0,0.0,0.0,0.0,0.0,0.0,0.0,0.0,0.0,0.0,0.0,0.0,0.0,0.0,0.0,0.0,0.0,0.0,0.0,0.0,0.0,0.0,0.0,0.0,0.0,0.0,0.0,0.0,0.0,0.0,0.0,0.0,0.0,0.0,0.0,0.0,0.0,0.0,0.0,0.0,0.0,0.0,0.0,0.0,0.0,0.0,0.0,0.0,0.0,0.0,0.0,0.0,0.0,0.0,0.0,0.0,0.0,0.0,0.0,6.694717533130483e-06,0.0,0.0,0.0,0.0,0.0,0.0,6.694717533130483e-06,0.0,0.0,0.0,0.0,0.0,0.0,0.0,0.0,0.0,0.0,0.0,0.0,0.0,0.0,0.0,0.0,0.0,0.0,0.0,0.0,3.3473587665652417e-06,0.0,0.0,0.0,0.0,0.0,0.0,0.0,0.0,0.0,0.0,0.0,0.0,0.0,0.0,0.0,0.0,0.0,0.0,0.0,0.0,0.0,0.0,0.0,0.0,0.0,0.0,0.0,0.0,0.0,0.0,0.0,0.0,0.0,0.0,0.0,0.0,0.0,0.0,0.0,0.0,0.0,0.0,0.0,0.0,0.0,0.0,0.0,0.0,0.0,0.0,0.0,0.0,0.0,0.0,0.0,0.0,0.0,0.0,0.0,0.0,0.0,0.0,0.0,0.0,0.0,0.0,0.0,0.0,0.0,0.0,0.0,0.0,0.0,0.0,0.0,0.0,0.0,0.0,0.0,0.0,0.0,0.0,0.0,0.0,0.0,0.0,0.0,0.0,0.0,0.0,0.0,0.0,3.3473587665652417e-06,0.0,0.0,0.0,0.0,0.0,0.0,0.0,0.0,0.0,0.0,0.0,0.0,0.0,0.0,0.0,0.0,0.0,0.0,0.0,3.3473587665652417e-06,0.0,0.0,0.0,0.0,0.0,0.0,0.0,0.0,0.0,3.3473587665652417e-06,0.0,0.0,0.0,0.0,0.0,0.0,0.0,0.0,0.0,0.0,0.0,0.0,0.0,0.0,0.0,0.0,0.0,0.0,0.0,0.0,0.0,3.3473587665652417e-06,0.0,0.0,0.0
0.0,0.0,0.0,0.0,0.0,0.0,0.0,0.0,0.0,0.0,0.0,0.0,0.0,0.0,0.0,0.0,0.0,0.0,0.0,0.0,0.0,0.0,0.0,0.0,0.0,0.0,0.0,0.0,0.0,0.0,0.0,0.0,0.0,0.0,0.0,0.0,0.0,0.0,0.0,0.0,0.0,0.0,0.0,0.0,0.0,0.0,0.0,0.0,0.0,0.0,0.0,0.0,0.0,0.0,0.0,0.0,0.0,0.0,0.0,0.0,0.0,0.0,0.0,0.0,0.0,0.0,0.0,0.0,0.0,0.0,0.0,0.0,0.0,0.0,0.0,0.0,0.0,0.0,0.0,0.0,0.0,0.0,0.0,0.0,0.0,0.0,0.0,0.0,0.0,0.0,0.0,0.0,0.0,0.0,0.0,0.0,0.0,0.0,0.0,3.3473587665652417e-06,0.0,0.0,0.0,0.0,0.0,0.0,0.0,0.0,0.0,0.0,0.0,0.0,0.0,3.3473587665652417e-06,0.0,0.0,0.0,0.0,0.0,0.0,0.0,0.0,0.0,0.0,0.0,0.0,0.0,0.0,0.0,0.0,0.0,0.0,0.0,0.0,0.0,0.0,0.0,0.0,0.0,0.0,0.0,0.0,0.0,0.0,0.0,0.0,0.0,0.0,0.0,0.0,0.0,3.3473587665652417e-06,0.0,3.3473587665652417e-06,0.0,0.0,0.0,0.0,0.0,0.0,0.0,0.0,0.0,0.0,0.0,0.0,0.0,0.0,0.0,0.0,0.0,0.0,0.0,0.0,0.0,0.0,0.0,0.0,0.0,0.0,0.0,0.0,0.0,0.0,0.0,0.0,0.0,0.0,0.0,0.0,0.0,0.0,0.0,0.0,0.0,0.0,0.0,0.0,3.3473587665652417e-06,0.0,0.0,0.0,0.0,0.0,0.0,0.0,0.0,0.0,0.0,0.0,0.0,0.0,0.0,0.0,0.0,0.0,0.0,0.0,0.0,0.0,0.0,0.0,0.0,0.0,0.0,0.0,0.0,0.0,0.0,0.0,0.0,0.0,0.0,0.0,0.0,0.0,0.0,0.0,0.0,0.0,0.0,0.0,0.0,0.0,0.0,0.0,0.0,0.0,0.0,0.0,0.0,0.0,0.0,0.0,0.0,0.0,0.0,0.0,0.0,0.0,0.0,0.0,0.0,0.0,0.0,0.0,0.0,0.0,0.0,0.0,0.0,0.0,0.0,0.0,0.0,0.0,0.0,0.0,0.0,0.0,0.0,0.0,0.0,0.0,0.0,0.0,0.0,0.0,0.0,0.0,0.0,0.0,0.0,0.0,0.0,0.0,0.0,0.0,0.0,0.0,0.0,0.0,0.0,0.0,0.0,6.694717533130483e-06,0.0,0.0,3.3473587665652417e-06,0.0,0.0,0.0,0.0,0.0,0.0,0.0,0.0,0.0,0.0,0.0,0.0,0.0,0.0,0.0,0.0,0.0,0.0,0.0,0.0,0.0,0.0,0.0,0.0,0.0,0.0,0.0,0.0,0.0,0.0,0.0,0.0,0.0,0.0,0.0,0.0,0.0,0.0,0.0,0.0,0.0,0.0,0.0,0.0,0.0,0.0,0.0,0.0,0.0,0.0,0.0
0.0,0.0,3.3473587665652417e-06,0.0,0.0,0.0,0.0,0.0,0.0,0.0,0.0,0.0,0.0,0.0,0.0,0.0,0.0,0.0,0.0,0.0,0.0,0.0,0.0,0.0,3.3473587665652417e-06,0.0,0.0,0.0,0.0,0.0,0.0,0.0,0.0,0.0,0.0,0.0,0.0,0.0,0.0,0.0,0.0,0.0,0.0,0.0,0.0,0.0,0.0,0.0,0.0,0.0,0.0,0.0,0.0,0.0,0.0,0.0,0.0,0.0,0.0,0.0,0.0,0.0,0.0,0.0,0.0,0.0,0.0,0.0,0.0,0.0,0.0,0.0,0.0,0.0,0.0,0.0,0.0,0.0,0.0,0.0,0.0,0.0,0.0,0.0,0.0,0.0,0.0,0.0,0.0,0.0,0.0,0.0,0.0,0.0,0.0,0.0,0.0,0.0,0.0,0.0,0.0,0.0,0.0,0.0,0.0,0.0,0.0,0.0,0.0,0.0,0.0,0.0,0.0,0.0,0.0,0.0,0.0,0.0,0.0,0.0,0.0,0.0,0.0,0.0,3.3473587665652417e-06,0.0,0.0,0.0,0.0,0.0,0.0,0.0,0.0,0.0,0.0,0.0,0.0,0.0,0.0,0.0,0.0,0.0,0.0,3.3473587665652417e-06,0.0,0.0,0.0,0.0,0.0,0.0,0.0,0.0,0.0,0.0,0.0,3.3473587665652417e-06,0.0,0.0,0.0,0.0,0.0,0.0,0.0,0.0,0.0,0.0,0.0,0.0,0.0,0.0,0.0,0.0,0.0,0.0,0.0,3.3473587665652417e-06,0.0,0.0,0.0,0.0,0.0,0.0,0.0,0.0,0.0,0.0,0.0,0.0,0.0,0.0,0.0,0.0,0.0,0.0,0.0,0.0,0.0,0.0,0.0,0.0,0.0,0.0,0.0,0.0,0.0,0.0,0.0,0.0,0.0,0.0,0.0,0.0,0.0,0.0,0.0,0.0,0.0,0.0,0.0,0.0,0.0,0.0,0.0,0.0,0.0,0.0,0.0,0.0,0.0,0.0,0.0,0.0,0.0,0.0,0.0,0.0,0.0,0.0,0.0,0.0,0.0,0.0,0.0,0.0,0.0,0.0,0.0,0.0,0.0,0.0,0.0,0.0,6.694717533130483e-06,0.0,0.0,0.0,0.0,0.0,0.0,0.0,0.0,0.0,0.0,0.0,0.0,0.0,3.3473587665652417e-06,0.0,3.3473587665652417e-06,0.0,0.0,0.0,0.0,0.0,0.0,0.0,0.0,0.0,0.0,0.0,3.3473587665652417e-06,0.0,0.0,0.0,0.0,0.0,0.0,0.0,0.0,0.0,0.0,0.0,0.0,0.0,0.0,0.0,0.0,0.0,0.0,0.0,0.0,0.0,0.0,0.0,0.0,0.0,0.0,0.0,3.3473587665652417e-06,3.3473587665652417e-06,0.0,0.0,0.0,0.0,0.0,0.0,0.0,0.0,0.0,0.0,0.0,0.0,0.0,0.0,0.0,0.0,0.0,0.0,0.0,0.0,0.0,0.0,0.0,0.0,0.0,0.0,0.0,0.0,0.0,0.0,0.0,0.0,0.0,0.0,0.0,0.0,0.0,0.0,0.0,0.0,0.0,0.0,0.0,0.0,0.0,0.0,0.0,0.0,0.0,0.0
0.0,0.0,0.0,0.0,0.0,0.0,0.0,0.0,0.0,0.0,0.0,0.0,0.0,0.0,0.0,0.0,0.0,0.0,0.0,0.0,0.0,0.0,0.0,0.0,0.0,0.0,0.0,0.0,0.0,0.0,0.0,0.0,0.0,0.0,0.0,0.0,0.0,0.0,0.0,0.0,0.0,0.0,0.0,0.0,0.0,0.0,0.0,0.0,0.0,0.0,0.0,0.0,0.0,0.0,0.0,0.0,0.0,0.0,0.0,0.0,0.0,0.0,0.0,0.0,0.0,0.0,0.0,0.0,0.0,0.0,0.0,0.0,0.0,0.0,0.0,0.0,0.0,0.0,0.0,0.0,0.0,0.0,0.0,0.0,6.694717533130483e-06,0.0,0.0,0.0,0.0,0.0,0.0,0.0,0.0,0.0,0.0,0.0,0.0,0.0,0.0,0.0,0.0,0.0,0.0,0.0,0.0,0.0,0.0,0.0,0.0,0.0,0.0,0.0,0.0,0.0,0.0,0.0,0.0,0.0,0.0,3.3473587665652417e-06,0.0,0.0,0.0,3.3473587665652417e-06,0.0,6.694717533130483e-06,0.0,0.0,0.0,0.0,0.0,0.0,0.0,0.0,0.0,0.0,0.0,0.0,0.0,0.0,0.0,0.0,0.0,0.0,0.0,0.0,0.0,0.0,0.0,0.0,0.0,0.0,0.0,0.0,0.0,0.0,0.0,0.0,0.0,0.0,0.0,0.0,0.0,0.0,0.0,0.0,0.0,0.0,0.0,0.0,0.0,0.0,0.0,0.0,0.0,0.0,0.0,0.0,0.0,0.0,0.0,0.0,0.0,0.0,0.0,0.0,0.0,0.0,0.0,0.0,0.0,0.0,0.0,0.0,0.0,0.0,0.0,0.0,0.0,0.0,0.0,0.0,0.0,0.0,0.0,0.0,0.0,0.0,0.0,0.0,0.0,0.0,0.0,0.0,3.3473587665652417e-06,0.0,0.0,0.0,0.0,0.0,0.0,0.0,0.0,0.0,0.0,0.0,0.0,0.0,0.0,0.0,0.0,0.0,0.0,0.0,0.0,0.0,0.0,0.0,0.0,0.0,0.0,0.0,0.0,0.0,0.0,0.0,0.0,0.0,0.0,0.0,0.0,0.0,0.0,0.0,0.0,0.0,3.3473587665652417e-06,0.0,0.0,0.0,0.0,0.0,0.0,0.0,0.0,0.0,3.3473587665652417e-06,0.0,3.3473587665652417e-06,0.0,0.0,0.0,0.0,0.0,0.0,0.0,0.0,0.0,3.3473587665652417e-06,3.3473587665652417e-06,0.0,0.0,0.0,0.0,0.0,0.0,0.0,0.0,0.0,0.0,0.0,0.0,0.0,0.0,0.0,3.3473587665652417e-06,0.0,0.0,0.0,0.0,0.0,0.0,0.0,0.0,0.0,0.0,0.0,0.0,0.0,0.0,0.0,0.0,0.0,0.0,0.0,0.0,0.0,0.0,0.0,0.0,0.0,0.0,0.0,0.0,0.0,0.0,0.0,0.0,0.0,0.0,0.0,0.0,0.0,0.0,0.0,0.0,0.0,0.0,0.0,0.0,0.0,0.0,0.0,3.3473587665652417e-06,0.0,0.0,0.0,0.0,0.0,0.0,0.0,0.0,0.0,0.0,0.0,0.0,0.0,0.0,0.0,0.0
0.0,0.0,0.0,0.0,0.0,0.0,0.0,0.0,0.0,0.0,0.0,0.0,0.0,0.0,0.0,0.0,0.0,0.0,0.0,0.0,0.0,0.0,0.0,0.0,0.0,0.0,0.0,0.0,0.0,0.0,0.0,0.0,0.0,0.0,0.0,0.0,0.0,0.0,0.0,0.0,0.0,0.0,0.0,0.0,0.0,3.3473587665652417e-06,0.0,0.0,0.0,0.0,0.0,0.0,0.0,0.0,0.0,0.0,0.0,0.0,0.0,0.0,0.0,0.0,0.0,0.0,0.0,0.0,0.0,0.0,0.0,0.0,0.0,0.0,0.0,0.0,0.0,0.0,0.0,0.0,0.0,0.0,0.0,0.0,0.0,0.0,0.0,0.0,0.0,0.0,0.0,0.0,0.0,0.0,0.0,0.0,0.0,0.0,0.0,0.0,0.0,0.0,0.0,0.0,0.0,0.0,0.0,0.0,0.0,0.0,0.0,0.0,0.0,0.0,0.0,0.0,0.0,0.0,0.0,0.0,0.0,0.0,0.0,0.0,0.0,0.0,0.0,0.0,0.0,0.0,0.0,0.0,0.0,0.0,0.0,0.0,0.0,0.0,3.3473587665652417e-06,0.0,0.0,0.0,0.0,0.0,3.3473587665652417e-06,0.0,0.0,0.0,0.0,0.0,0.0,0.0,0.0,0.0,0.0,0.0,0.0,0.0,0.0,0.0,0.0,0.0,0.0,0.0,0.0,0.0,0.0,0.0,0.0,0.0,0.0,0.0,0.0,0.0,0.0,0.0,0.0,0.0,0.0,0.0,0.0,0.0,3.3473587665652417e-06,0.0,0.0,0.0,0.0,0.0,0.0,0.0,0.0,0.0,0.0,0.0,0.0,0.0,0.0,0.0,0.0,0.0,0.0,0.0,0.0,0.0,0.0,0.0,0.0,0.0,0.0,0.0,0.0,0.0,0.0,0.0,0.0,0.0,0.0,0.0,0.0,0.0,0.0,0.0,0.0,0.0,0.0,0.0,0.0,0.0,0.0,0.0,0.0,0.0,0.0,0.0,0.0,0.0,0.0,0.0,0.0,0.0,0.0,0.0,0.0,0.0,0.0,0.0,0.0,0.0,0.0,0.0,0.0,0.0,0.0,0.0,0.0,0.0,0.0,0.0,0.0,0.0,0.0,0.0,0.0,0.0,0.0,0.0,0.0,0.0,0.0,0.0,0.0,0.0,0.0,0.0,0.0,0.0,0.0,0.0,0.0,0.0,3.3473587665652417e-06,0.0,0.0,0.0,0.0,0.0,0.0,3.3473587665652417e-06,3.3473587665652417e-06,0.0,0.0,0.0,0.0,0.0,0.0,0.0,0.0,0.0,0.0,0.0,0.0,0.0,0.0,0.0,0.0,0.0,0.0,0.0,0.0,0.0,0.0,0.0,0.0,0.0,0.0,0.0,0.0,0.0,0.0,0.0,0.0,0.0,0.0,0.0,0.0,0.0,0.0,0.0,0.0,0.0,0.0,0.0,0.0,0.0,0.0,0.0,0.0,0.0,0.0,0.0,3.3473587665652417e-06,0.0,0.0,0.0,0.0,0.0,0.0,0.0,0.0,0.0,0.0,0.0,0.0,0.0,0.0,0.0,0.0,0.0,0.0,0.0,0.0,0.0
0.0,0.0,0.0,0.0,0.0,0.0,0.0,0.0,0.0,0.0,0.0,0.0,0.0,0.0,0.0,0.0,0.0,0.0,0.0,0.0,0.0,0.0,0.0,0.0,0.0,0.0,0.0,0.0,0.0,0.0,0.0,0.0,0.0,0.0,0.0,0.0,0.0,0.0,0.0,0.0,0.0,0.0,0.0,0.0,0.0,3.3473587665652417e-06,0.0,0.0,0.0,0.0,0.0,0.0,0.0,0.0,0.0,0.0,0.0,0.0,0.0,0.0,0.0,0.0,0.0,0.0,0.0,0.0,0.0,0.0,0.0,0.0,0.0,0.0,0.0,0.0,0.0,0.0,0.0,0.0,0.0,0.0,0.0,0.0,0.0,0.0,0.0,0.0,0.0,0.0,0.0,0.0,0.0,0.0,0.0,0.0,0.0,0.0,0.0,0.0,0.0,0.0,0.0,0.0,0.0,0.0,0.0,0.0,0.0,0.0,0.0,0.0,0.0,0.0,0.0,0.0,0.0,0.0,0.0,0.0,0.0,0.0,0.0,0.0,0.0,0.0,3.3473587665652417e-06,0.0,0.0,0.0,0.0,0.0,0.0,0.0,0.0,0.0,0.0,0.0,0.0,0.0,0.0,0.0,0.0,0.0,0.0,3.3473587665652417e-06,0.0,0.0,0.0,0.0,0.0,0.0,0.0,0.0,0.0,0.0,0.0,0.0,0.0,0.0,0.0,0.0,0.0,0.0,0.0,0.0,3.3473587665652417e-06,0.0,0.0,0.0,3.3473587665652417e-06,0.0,0.0,0.0,0.0,0.0,0.0,0.0,0.0,0.0,0.0,0.0,0.0,0.0,0.0,0.0,0.0,0.0,0.0,0.0,0.0,6.694717533130483e-06,0.0,0.0,0.0,0.0,0.0,0.0,0.0,0.0,0.0,0.0,0.0,0.0,0.0,0.0,0.0,0.0,0.0,0.0,0.0,0.0,0.0,0.0,0.0,0.0,0.0,0.0,0.0,0.0,0.0,0.0,0.0,0.0,0.0,0.0,0.0,0.0,0.0,0.0,0.0,0.0,0.0,0.0,0.0,0.0,0.0,0.0,0.0,0.0,0.0,0.0,0.0,0.0,0.0,0.0,0.0,0.0,0.0,0.0,0.0,0.0,0.0,0.0,0.0,0.0,0.0,0.0,0.0,0.0,0.0,0.0,0.0,0.0,0.0,0.0,3.3473587665652417e-06,0.0,0.0,0.0,0.0,0.0,0.0,0.0,0.0,0.0,0.0,0.0,3.3473587665652417e-06,0.0,0.0,0.0,0.0,0.0,0.0,0.0,0.0,0.0,0.0,0.0,0.0,0.0,0.0,0.0,0.0,0.0,0.0,0.0,0.0,0.0,0.0,0.0,0.0,0.0,0.0,0.0,0.0,0.0,0.0,0.0,3.3473587665652417e-06,0.0,6.694717533130483e-06,0.0,0.0,0.0,0.0,0.0,0.0,0.0,0.0,0.0,0.0,0.0,0.0,0.0,0.0,0.0,0.0,0.0,0.0,0.0,0.0,0.0,0.0,0.0,0.0,0.0,0.0,0.0,0.0,0.0,0.0,0.0,0.0,0.0,0.0,0.0,0.0,0.0,0.0,0.0,0.0,0.0,0.0,0.0,0.0,0.0,0.0,0.0,0.0,0.0
0.0,0.0,0.0,0.0,0.0,0.0,3.3473587665652417e-06,0.0,0.0,0.0,0.0,0.0,3.3473587665652417e-06,0.0,0.0,0.0,0.0,0.0,0.0,0.0,0.0,0.0,0.0,0.0,0.0,0.0,0.0,0.0,0.0,0.0,0.0,0.0,0.0,0.0,0.0,3.3473587665652417e-06,0.0,0.0,0.0,0.0,0.0,0.0,0.0,0.0,0.0,0.0,0.0,0.0,0.0,0.0,0.0,0.0,0.0,0.0,0.0,0.0,0.0,0.0,0.0,0.0,0.0,0.0,0.0,0.0,0.0,0.0,0.0,0.0,0.0,0.0,0.0,0.0,0.0,0.0,0.0,0.0,0.0,0.0,0.0,0.0,0.0,0.0,0.0,0.0,0.0,0.0,0.0,0.0,0.0,0.0,0.0,0.0,0.0,0.0,0.0,0.0,0.0,0.0,0.0,6.694717533130483e-06,0.0,0.0,0.0,0.0,0.0,0.0,0.0,0.0,0.0,0.0,0.0,0.0,0.0,0.0,0.0,0.0,0.0,0.0,3.3473587665652417e-06,0.0,0.0,0.0,0.0,0.0,0.0,0.0,0.0,0.0,0.0,0.0,3.3473587665652417e-06,0.0,0.0,0.0,0.0,0.0,0.0,0.0,0.0,0.0,0.0,3.3473587665652417e-06,0.0,0.0,0.0,0.0,0.0,0.0,0.0,0.0,0.0,0.0,0.0,0.0,0.0,0.0,0.0,0.0,0.0,0.0,0.0,0.0,0.0,0.0,0.0,0.0,0.0,0.0,0.0,0.0,0.0,0.0,0.0,0.0,0.0,0.0,0.0,0.0,0.0,0.0,0.0,0.0,0.0,0.0,0.0,0.0,0.0,0.0,0.0,0.0,0.0,0.0,0.0,0.0,0.0,0.0,0.0,0.0,0.0,0.0,0.0,0.0,0.0,0.0,0.0,3.3473587665652417e-06,0.0,0.0,0.0,0.0,0.0,0.0,0.0,0.0,0.0,0.0,0.0,0.0,0.0,0.0,0.0,0.0,0.0,0.0,0.0,0.0,0.0,0.0,3.3473587665652417e-06,0.0,0.0,0.0,0.0,0.0,0.0,0.0,0.0,0.0,0.0,0.0,0.0,0.0,0.0,0.0,0.0,0.0,0.0,0.0,0.0,0.0,0.0,0.0,0.0,0.0,0.0,0.0,0.0,0.0,0.0,0.0,0.0,0.0,3.3473587665652417e-06,0.0,0.0,0.0,0.0,3.3473587665652417e-06,3.3473587665652417e-06,0.0,0.0,0.0,0.0,0.0,0.0,0.0,0.0,0.0,0.0,3.3473587665652417e-06,0.0,0.0,0.0,0.0,0.0,0.0,0.0,0.0,0.0,0.0,0.0,0.0,0.0,0.0,0.0,0.0,0.0,0.0,0.0,0.0,0.0,0.0,0.0,0.0,0.0,0.0,0.0,0.0,0.0,0.0,0.0,0.0,0.0,0.0,0.0,0.0,0.0,0.0,0.0,0.0,0.0,0.0,0.0,0.0,0.0,0.0,0.0,0.0,0.0,0.0,0.0,0.0,0.0,0.0,0.0,0.0,3.3473587665652417e-06,0.0,0.0,0.0,0.0,0.0,0.0,0.0,0.0,0.0,0.0,0.0,0.0,0.0,0.0,0.0,0.0,0.0,0.0,0.0,0.0,0.0,0.0,0.0
0.0,0.0,3.3473587665652417e-06,0.0,0.0,0.0,0.0,0.0,0.0,0.0,0.0,0.0,0.0,0.0,0.0,0.0,0.0,0.0,0.0,0.0,0.0,0.0,0.0,0.0,0.0,0.0,0.0,0.0,0.0,0.0,0.0,0.0,0.0,0.0,0.0,0.0,0.0,0.0,0.0,0.0,0.0,0.0,0.0,0.0,0.0,0.0,0.0,0.0,0.0,0.0,0.0,0.0,0.0,0.0,0.0,0.0,0.0,0.0,0.0,0.0,0.0,0.0,0.0,0.0,0.0,0.0,0.0,0.0,0.0,0.0,0.0,0.0,0.0,0.0,0.0,0.0,0.0,0.0,0.0,0.0,0.0,0.0,0.0,0.0,0.0,0.0,0.0,0.0,0.0,0.0,0.0,0.0,0.0,0.0,0.0,0.0,0.0,0.0,0.0,3.3473587665652417e-06,0.0,0.0,0.0,0.0,0.0,0.0,0.0,0.0,0.0,0.0,0.0,0.0,0.0,0.0,0.0,0.0,0.0,0.0,0.0,0.0,0.0,0.0,0.0,0.0,0.0,0.0,0.0,0.0,0.0,0.0,0.0,0.0,0.0,0.0,0.0,0.0,0.0,0.0,0.0,0.0,0.0,0.0,0.0,0.0,0.0,0.0,0.0,0.0,0.0,0.0,0.0,0.0,0.0,0.0,0.0,0.0,0.0,0.0,0.0,0.0,0.0,0.0,0.0,0.0,1.3389435066260967e-05,0.0,0.0,0.0,0.0,0.0,0.0,0.0,0.0,0.0,0.0,0.0,0.0,0.0,0.0,0.0,0.0,0.0,0.0,0.0,3.3473587665652417e-06,0.0,0.0,0.0,0.0,0.0,0.0,0.0,0.0,0.0,0.0,0.0,0.0,0.0,0.0,0.0,0.0,0.0,0.0,0.0,0.0,0.0,0.0,0.0,0.0,0.0,0.0,0.0,0.0,0.0,0.0,0.0,0.0,0.0,0.0,0.0,0.0,0.0,0.0,0.0,0.0,0.0,0.0,0.0,0.0,0.0,0.0,0.0,0.0,0.0,0.0,0.0,0.0,0.0,0.0,0.0,0.0,0.0,0.0,0.0,0.0,0.0,0.0,0.0,0.0,0.0,0.0,0.0,0.0,0.0,0.0,0.0,0.0,0.0,0.0,0.0,0.0,0.0,0.0,0.0,0.0,0.0,0.0,0.0,0.0,0.0,3.3473587665652417e-06,0.0,0.0,0.0,0.0,0.0,0.0,0.0,0.0,0.0,0.0,0.0,0.0,0.0,0.0,0.0,0.0,0.0,0.0,0.0,0.0,0.0,0.0,0.0,0.0,0.0,0.0,0.0,0.0,0.0,0.0,0.0,0.0,0.0,0.0,0.0,0.0,0.0,0.0,0.0,0.0,0.0,0.0,0.0,0.0,0.0,0.0,0.0,0.0,0.0,0.0,0.0,0.0,0.0,0.0,0.0,0.0,3.3473587665652417e-06,0.0,0.0,0.0,0.0,0.0,0.0,0.0,0.0,0.0,0.0,0.0,0.0,0.0,0.0,0.0,0.0,0.0,0.0,6.694717533130483e-06,0.0,0.0,0.0,0.0,0.0,0.0,0.0,0.0,0.0,0.0,0.0,0.0,0.0
0.0,0.0,0.0,0.0,0.0,0.0,0.0,0.0,0.0,0.0,0.0,0.0,0.0,0.0,0.0,6.694717533130483e-06,0.0,0.0,0.0,0.0,0.0,0.0,0.0,0.0,0.0,0.0,0.0,0.0,0.0,0.0,0.0,0.0,0.0,0.0,0.0,0.0,0.0,0.0,0.0,0.0,0.0,0.0,0.0,0.0,0.0,0.0,0.0,0.0,0.0,0.0,0.0,0.0,0.0,0.0,0.0,0.0,0.0,0.0,0.0,0.0,0.0,0.0,0.0,0.0,0.0,0.0,0.0,0.0,0.0,0.0,0.0,0.0,0.0,0.0,0.0,0.0,0.0,0.0,0.0,0.0,0.0,0.0,0.0,3.3473587665652417e-06,0.0,0.0,0.0,0.0,0.0,0.0,0.0,0.0,0.0,0.0,0.0,0.0,0.0,0.0,0.0,0.0,0.0,0.0,0.0,0.0,0.0,0.0,0.0,0.0,0.0,0.0,0.0,0.0,0.0,0.0,0.0,0.0,0.0,0.0,0.0,0.0,0.0,0.0,0.0,0.0,0.0,0.0,0.0,0.0,0.0,0.0,0.0,0.0,0.0,0.0,0.0,0.0,0.0,0.0,0.0,0.0,0.0,0.0,0.0,0.0,3.3473587665652417e-06,0.0,0.0,0.0,2.6778870132521933e-05,6.694717533130483e-06,3.3473587665652417e-06,0.0,0.0,0.0,0.0,0.0,0.0,0.0,0.0,0.0,0.0,0.0,0.0,0.0,0.0,0.0,0.0,0.0,0.0,0.0,6.694717533130483e-06,3.3473587665652417e-06,0.0,0.0,0.0,0.0,0.0,0.0,0.0,0.0,0.0,0.0,0.0,0.0,0.0,0.0,0.0,0.0,0.0,0.0,0.0,0.0,0.0,0.0,0.0,0.0,0.0,0.0,0.0,0.0,0.0,0.0,0.0,0.0,3.3473587665652417e-06,0.0,0.0,0.0,0.0,0.0,0.0,0.0,0.0,0.0,0.0,0.0,0.0,0.0,0.0,0.0,0.0,0.0,0.0,0.0,0.0,0.0,0.0,0.0,0.0,0.0,0.0,0.0,0.0,0.0,0.0,0.0,0.0,0.0,0.0,0.0,0.0,0.0,0.0,0.0,0.0,0.0,0.0,3.3473587665652417e-06,0.0,0.0,0.0,0.0,0.0,0.0,0.0,0.0,3.3473587665652417e-06,0.0,0.0,0.0,3.3473587665652417e-06,0.0,0.0,0.0,0.0,0.0,0.0,0.0,0.0,0.0,0.0,0.0,0.0,0.0,0.0,0.0,0.0,0.0,0.0,0.0,0.0,0.0,0.0,0.0,0.0,0.0,0.0,0.0,0.0,0.0,0.0,0.0,0.0,0.0,0.0,0.0,0.0,0.0,0.0,0.0,0.0,0.0,0.0,0.0,0.0,0.0,0.0,0.0,0.0,0.0,0.0,0.0,0.0,6.694717533130483e-06,0.0,0.0,0.0,0.0,0.0,0.0,0.0,0.0,0.0,0.0,0.0,0.0,0.0,0.0,0.0,0.0,0.0,0.0,0.0,0.0,0.0,0.0,0.0,0.0,0.0,0.0,0.0,0.0,0.0,0.0,0.0,0.0,0.0,0.0,0.0,0.0,0.0,0.0,0.0,0.0,0.0,0.0,0.0,0.0,0.0,0.0
0.0,0.0,0.0,0.0,3.3473587665652417e-06,0.0,0.0,0.0,0.0,0.0,0.0,0.0,0.0,0.0,0.0,0.0,0.0,0.0,0.0,0.0,0.0,0.0,0.0,0.0,0.0,0.0,0.0,0.0,0.0,0.0,0.0,0.0,0.0,0.0,0.0,0.0,0.0,0.0,0.0,0.0,0.0,0.0,0.0,0.0,0.0,0.0,0.0,0.0,0.0,0.0,0.0,0.0,0.0,0.0,0.0,0.0,0.0,0.0,0.0,0.0,0.0,0.0,0.0,0.0,0.0,0.0,0.0,0.0,0.0,0.0,0.0,0.0,0.0,0.0,0.0,0.0,0.0,0.0,0.0,0.0,0.0,0.0,0.0,0.0,0.0,0.0,0.0,0.0,0.0,0.0,0.0,0.0,0.0,0.0,0.0,0.0,0.0,0.0,0.0,0.0,0.0,0.0,0.0,0.0,0.0,0.0,0.0,0.0,0.0,0.0,0.0,0.0,3.3473587665652417e-06,0.0,0.0,0.0,0.0,0.0,0.0,0.0,0.0,0.0,0.0,0.0,0.0,0.0,0.0,0.0,0.0,0.0,0.0,0.0,0.0,0.0,0.0,0.0,0.0,0.0,0.0,0.0,0.0,0.0,0.0,0.0,0.0,0.0,0.0,0.0,0.0,0.0,0.0,0.0,0.0,0.0,0.0,0.0,0.0,0.0,0.0,0.0,0.0,0.0,0.0,0.0,0.0,0.0,0.0,0.0,0.0,0.0,0.0,0.0,0.0,0.0,0.0,0.0,0.0,0.0,0.0,0.0,0.0,3.3473587665652417e-06,0.0,0.0,3.3473587665652417e-06,0.0,0.0,0.0,0.0,0.0,0.0,0.0,0.0,0.0,0.0,0.0,0.0,0.0,0.0,0.0,0.0,0.0,0.0,0.0,0.0,0.0,0.0,0.0,0.0,0.0,0.0,0.0,0.0,0.0,0.0,0.0,0.0,0.0,0.0,0.0,0.0,0.0,0.0,0.0,0.0,0.0,0.0,0.0,0.0,0.0,0.0,0.0,0.0,0.0,0.0,0.0,0.0,0.0,0.0,0.0,0.0,0.0,3.3473587665652417e-06,0.0,0.0,0.0,0.0,0.0,0.0,0.0,0.0,0.0,0.0,0.0,0.0,0.0,0.0,0.0,0.0,0.0,0.0,0.0,0.0,0.0,0.0,0.0,0.0,0.0,0.0,0.0,0.0,0.0,0.0,0.0,0.0,0.0,0.0,0.0,0.0,0.0,0.0,0.0,0.0,0.0,0.0,0.0,0.0,0.0,0.0,0.0,0.0,0.0,0.0,0.0,0.0,0.0,0.0,0.0,0.0,3.3473587665652417e-06,0.0,0.0,0.0,0.0,0.0,0.0,0.0,0.0,0.0,0.0,0.0,0.0,0.0,0.0,0.0,0.0,0.0,0.0,0.0,0.0,0.0,0.0,0.0,0.0,0.0,0.0,0.0,0.0,0.0,0.0,0.0,0.0,0.0,3.3473587665652417e-06,0.0,0.0,0.0,0.0,0.0,0.0,0.0,0.0,0.0,0.0,0.0,0.0,0.0,0.0,3.3473587665652417e-06,0.0,0.0,0.0,0.0,0.0,0.0,0.0,0.0,0.0,0.0,0.0
0.0,0.0,0.0,0.0,0.0,0.0,0.0,0.0,0.0,0.0,0.0,0.0,0.0,0.0,0.0,0.0,0.0,0.0,0.0,0.0,0.0,0.0,0.0,0.0,0.0,0.0,3.3473587665652417e-06,0.0,0.0,0.0,0.0,0.0,0.0,0.0,0.0,0.0,0.0,0.0,0.0,0.0,0.0,0.0,0.0,0.0,0.0,0.0,0.0,0.0,0.0,3.3473587665652417e-06,0.0,0.0,0.0,0.0,0.0,0.0,0.0,0.0,0.0,0.0,0.0,0.0,0.0,0.0,0.0,0.0,0.0,0.0,0.0,0.0,0.0,0.0,0.0,0.0,0.0,0.0,0.0,0.0,0.0,0.0,0.0,0.0,0.0,0.0,0.0,0.0,0.0,0.0,0.0,0.0,0.0,0.0,0.0,0.0,0.0,0.0,0.0,0.0,0.0,0.0,0.0,0.0,0.0,0.0,0.0,0.0,0.0,0.0,0.0,0.0,0.0,0.0,3.3473587665652417e-06,0.0,0.0,0.0,0.0,3.3473587665652417e-06,0.0,0.0,0.0,0.0,0.0,0.0,0.0,0.0,0.0,0.0,0.0,0.0,0.0,0.0,0.0,0.0,0.0,0.0,0.0,0.0,0.0,0.0,0.0,0.0,0.0,0.0,0.0,0.0,0.0,0.0,0.0,0.0,0.0,0.0,0.0,0.0,0.0,3.3473587665652417e-06,0.0,0.0,0.0,0.0,0.0,0.0,0.0,0.0,0.0,0.0,0.0,0.0,0.0,0.0,0.0,0.0,0.0,0.0,0.0,0.0,0.0,0.0,0.0,0.0,0.0,0.0,0.0,0.0,0.0,0.0,0.0,0.0,0.0,0.0,0.0,0.0,0.0,0.0,0.0,0.0,0.0,0.0,0.0,0.0,0.0,0.0,0.0,0.0,0.0,0.0,0.0,0.0,0.0,0.0,0.0,0.0,3.3473587665652417e-06,0.0,0.0,0.0,0.0,0.0,0.0,0.0,0.0,0.0,0.0,0.0,0.0,0.0,0.0,0.0,0.0,0.0,0.0,0.0,0.0,0.0,0.0,0.0,0.0,0.0,0.0,0.0,0.0,0.0,0.0,0.0,0.0,0.0,0.0,0.0,0.0,0.0,0.0,0.0,0.0,0.0,0.0,0.0,0.0,0.0,0.0,0.0,0.0,0.0,0.0,0.0,0.0,0.0,0.0,0.0,0.0,0.0,3.3473587665652417e-06,0.0,0.0,0.0,0.0,0.0,0.0,0.0,0.0,0.0,6.694717533130483e-06,0.0,0.0,0.0,0.0,0.0,0.0,0.0,0.0,0.0,0.0,0.0,0.0,0.0,0.0,0.0,0.0,3.3473587665652417e-06,0.0,0.0,0.0,0.0,0.0,0.0,0.0,0.0,0.0,0.0,0.0,0.0,0.0,0.0,0.0,0.0,0.0,0.0,0.0,0.0,0.0,0.0,0.0,0.0,0.0,0.0,0.0,0.0,0.0,0.0,0.0,0.0,0.0,0.0,0.0,0.0,0.0,0.0,3.3473587665652417e-06,0.0,0.0,0.0,0.0,3.3473587665652417e-06,0.0,0.0,0.0,0.0,0.0,0.0,0.0,0.0,0.0,0.0,0.0,0.0,0.0,3.3473587665652417e-06,0.0,0.0,0.0,0.0
3.3473587665652417e-06,6.694717533130483e-06,0.0,0.0,0.0,0.0,0.0,0.0,0.0,0.0,0.0,0.0,0.0,0.0,0.0,0.0,0.0,0.0,0.0,0.0,0.0,0.0,0.0,0.0,0.0,0.0,0.0,0.0,0.0,0.0,0.0,3.3473587665652417e-06,0.0,0.0,0.0,0.0,0.0,0.0,0.0,0.0,0.0,0.0,0.0,0.0,0.0,0.0,0.0,0.0,0.0,0.0,0.0,0.0,0.0,0.0,0.0,0.0,0.0,0.0,0.0,0.0,0.0,0.0,0.0,0.0,0.0,0.0,0.0,0.0,0.0,0.0,0.0,0.0,0.0,0.0,0.0,0.0,0.0,0.0,0.0,0.0,0.0,0.0,0.0,0.0,0.0,0.0,0.0,0.0,0.0,0.0,0.0,0.0,0.0,0.0,0.0,0.0,0.0,0.0,0.0,0.0,0.0,0.0,0.0,0.0,0.0,0.0,0.0,0.0,0.0,0.0,0.0,0.0,0.0,0.0,0.0,0.0,0.0,0.0,0.0,0.0,0.0,0.0,0.0,0.0,0.0,0.0,0.0,0.0,0.0,0.0,0.0,0.0,0.0,0.0,3.3473587665652417e-06,0.0,0.0,0.0,0.0,0.0,0.0,0.0,0.0,0.0,6.694717533130483e-06,0.0,0.0,0.0,3.3473587665652417e-06,0.0,0.0,0.0,0.0,0.0,0.0,3.3473587665652417e-06,0.0,0.0,0.0,0.0,0.0,0.0,0.0,0.0,0.0,0.0,0.0,0.0,3.3473587665652417e-06,0.0,1.3389435066260967e-05,0.0,0.0,0.0,0.0,0.0,0.0,0.0,0.0,0.0,0.0,0.0,0.0,0.0,0.0,0.0,0.0,0.0,0.0,0.0,0.0,0.0,0.0,0.0,0.0,0.0,0.0,0.0,0.0,0.0,0.0,0.0,0.0,0.0,0.0,0.0,0.0,0.0,0.0,0.0,0.0,0.0,0.0,0.0,0.0,0.0,0.0,0.0,0.0,0.0,0.0,0.0,0.0,0.0,0.0,0.0,0.0,0.0,0.0,0.0,0.0,0.0,0.0,0.0,0.0,0.0,0.0,0.0,0.0,0.0,0.0,0.0,0.0,0.0,0.0,0.0,0.0,0.0,0.0,0.0,0.0,0.0,0.0,0.0,0.0,0.0,0.0,0.0,0.0,0.0,0.0,0.0,0.0,0.0,0.0,0.0,0.0,0.0,0.0,0.0,0.0,0.0,0.0,0.0,0.0,0.0,0.0,0.0,0.0,0.0,0.0,0.0,0.0,0.0,0.0,0.0,0.0,0.0,0.0,0.0,0.0,0.0,0.0,0.0,3.3473587665652417e-06,0.0,0.0,0.0,0.0,0.0,0.0,0.0,3.3473587665652417e-06,0.0,0.0,0.0,0.0,0.0,0.0,0.0,0.0,0.0,0.0,0.0,0.0,0.0,3.3473587665652417e-06,0.0,0.0,0.0,0.0,0.0,0.0,0.0,0.0,0.0,0.0,0.0,0.0,0.0,3.3473587665652417e-06,0.0,0.0,0.0,0.0,0.0,0.0,0.0,0.0,0.0,0.0,0.0,0.0,0.0,0.0,0.0,0.0,0.0,0.0,0.0,0.0,0.0,0.0,0.0,0.0,0.0,0.0,0.0,0.0,0.0
0.0,0.0,0.0,0.0,0.0,0.0,0.0,0.0,0.0,0.0,0.0,0.0,0.0,0.0,0.0,0.0,0.0,0.0,0.0,0.0,0.0,0.0,0.0,0.0,0.0,0.0,0.0,0.0,0.0,0.0,0.0,3.3473587665652417e-06,0.0,0.0,0.0,0.0,0.0,0.0,0.0,0.0,0.0,0.0,0.0,0.0,0.0,0.0,0.0,0.0,0.0,0.0,0.0,0.0,0.0,0.0,0.0,0.0,0.0,0.0,0.0,0.0,0.0,0.0,0.0,0.0,0.0,0.0,0.0,0.0,0.0,0.0,0.0,0.0,0.0,0.0,0.0,0.0,0.0,0.0,0.0,0.0,0.0,0.0,0.0,0.0,0.0,0.0,0.0,0.0,0.0,0.0,0.0,0.0,0.0,0.0,0.0,0.0,0.0,0.0,0.0,0.0,0.0,0.0,0.0,0.0,0.0,0.0,0.0,0.0,0.0,3.3473587665652417e-06,0.0,0.0,0.0,0.0,0.0,3.3473587665652417e-06,0.0,0.0,0.0,0.0,0.0,0.0,0.0,0.0,0.0,0.0,0.0,0.0,0.0,0.0,0.0,0.0,0.0,0.0,0.0,0.0,0.0,0.0,0.0,0.0,0.0,0.0,0.0,0.0,0.0,0.0,0.0,0.0,0.0,0.0,0.0,0.0,0.0,0.0,0.0,0.0,3.3473587665652417e-06,0.0,0.0,0.0,0.0,6.694717533130483e-06,0.0,0.0,0.0,3.3473587665652417e-06,0.0,0.0,0.0,0.0,0.0,0.0,0.0,0.0,0.0,0.0,0.0,0.0,0.0,0.0,0.0,0.0,0.0,0.0,0.0,0.0,0.0,0.0,0.0,0.0,0.0,0.0,0.0,0.0,0.0,0.0,0.0,0.0,0.0,0.0,0.0,0.0,3.3473587665652417e-06,0.0,0.0,0.0,0.0,0.0,0.0,0.0,0.0,0.0,0.0,0.0,0.0,0.0,0.0,0.0,0.0,0.0,0.0,0.0,0.0,0.0,0.0,0.0,0.0,0.0,0.0,0.0,0.0,0.0,0.0,0.0,0.0,0.0,0.0,0.0,0.0,0.0,0.0,0.0,0.0,0.0,0.0,0.0,0.0,0.0,0.0,0.0,0.0,0.0,0.0,0.0,0.0,0.0,0.0,0.0,0.0,0.0,0.0,0.0,0.0,0.0,0.0,0.0,0.0,0.0,0.0,0.0,0.0,0.0,0.0,0.0,0.0,0.0,0.0,0.0,3.3473587665652417e-06,0.0,0.0,0.0,0.0,0.0,0.0,0.0,0.0,0.0,0.0,0.0,0.0,0.0,0.0,0.0,0.0,0.0,0.0,0.0,0.0,0.0,0.0,0.0,0.0,0.0,0.0,0.0,0.0,0.0,0.0,0.0,0.0,0.0,0.0,0.0,0.0,0.0,0.0,0.0,0.0,0.0,0.0,0.0,0.0,0.0,0.0,0.0,0.0,0.0,0.0,0.0,0.0,0.0,0.0,0.0,0.0,0.0,0.0,0.0,0.0,0.0,0.0,0.0,0.0,0.0,0.0,0.0,0.0,0.0,0.0,0.0,0.0,0.0,0.0,0.0,0.0,0.0,0.0,0.0,0.0,0.0
0.0,0.0,0.0,0.0,0.0,0.0,0.0,0.0,3.3473587665652417e-06,0.0,0.0,0.0,0.0,0.0,0.0,0.0,0.0,0.0,0.0,0.0,0.0,0.0,0.0,0.0,0.0,0.0,0.0,0.0,0.0,0.0,0.0,0.0,0.0,0.0,0.0,0.0,0.0,0.0,0.0,0.0,0.0,0.0,0.0,0.0,0.0,0.0,0.0,0.0,0.0,0.0,0.0,0.0,0.0,0.0,0.0,0.0,0.0,0.0,0.0,0.0,0.0,0.0,0.0,0.0,0.0,0.0,0.0,0.0,0.0,0.0,0.0,0.0,0.0,0.0,0.0,0.0,0.0,0.0,0.0,0.0,0.0,0.0,0.0,0.0,0.0,0.0,0.0,0.0,0.0,0.0,0.0,0.0,0.0,0.0,0.0,0.0,0.0,0.0,0.0,0.0,0.0,0.0,0.0,0.0,0.0,0.0,0.0,0.0,0.0,0.0,0.0,0.0,0.0,0.0,0.0,0.0,0.0,0.0,0.0,0.0,0.0,0.0,0.0,0.0,0.0,0.0,0.0,0.0,3.3473587665652417e-06,3.3473587665652417e-06,0.0,0.0,0.0,0.0,0.0,0.0,3.3473587665652417e-06,0.0,0.0,0.0,0.0,0.0,0.0,0.0,0.0,0.0,0.0,0.0,0.0,0.0,0.0,0.0,0.0,0.0,0.0,0.0,0.0,0.0,3.3473587665652417e-06,0.0,0.0,0.0,0.0,0.0,0.0,0.0,0.0,0.0,0.0,0.0,0.0,0.0,0.0,0.0,0.0,0.0,0.0,0.0,0.0,0.0,0.0,0.0,0.0,0.0,0.0,0.0,0.0,0.0,0.0,0.0,0.0,0.0,0.0,0.0,0.0,0.0,0.0,0.0,0.0,0.0,0.0,0.0,0.0,3.3473587665652417e-06,0.0,0.0,0.0,0.0,0.0,0.0,0.0,0.0,0.0,0.0,0.0,0.0,0.0,0.0,0.0,0.0,0.0,0.0,0.0,0.0,3.3473587665652417e-06,0.0,0.0,0.0,0.0,0.0,0.0,0.0,0.0,0.0,0.0,0.0,0.0,0.0,0.0,0.0,0.0,0.0,0.0,0.0,0.0,0.0,0.0,0.0,0.0,0.0,0.0,0.0,0.0,3.3473587665652417e-06,0.0,0.0,0.0,0.0,0.0,0.0,0.0,0.0,0.0,0.0,0.0,6.694717533130483e-06,0.0,0.0,0.0,0.0,0.0,0.0,0.0,0.0,0.0,0.0,0.0,0.0,0.0,0.0,0.0,0.0,0.0,0.0,3.3473587665652417e-06,0.0,0.0,0.0,0.0,0.0,0.0,0.0,0.0,0.0,0.0,0.0,0.0,0.0,0.0,0.0,0.0,0.0,0.0,0.0,0.0,0.0,3.3473587665652417e-06,0.0,0.0,0.0,0.0,0.0,0.0,0.0,6.694717533130483e-06,0.0,0.0,0.0,0.0,0.0,0.0,0.0,0.0,0.0,0.0,3.3473587665652417e-06,0.0,0.0,6.694717533130483e-06,0.0,0.0,0.0,0.0,3.3473587665652417e-06,0.0,0.0,3.3473587665652417e-06,0.0,0.0,0.0,0.0,0.0,0.0,0.0,0.0,0.0,0.0,0.0,0.0,0.0,0.0,0.0,3.3473587665652417e-06,0.0,0.0,0.0,0.0,0.0,0.0,0.0
0.0,0.0,0.0,0.0,6.694717533130483e-06,0.0,0.0,0.0,0.0,0.0,0.0,0.0,0.0,0.0,0.0,0.0,0.0,0.0,0.0,0.0,0.0,0.0,0.0,0.0,0.0,0.0,0.0,0.0,0.0,0.0,0.0,0.0,0.0,0.0,0.0,0.0,0.0,0.0,0.0,0.0,0.0,0.0,0.0,0.0,0.0,0.0,0.0,0.0,0.0,0.0,0.0,0.0,0.0,0.0,0.0,0.0,0.0,0.0,0.0,0.0,0.0,0.0,0.0,0.0,0.0,0.0,0.0,0.0,0.0,0.0,0.0,0.0,0.0,0.0,0.0,0.0,0.0,0.0,0.0,0.0,0.0,0.0,0.0,0.0,0.0,0.0,0.0,0.0,0.0,0.0,0.0,0.0,0.0,0.0,0.0,0.0,0.0,0.0,0.0,0.0,0.0,0.0,0.0,0.0,0.0,0.0,0.0,0.0,0.0,0.0,0.0,0.0,0.0,0.0,0.0,0.0,0.0,0.0,0.0,0.0,0.0,0.0,0.0,0.0,0.0,0.0,0.0,0.0,0.0,0.0,0.0,0.0,0.0,0.0,0.0,0.0,0.0,0.0,0.0,0.0,0.0,0.0,0.0,0.0,3.3473587665652417e-06,0.0,0.0,0.0,0.0,0.0,0.0,0.0,0.0,0.0,0.0,0.0,0.0,0.0,3.3473587665652417e-06,0.0,0.0,0.0,0.0,0.0,0.0,0.0,0.0,0.0,0.0,0.0,0.0,0.0,0.0,0.0,3.3473587665652417e-06,0.0,0.0,0.0,0.0,0.0,0.0,0.0,0.0,0.0,0.0,0.0,0.0,0.0,0.0,0.0,0.0,0.0,0.0,0.0,0.0,0.0,0.0,0.0,0.0,0.0,0.0,0.0,0.0,0.0,0.0,0.0,0.0,3.3473587665652417e-06,0.0,0.0,0.0,0.0,0.0,3.3473587665652417e-06,0.0,0.0,0.0,0.0,0.0,0.0,0.0,0.0,0.0,0.0,0.0,0.0,0.0,0.0,0.0,0.0,0.0,0.0,0.0,0.0,0.0,0.0,0.0,0.0,0.0,0.0,0.0,0.0,0.0,0.0,0.0,0.0,0.0,0.0,0.0,0.0,0.0,0.0,0.0,0.0,0.0,0.0,0.0,0.0,0.0,0.0,0.0,0.0,0.0,0.0,0.0,0.0,0.0,0.0,0.0,0.0,0.0,0.0,0.0,3.3473587665652417e-06,0.0,0.0,0.0,0.0,0.0,0.0,0.0,0.0,0.0,0.0,0.0,0.0,0.0,0.0,0.0,0.0,0.0,0.0,0.0,0.0,0.0,0.0,0.0,0.0,0.0,0.0,0.0,0.0,3.3473587665652417e-06,0.0,0.0,0.0,0.0,0.0,0.0,0.0,0.0,0.0,0.0,0.0,0.0,0.0,0.0,0.0,0.0,0.0,0.0,0.0,0.0,3.3473587665652417e-06,0.0,0.0,0.0,0.0,0.0,0.0,0.0,0.0,0.0,0.0,0.0,0.0,0.0,0.0,0.0,0.0,0.0,0.0,0.0,0.0,0.0,6.694717533130483e-06,0.0,0.0,3.3473587665652417e-06,0.0,0.0,0.0,0.0,0.0,0.0,0.0,0.0,0.0,0.0,0.0
0.0,0.0,0.0,0.0,0.0,0.0,0.0,0.0,0.0,0.0,0.0,0.0,0.0,0.0,0.0,0.0,0.0,0.0,3.3473587665652417e-06,0.0,0.0,0.0,0.0,0.0,0.0,0.0,0.0,0.0,0.0,0.0,0.0,0.0,0.0,0.0,0.0,0.0,0.0,0.0,0.0,0.0,0.0,0.0,0.0,0.0,0.0,0.0,0.0,0.0,0.0,0.0,0.0,0.0,0.0,0.0,0.0,0.0,0.0,0.0,0.0,0.0,0.0,0.0,0.0,0.0,0.0,0.0,0.0,0.0,0.0,0.0,0.0,0.0,0.0,0.0,0.0,0.0,0.0,0.0,0.0,0.0,0.0,0.0,0.0,0.0,0.0,0.0,0.0,0.0,0.0,0.0,0.0,0.0,0.0,0.0,0.0,0.0,0.0,0.0,0.0,0.0,0.0,0.0,0.0,0.0,0.0,0.0,0.0,0.0,0.0,0.0,0.0,0.0,0.0,0.0,0.0,0.0,0.0,0.0,0.0,0.0,0.0,0.0,0.0,0.0,0.0,0.0,0.0,0.0,0.0,0.0,0.0,0.0,0.0,0.0,0.0,0.0,0.0,0.0,0.0,0.0,0.0,0.0,0.0,0.0,0.0,0.0,0.0,0.0,0.0,0.0,0.0,0.0,0.0,0.0,0.0,0.0,0.0,0.0,0.0,0.0,0.0,0.0,0.0,0.0,0.0,0.0,0.0,0.0,0.0,0.0,0.0,0.0,0.0,0.0,0.0,0.0,0.0,0.0,0.0,0.0,0.0,0.0,0.0,0.0,0.0,0.0,0.0,0.0,0.0,0.0,0.0,0.0,0.0,0.0,0.0,0.0,3.3473587665652417e-06,3.3473587665652417e-06,0.0,0.0,0.0,0.0,0.0,0.0,0.0,0.0,0.0,0.0,0.0,0.0,0.0,0.0,0.0,0.0,0.0,0.0,0.0,0.0,0.0,0.0,0.0,0.0,0.0,0.0,0.0,0.0,0.0,0.0,0.0,0.0,0.0,0.0,0.0,0.0,0.0,0.0,0.0,0.0,0.0,0.0,0.0,0.0,0.0,0.0,0.0,0.0,0.0,0.0,0.0,0.0,0.0,0.0,0.0,0.0,0.0,0.0,0.0,0.0,0.0,0.0,0.0,0.0,0.0,0.0,0.0,0.0,0.0,0.0,0.0,0.0,0.0,0.0,0.0,0.0,0.0,0.0,0.0,0.0,0.0,0.0,0.0,0.0,0.0,0.0,0.0,0.0,0.0,0.0,0.0,0.0,3.3473587665652417e-06,0.0,3.3473587665652417e-06,0.0,0.0,0.0,3.3473587665652417e-06,0.0,0.0,3.3473587665652417e-06,3.3473587665652417e-06,0.0,0.0,0.0,0.0,0.0,0.0,0.0,0.0,0.0,0.0,0.0,0.0,0.0,0.0,0.0,0.0,0.0,0.0,0.0,0.0,0.0,0.0,0.0,0.0,3.3473587665652417e-06,0.0,0.0,0.0,0.0,0.0,0.0,0.0,0.0,0.0,0.0,0.0,3.3473587665652417e-06,0.0,0.0,0.0,0.0,0.0,0.0,0.0,0.0,0.0,3.3473587665652417e-06,0.0,0.0,0.0,0.0,0.0,0.0,0.0,0.0,0.0,0.0,0.0,0.0
0.0,0.0,0.0,0.0,0.0,0.0,0.0,0.0,6.694717533130483e-06,0.0,0.0,0.0,0.0,0.0,0.0,0.0,0.0,0.0,0.0,0.0,0.0,0.0,0.0,0.0,0.0,0.0,0.0,0.0,0.0,0.0,0.0,0.0,0.0,0.0,0.0,0.0,0.0,0.0,0.0,0.0,0.0,0.0,0.0,0.0,0.0,0.0,0.0,0.0,0.0,0.0,0.0,0.0,0.0,0.0,0.0,0.0,0.0,0.0,0.0,0.0,0.0,0.0,0.0,0.0,0.0,0.0,0.0,0.0,0.0,0.0,0.0,0.0,0.0,0.0,0.0,0.0,0.0,0.0,0.0,0.0,0.0,0.0,0.0,0.0,0.0,0.0,0.0,0.0,0.0,0.0,0.0,0.0,0.0,0.0,0.0,0.0,0.0,0.0,0.0,0.0,0.0,0.0,0.0,0.0,0.0,0.0,0.0,0.0,0.0,0.0,0.0,0.0,0.0,0.0,0.0,0.0,0.0,0.0,0.0,0.0,0.0,0.0,0.0,0.0,0.0,0.0,0.0,0.0,0.0,0.0,0.0,3.3473587665652417e-06,0.0,0.0,0.0,0.0,0.0,0.0,0.0,0.0,0.0,0.0,0.0,0.0,0.0,0.0,0.0,0.0,0.0,0.0,0.0,0.0,0.0,0.0,0.0,0.0,0.0,0.0,0.0,3.3473587665652417e-06,0.0,0.0,0.0,0.0,0.0,0.0,3.3473587665652417e-06,0.0,0.0,0.0,0.0,0.0,0.0,0.0,0.0,0.0,0.0,0.0,0.0,0.0,0.0,3.3473587665652417e-06,0.0,0.0,0.0,0.0,0.0,0.0,0.0,0.0,0.0,0.0,0.0,0.0,0.0,0.0,0.0,0.0,0.0,0.0,0.0,0.0,0.0,0.0,0.0,0.0,0.0,0.0,0.0,0.0,0.0,0.0,0.0,0.0,0.0,3.3473587665652417e-06,0.0,0.0,0.0,0.0,0.0,0.0,0.0,0.0,0.0,0.0,6.694717533130483e-06,0.0,0.0,0.0,0.0,0.0,0.0,0.0,0.0,0.0,0.0,0.0,0.0,0.0,0.0,0.0,0.0,0.0,0.0,0.0,0.0,0.0,0.0,0.0,0.0,0.0,0.0,0.0,0.0,0.0,0.0,0.0,0.0,0.0,0.0,0.0,0.0,0.0,0.0,0.0,3.3473587665652417e-06,0.0,0.0,0.0,0.0,0.0,0.0,0.0,0.0,0.0,0.0,0.0,0.0,0.0,0.0,0.0,0.0,0.0,0.0,0.0,0.0,0.0,0.0,0.0,0.0,0.0,0.0,0.0,0.0,0.0,0.0,3.3473587665652417e-06,0.0,0.0,0.0,0.0,3.3473587665652417e-06,0.0,0.0,0.0,0.0,0.0,0.0,0.0,0.0,0.0,0.0,0.0,0.0,0.0,6.694717533130483e-06,0.0,0.0,3.3473587665652417e-06,0.0,0.0,0.0,0.0,0.0,0.0,0.0,0.0,0.0,0.0,0.0,0.0,0.0,0.0,0.0,0.0,3.3473587665652417e-06,6.694717533130483e-06,0.0,0.0,0.0,0.0,0.0,0.0,3.3473587665652417e-06,0.0,0.0,0.0,0.0,0.0,0.0,0.0,0.0,0.0,0.0,0.0,0.0,6.694717533130483e-06,0.0,0.0
0.0,0.0,0.0,3.3473587665652417e-06,0.0,0.0,0.0,0.0,0.0,0.0,0.0,0.0,0.0,0.0,3.3473587665652417e-06,0.0,0.0,0.0,0.0,0.0,0.0,0.0,0.0,0.0,0.0,0.0,0.0,0.0,0.0,0.0,0.0,0.0,0.0,0.0,0.0,0.0,0.0,0.0,0.0,0.0,0.0,0.0,0.0,0.0,0.0,0.0,0.0,0.0,0.0,0.0,0.0,0.0,0.0,0.0,0.0,0.0,0.0,0.0,0.0,0.0,0.0,0.0,0.0,0.0,0.0,0.0,0.0,0.0,0.0,0.0,0.0,0.0,0.0,0.0,0.0,0.0,0.0,0.0,0.0,0.0,0.0,3.3473587665652417e-06,0.0,0.0,0.0,0.0,0.0,0.0,0.0,3.3473587665652417e-06,0.0,0.0,0.0,0.0,0.0,0.0,0.0,0.0,0.0,0.0,0.0,0.0,0.0,0.0,0.0,0.0,0.0,0.0,0.0,0.0,0.0,0.0,0.0,0.0,0.0,0.0,0.0,0.0,0.0,0.0,0.0,0.0,0.0,0.0,0.0,0.0,0.0,0.0,0.0,0.0,0.0,0.0,0.0,0.0,0.0,3.3473587665652417e-06,0.0,0.0,0.0,0.0,0.0,0.0,0.0,0.0,0.0,0.0,0.0,0.0,3.3473587665652417e-06,0.0,0.0,0.0,0.0,0.0,0.0,0.0,0.0,0.0,0.0,0.0,0.0,0.0,0.0,0.0,0.0,0.0,0.0,0.0,0.0,0.0,0.0,0.0,0.0,0.0,0.0,0.0,0.0,0.0,0.0,0.0,3.3473587665652417e-06,0.0,0.0,0.0,0.0,0.0,0.0,0.0,0.0,3.3473587665652417e-06,0.0,0.0,0.0,0.0,0.0,0.0,0.0,0.0,0.0,0.0,0.0,0.0,0.0,0.0,0.0,0.0,0.0,0.0,0.0,0.0,0.0,0.0,0.0,0.0,0.0,0.0,0.0,0.0,0.0,0.0,0.0,0.0,0.0,0.0,0.0,0.0,0.0,0.0,0.0,0.0,0.0,0.0,0.0,0.0,0.0,0.0,0.0,0.0,0.0,0.0,0.0,0.0,0.0,0.0,0.0,0.0,0.0,0.0,0.0,0.0,0.0,0.0,0.0,0.0,0.0,0.0,0.0,0.0,0.0,0.0,0.0,0.0,3.3473587665652417e-06,3.3473587665652417e-06,0.0,0.0,0.0,0.0,0.0,3.3473587665652417e-06,0.0,0.0,0.0,0.0,3.3473587665652417e-06,3.3473587665652417e-06,0.0,0.0,0.0,0.0,0.0,0.0,0.0,0.0,0.0,0.0,6.694717533130483e-06,0.0,0.0,0.0,0.0,0.0,0.0,0.0,0.0,0.0,0.0,0.0,0.0,0.0,0.0,0.0,0.0,0.0,0.0,0.0,0.0,0.0,0.0,0.0,0.0,0.0,0.0,0.0,0.0,3.3473587665652417e-06,0.0,0.0,0.0,0.0,0.0,0.0,3.3473587665652417e-06,0.0,0.0,0.0,0.0,3.3473587665652417e-06,0.0,0.0,3.3473587665652417e-06,6.694717533130483e-06,0.0,0.0,0.0,0.0,0.0,0.0,0.0,0.0,0.0,3.3473587665652417e-06,0.0,0.0,0.0,0.0,0.0,0.0,0.0,0.0,0.0,0.0,0.0,0.0,0.0,0.0,0.0,0.0,0.0,0.0
0.0,0.0,0.0,0.0,0.0,0.0,3.3473587665652417e-06,0.0,0.0,0.0,0.0,3.3473587665652417e-06,0.0,0.0,0.0,0.0,0.0,0.0,0.0,0.0,0.0,0.0,0.0,0.0,0.0,0.0,0.0,0.0,0.0,0.0,0.0,0.0,0.0,0.0,0.0,0.0,0.0,0.0,0.0,0.0,0.0,0.0,0.0,0.0,0.0,0.0,0.0,0.0,0.0,0.0,0.0,0.0,0.0,0.0,0.0,0.0,0.0,0.0,0.0,0.0,0.0,0.0,0.0,0.0,0.0,0.0,0.0,0.0,0.0,0.0,0.0,0.0,0.0,0.0,0.0,0.0,0.0,0.0,0.0,0.0,0.0,3.3473587665652417e-06,0.0,0.0,0.0,0.0,0.0,0.0,0.0,0.0,0.0,0.0,0.0,0.0,0.0,0.0,0.0,0.0,0.0,0.0,0.0,0.0,0.0,0.0,0.0,0.0,0.0,0.0,0.0,0.0,0.0,0.0,0.0,0.0,0.0,0.0,0.0,0.0,0.0,0.0,0.0,0.0,0.0,0.0,0.0,0.0,0.0,0.0,0.0,0.0,0.0,0.0,0.0,3.3473587665652417e-06,3.3473587665652417e-06,0.0,6.694717533130483e-06,0.0,0.0,0.0,0.0,0.0,0.0,0.0,0.0,0.0,0.0,0.0,0.0,0.0,0.0,0.0,0.0,0.0,0.0,0.0,0.0,0.0,0.0,0.0,0.0,0.0,0.0,0.0,0.0,0.0,0.0,0.0,0.0,0.0,0.0,0.0,0.0,0.0,0.0,0.0,0.0,0.0,0.0,0.0,0.0,0.0,0.0,0.0,0.0,0.0,0.0,3.3473587665652417e-06,0.0,0.0,0.0,0.0,0.0,0.0,0.0,0.0,0.0,0.0,0.0,0.0,0.0,0.0,0.0,0.0,0.0,0.0,0.0,0.0,0.0,0.0,0.0,0.0,0.0,3.3473587665652417e-06,0.0,0.0,0.0,0.0,0.0,0.0,0.0,0.0,0.0,0.0,0.0,0.0,0.0,0.0,0.0,6.694717533130483e-06,0.0,0.0,0.0,0.0,3.3473587665652417e-06,0.0,0.0,0.0,0.0,0.0,3.3473587665652417e-06,0.0,0.0,0.0,0.0,0.0,0.0,0.0,0.0,0.0,0.0,0.0,0.0,0.0,0.0,0.0,0.0,0.0,0.0,0.0,3.3473587665652417e-06,0.0,0.0,0.0,0.0,0.0,0.0,0.0,0.0,0.0,0.0,0.0,0.0,0.0,0.0,0.0,0.0,0.0,0.0,0.0,0.0,0.0,0.0,0.0,0.0,0.0,0.0,0.0,0.0,0.0,0.0,0.0,3.3473587665652417e-06,0.0,0.0,0.0,0.0,0.0,0.0,0.0,0.0,0.0,0.0,0.0,3.3473587665652417e-06,0.0,0.0,3.3473587665652417e-06,0.0,0.0,0.0,0.0,0.0,3.3473587665652417e-06,3.3473587665652417e-06,0.0,0.0,0.0,0.0,0.0,0.0,0.0,0.0,3.3473587665652417e-06,0.0,0.0,0.0,0.0,0.0,3.3473587665652417e-06,0.0,0.0,0.0,0.0,0.0,0.0,0.0,0.0,0.0,0.0,0.0,0.0,0.0,0.0,0.0,0.0,0.0,3.3473587665652417e-06,0.0,0.0,0.0,0.0,0.0,0.0,0.0,0.0,0.0,0.0,0.0,3.3473587665652417e-06
3.3473587665652417e-06,0.0,0.0,0.0,0.0,1.3389435066260967e-05,0.0,6.694717533130483e-06,0.0,0.0,0.0,0.0,0.0,0.0,0.0,0.0,0.0,0.0,0.0,0.0,0.0,0.0,0.0,0.0,0.0,0.0,0.0,0.0,0.0,0.0,0.0,0.0,0.0,0.0,0.0,0.0,0.0,0.0,0.0,0.0,0.0,0.0,0.0,0.0,0.0,0.0,0.0,0.0,0.0,0.0,0.0,0.0,0.0,0.0,0.0,0.0,0.0,0.0,0.0,0.0,0.0,0.0,0.0,0.0,0.0,3.3473587665652417e-06,0.0,0.0,0.0,0.0,0.0,0.0,0.0,0.0,0.0,0.0,0.0,0.0,0.0,0.0,0.0,0.0,0.0,0.0,0.0,0.0,0.0,0.0,0.0,0.0,0.0,0.0,0.0,0.0,0.0,0.0,0.0,0.0,0.0,0.0,0.0,0.0,0.0,0.0,0.0,0.0,0.0,0.0,0.0,0.0,0.0,0.0,0.0,0.0,0.0,0.0,0.0,0.0,0.0,0.0,0.0,0.0,0.0,0.0,0.0,0.0,0.0,0.0,0.0,0.0,0.0,0.0,0.0,0.0,0.0,3.3473587665652417e-06,0.0,0.0,0.0,0.0,0.0,0.0,0.0,0.0,0.0,0.0,0.0,0.0,0.0,0.0,0.0,0.0,3.3473587665652417e-06,3.3473587665652417e-06,0.0,0.0,0.0,0.0,0.0,0.0,0.0,0.0,0.0,0.0,0.0,0.0,0.0,6.694717533130483e-06,0.0,0.0,0.0,0.0,0.0,3.3473587665652417e-06,0.0,0.0,0.0,0.0,0.0,0.0,0.0,0.0,3.3473587665652417e-06,3.3473587665652417e-06,0.0,0.0,0.0,3.3473587665652417e-06,0.0,0.0,0.0,0.0,0.0,0.0,0.0,0.0,0.0,0.0,0.0,0.0,0.0,0.0,0.0,0.0,0.0,0.0,0.0,0.0,0.0,0.0,0.0,0.0,0.0,0.0,0.0,0.0,0.0,0.0,0.0,0.0,0.0,0.0,3.3473587665652417e-06,0.0,0.0,0.0,0.0,0.0,0.0,0.0,0.0,0.0,0.0,0.0,0.0,0.0,0.0,0.0,0.0,0.0,0.0,0.0,0.0,0.0,3.3473587665652417e-06,0.0,0.0,0.0,0.0,0.0,3.3473587665652417e-06,3.3473587665652417e-06,0.0,0.0,3.3473587665652417e-06,3.3473587665652417e-06,0.0,0.0,0.0,0.0,0.0,0.0,0.0,0.0,0.0,0.0,0.0,0.0,0.0,0.0,0.0,0.0,0.0,0.0,0.0,0.0,0.0,0.0,0.0,0.0,0.0,0.0,0.0,0.0,0.0,0.0,0.0,0.0,0.0,0.0,0.0,0.0,6.694717533130483e-06,2.008415259939145e-05,0.0,0.0,0.0,0.0,0.0,0.0,0.0,0.0,0.0,3.3473587665652417e-06,0.0,0.0,0.0,0.0,0.0,0.0,0.0,0.0,3.3473587665652417e-06,0.0,0.0,0.0,0.0,0.0,3.3473587665652417e-06,0.0,3.3473587665652417e-06,0.0,0.0,0.0,0.0,0.0,0.0,0.0,0.0,3.3473587665652417e-06,3.3473587665652417e-06,0.0,0.0,0.0,0.0,3.3473587665652417e-06,0.0,0.0,0.0,0.0,0.0,0.0,0.0,0.0,3.3473587665652417e-06,0.0,0.0,0.0,0.0,0.0,0.0,0.0,0.0,0.0,0.0,0.0,0.0,0.0,0.0,0.0
0.0,0.0,0.0,0.0,0.0,0.0,0.0,3.3473587665652417e-06,0.0,0.0,0.0,0.0,0.0,0.0,0.0,0.0,0.0,0.0,0.0,0.0,0.0,0.0,0.0,0.0,0.0,0.0,0.0,0.0,0.0,0.0,0.0,0.0,0.0,0.0,0.0,0.0,0.0,0.0,0.0,0.0,0.0,0.0,0.0,0.0,0.0,0.0,0.0,0.0,0.0,0.0,0.0,0.0,0.0,0.0,0.0,0.0,0.0,0.0,0.0,0.0,0.0,0.0,0.0,0.0,0.0,0.0,3.3473587665652417e-06,0.0,0.0,0.0,0.0,0.0,0.0,0.0,0.0,0.0,0.0,0.0,0.0,0.0,0.0,0.0,0.0,0.0,0.0,0.0,0.0,0.0,0.0,0.0,0.0,0.0,0.0,0.0,0.0,0.0,0.0,0.0,0.0,0.0,0.0,0.0,0.0,0.0,0.0,0.0,0.0,0.0,0.0,3.3473587665652417e-06,0.0,0.0,0.0,0.0,0.0,0.0,0.0,0.0,0.0,0.0,0.0,0.0,0.0,0.0,0.0,0.0,0.0,3.3473587665652417e-06,0.0,0.0,0.0,0.0,0.0,0.0,0.0,0.0,0.0,0.0,0.0,0.0,0.0,0.0,0.0,0.0,0.0,0.0,0.0,0.0,0.0,0.0,0.0,0.0,0.0,0.0,0.0,0.0,0.0,0.0,0.0,0.0,0.0,0.0,0.0,0.0,0.0,0.0,3.3473587665652417e-06,0.0,0.0,0.0,0.0,0.0,3.3473587665652417e-06,0.0,0.0,0.0,0.0,0.0,0.0,0.0,0.0,0.0,0.0,0.0,0.0,0.0,0.0,0.0,0.0,0.0,0.0,0.0,0.0,0.0,0.0,0.0,0.0,3.3473587665652417e-06,0.0,0.0,0.0,0.0,0.0,0.0,0.0,0.0,0.0,0.0,0.0,0.0,0.0,0.0,0.0,0.0,0.0,0.0,0.0,0.0,0.0,0.0,0.0,0.0,0.0,0.0,0.0,0.0,3.3473587665652417e-06,0.0,0.0,0.0,0.0,0.0,0.0,0.0,0.0,0.0,0.0,0.0,0.0,0.0,0.0,0.0,0.0,0.0,0.0,0.0,0.0,0.0,0.0,0.0,0.0,0.0,3.3473587665652417e-06,0.0,0.0,0.0,0.0,0.0,0.0,0.0,0.0,0.0,0.0,0.0,0.0,0.0,0.0,0.0,0.0,0.0,0.0,0.0,0.0,0.0,0.0,0.0,0.0,0.0,0.0,0.0,0.0,0.0,0.0,3.3473587665652417e-06,3.3473587665652417e-06,0.0,0.0,0.0,0.0,0.0,0.0,0.0,0.0,0.0,0.0,0.0,0.0,0.0,0.0,0.0,0.0,0.0,0.0,0.0,0.0,0.0,0.0,0.0,0.0,0.0,0.0,0.0,0.0,0.0,0.0,0.0,0.0,0.0,0.0,6.694717533130483e-06,0.0,3.3473587665652417e-06,0.0,0.0,0.0,0.0,0.0,0.0,0.0,3.3473587665652417e-06,0.0,0.0,0.0,3.3473587665652417e-06,0.0,3.3473587665652417e-06,0.0,3.3473587665652417e-06,3.3473587665652417e-06,3.3473587665652417e-06,0.0,0.0,0.0,0.0,0.0,0.0,3.3473587665652417e-06,0.0,3.3473587665652417e-06,0.0,3.3473587665652417e-06,0.0,0.0,0.0,0.0,0.0,3.3473587665652417e-06,0.0,0.0,0.0
0.0,3.3473587665652417e-06,0.0,0.0,1.0042076299695725e-05,0.0,0.0,0.0,0.0,0.0,3.3473587665652417e-06,0.0,0.0,0.0,0.0,0.0,0.0,0.0,0.0,0.0,0.0,0.0,0.0,0.0,0.0,0.0,0.0,0.0,0.0,0.0,0.0,0.0,0.0,0.0,0.0,0.0,0.0,0.0,0.0,0.0,3.3473587665652417e-06,0.0,0.0,0.0,0.0,0.0,0.0,0.0,0.0,0.0,0.0,0.0,0.0,0.0,0.0,0.0,0.0,0.0,0.0,0.0,0.0,0.0,0.0,0.0,0.0,0.0,0.0,0.0,0.0,0.0,0.0,0.0,0.0,0.0,0.0,0.0,0.0,0.0,0.0,0.0,0.0,0.0,0.0,0.0,0.0,0.0,0.0,0.0,0.0,0.0,0.0,0.0,0.0,0.0,0.0,0.0,0.0,0.0,0.0,0.0,0.0,0.0,0.0,0.0,0.0,0.0,0.0,6.694717533130483e-06,0.0,0.0,0.0,0.0,0.0,0.0,0.0,0.0,3.3473587665652417e-06,0.0,0.0,0.0,0.0,0.0,0.0,0.0,3.3473587665652417e-06,0.0,0.0,0.0,0.0,3.3473587665652417e-06,0.0,0.0,0.0,0.0,0.0,0.0,0.0,0.0,0.0,0.0,0.0,0.0,0.0,0.0,0.0,0.0,0.0,0.0,0.0,0.0,0.0,0.0,0.0,0.0,0.0,0.0,0.0,0.0,0.0,0.0,0.0,0.0,0.0,6.694717533130483e-06,0.0,0.0,0.0,0.0,0.0,0.0,0.0,0.0,0.0,0.0,0.0,0.0,0.0,0.0,0.0,0.0,3.3473587665652417e-06,0.0,3.3473587665652417e-06,0.0,0.0,0.0,0.0,0.0,0.0,0.0,0.0,0.0,0.0,0.0,3.3473587665652417e-06,0.0,0.0,0.0,0.0,0.0,0.0,0.0,0.0,0.0,0.0,0.0,0.0,0.0,0.0,0.0,0.0,0.0,0.0,0.0,0.0,0.0,0.0,0.0,0.0,0.0,0.0,0.0,0.0,0.0,0.0,0.0,0.0,0.0,0.0,0.0,0.0,0.0,0.0,0.0,0.0,0.0,3.3473587665652417e-06,0.0,0.0,0.0,0.0,0.0,0.0,0.0,0.0,0.0,0.0,0.0,0.0,0.0,0.0,0.0,0.0,0.0,0.0,0.0,0.0,0.0,0.0,3.3473587665652417e-06,0.0,0.0,0.0,0.0,0.0,0.0,3.3473587665652417e-06,3.3473587665652417e-06,0.0,0.0,3.3473587665652417e-06,0.0,0.0,0.0,0.0,0.0,0.0,0.0,0.0,0.0,0.0,0.0,3.3473587665652417e-06,0.0,0.0,0.0,0.0,0.0,0.0,0.0,0.0,0.0,0.0,0.0,3.3473587665652417e-06,0.0,0.0,0.0,0.0,0.0,0.0,0.0,0.0,0.0,0.0,0.0,3.3473587665652417e-06,0.0,0.0,0.0,0.0,0.0,0.0,0.0,0.0,0.0,3.3473587665652417e-06,0.0,0.0,0.0,0.0,0.0,0.0,3.3473587665652417e-06,0.0,0.0,0.0,0.0,0.0,3.3473587665652417e-06,0.0,3.3473587665652417e-06,0.0,0.0,0.0,6.694717533130483e-06,0.0,0.0,0.0,0.0,0.0,0.0,3.3473587665652417e-06,0.0,0.0,0.0,0.0,0.0,0.0,0.0,0.0,0.0,0.0,0.0,0.0,0.0,0.0,0.0,0.0,3.3473587665652417e-06
0.0,0.0,0.0,0.0,0.0,0.0,0.0,0.0,0.0,0.0,0.0,0.0,0.0,0.0,0.0,0.0,0.0,0.0,0.0,0.0,0.0,0.0,6.694717533130483e-06,0.0,0.0,0.0,0.0,0.0,0.0,0.0,0.0,0.0,0.0,0.0,0.0,0.0,0.0,0.0,0.0,0.0,0.0,0.0,0.0,0.0,0.0,0.0,0.0,0.0,0.0,0.0,0.0,0.0,0.0,0.0,0.0,0.0,0.0,0.0,0.0,0.0,0.0,0.0,0.0,0.0,0.0,0.0,0.0,0.0,0.0,0.0,0.0,0.0,0.0,0.0,0.0,0.0,0.0,0.0,0.0,0.0,0.0,0.0,0.0,0.0,0.0,0.0,0.0,0.0,0.0,0.0,0.0,0.0,0.0,0.0,0.0,0.0,0.0,0.0,0.0,0.0,0.0,0.0,0.0,0.0,0.0,0.0,0.0,0.0,0.0,0.0,0.0,0.0,0.0,0.0,0.0,0.0,0.0,0.0,0.0,0.0,0.0,0.0,0.0,0.0,0.0,0.0,0.0,0.0,0.0,0.0,0.0,0.0,0.0,0.0,0.0,0.0,0.0,0.0,0.0,0.0,0.0,0.0,3.3473587665652417e-06,0.0,0.0,0.0,0.0,0.0,0.0,3.3473587665652417e-06,0.0,0.0,0.0,0.0,0.0,0.0,0.0,0.0,0.0,0.0,0.0,0.0,0.0,0.0,0.0,0.0,0.0,0.0,0.0,0.0,0.0,0.0,0.0,0.0,0.0,0.0,0.0,0.0,0.0,0.0,0.0,0.0,0.0,0.0,0.0,3.3473587665652417e-06,0.0,0.0,0.0,0.0,0.0,0.0,0.0,0.0,0.0,3.3473587665652417e-06,0.0,0.0,0.0,0.0,0.0,0.0,3.3473587665652417e-06,0.0,0.0,0.0,0.0,0.0,0.0,0.0,0.0,0.0,0.0,3.3473587665652417e-06,0.0,0.0,0.0,0.0,0.0,0.0,0.0,0.0,0.0,0.0,0.0,0.0,0.0,0.0,0.0,0.0,0.0,0.0,0.0,0.0,0.0,0.0,0.0,0.0,0.0,0.0,0.0,0.0,0.0,0.0,0.0,0.0,0.0,0.0,0.0,0.0,0.0,0.0,0.0,0.0,0.0,0.0,0.0,0.0,0.0,0.0,0.0,0.0,0.0,0.0,0.0,0.0,0.0,0.0,3.3473587665652417e-06,0.0,3.3473587665652417e-06,0.0,0.0,3.3473587665652417e-06,0.0,0.0,6.694717533130483e-06,0.0,0.0,0.0,0.0,0.0,0.0,3.3473587665652417e-06,0.0,1.0042076299695725e-05,0.0,0.0,0.0,0.0,0.0,0.0,0.0,0.0,0.0,3.3473587665652417e-06,0.0,3.3473587665652417e-06,0.0,0.0,0.0,0.0,0.0,0.0,0.0,3.3473587665652417e-06,0.0,0.0,3.3473587665652417e-06,0.0,0.0,0.0,0.0,0.0,3.3473587665652417e-06,0.0,3.3473587665652417e-06,0.0,0.0,0.0,0.0,0.0,0.0,0.0,0.0,0.0,0.0,0.0,0.0,0.0,0.0,3.3473587665652417e-06,3.3473587665652417e-06,0.0,0.0,0.0,1.0042076299695725e-05,0.0,3.3473587665652417e-06,0.0,0.0,0.0,3.3473587665652417e-06,0.0,0.0,0.0,0.0,0.0,0.0,6.694717533130483e-06,0.0,0.0,0.0,0.0,0.0,1.0042076299695725e-05,0.0,0.0,0.0,0.0
0.0,0.0,0.0,0.0,0.0,0.0,3.3473587665652417e-06,0.0,0.0,3.3473587665652417e-06,0.0,0.0,0.0,0.0,0.0,0.0,0.0,0.0,0.0,0.0,0.0,0.0,0.0,0.0,0.0,0.0,0.0,0.0,0.0,0.0,0.0,0.0,0.0,0.0,0.0,0.0,0.0,0.0,0.0,0.0,0.0,0.0,0.0,0.0,0.0,0.0,0.0,0.0,3.3473587665652417e-06,0.0,0.0,0.0,0.0,0.0,0.0,0.0,0.0,0.0,0.0,0.0,0.0,0.0,0.0,0.0,0.0,0.0,0.0,0.0,0.0,0.0,0.0,0.0,0.0,0.0,0.0,0.0,0.0,0.0,0.0,0.0,0.0,0.0,0.0,0.0,0.0,0.0,0.0,0.0,0.0,0.0,0.0,0.0,0.0,0.0,0.0,0.0,0.0,0.0,0.0,3.3473587665652417e-06,0.0,0.0,0.0,0.0,0.0,0.0,0.0,0.0,0.0,0.0,0.0,0.0,0.0,0.0,0.0,0.0,0.0,0.0,0.0,0.0,0.0,0.0,3.3473587665652417e-06,0.0,0.0,0.0,0.0,0.0,0.0,0.0,0.0,0.0,0.0,0.0,0.0,0.0,0.0,0.0,0.0,0.0,0.0,0.0,0.0,3.3473587665652417e-06,0.0,0.0,0.0,3.3473587665652417e-06,0.0,0.0,0.0,0.0,0.0,0.0,0.0,3.3473587665652417e-06,0.0,0.0,3.3473587665652417e-06,0.0,0.0,0.0,0.0,0.0,0.0,3.3473587665652417e-06,0.0,3.3473587665652417e-06,0.0,0.0,0.0,0.0,0.0,0.0,0.0,3.3473587665652417e-06,0.0,0.0,0.0,0.0,0.0,0.0,0.0,0.0,0.0,0.0,0.0,0.0,0.0,0.0,0.0,0.0,0.0,0.0,0.0,0.0,0.0,0.0,0.0,0.0,0.0,0.0,0.0,0.0,0.0,0.0,0.0,0.0,0.0,0.0,0.0,0.0,3.3473587665652417e-06,0.0,0.0,0.0,0.0,0.0,0.0,0.0,0.0,0.0,0.0,0.0,0.0,3.3473587665652417e-06,0.0,0.0,0.0,0.0,0.0,0.0,0.0,0.0,0.0,0.0,0.0,3.3473587665652417e-06,0.0,0.0,3.3473587665652417e-06,3.3473587665652417e-06,0.0,6.694717533130483e-06,0.0,0.0,0.0,0.0,0.0,0.0,0.0,0.0,0.0,0.0,0.0,0.0,0.0,0.0,0.0,0.0,0.0,0.0,0.0,0.0,0.0,0.0,0.0,0.0,0.0,0.0,0.0,3.3473587665652417e-06,0.0,3.3473587665652417e-06,0.0,3.3473587665652417e-06,6.694717533130483e-06,0.0,0.0,0.0,0.0,0.0,0.0,0.0,0.0,0.0,0.0,0.0,0.0,0.0,0.0,1.0042076299695725e-05,0.0,0.0,0.0,0.0,0.0,0.0,0.0,0.0,0.0,0.0,0.0,0.0,0.0,0.0,0.0,0.0,0.0,0.0,0.0,0.0,0.0,0.0,3.3473587665652417e-06,0.0,0.0,0.0,0.0,0.0,0.0,0.0,0.0,0.0,0.0,0.0,0.0,6.694717533130483e-06,3.3473587665652417e-06,0.0,3.3473587665652417e-06,3.3473587665652417e-06,3.3473587665652417e-06,3.3473587665652417e-06,0.0,0.0,0.0,0.0,0.0,0.0,0.0,6.694717533130483e-06,3.3473587665652417e-06,3.3473587665652417e-06,3.3473587665652417e-06,0.0,0.0,3.3473587665652417e-06,0.0,0.0,0.0,3.3473587665652417e-06,0.0,0.0,3.3473587665652417e-06,6.694717533130483e-06,0.0,0.0,0.0,0.0
0.0,0.0,0.0,0.0,0.0,0.0,0.0,0.0,0.0,0.0,0.0,3.3473587665652417e-06,0.0,0.0,0.0,0.0,0.0,0.0,0.0,0.0,0.0,0.0,3.3473587665652417e-06,0.0,0.0,0.0,0.0,0.0,0.0,0.0,0.0,0.0,0.0,0.0,0.0,0.0,0.0,3.3473587665652417e-06,0.0,0.0,0.0,0.0,0.0,0.0,0.0,0.0,0.0,0.0,0.0,0.0,0.0,0.0,0.0,0.0,0.0,0.0,0.0,0.0,0.0,0.0,0.0,0.0,0.0,0.0,0.0,0.0,0.0,0.0,0.0,0.0,0.0,0.0,0.0,0.0,0.0,0.0,0.0,0.0,0.0,0.0,0.0,0.0,0.0,0.0,0.0,0.0,0.0,0.0,0.0,3.3473587665652417e-06,3.3473587665652417e-06,0.0,0.0,0.0,0.0,0.0,0.0,0.0,0.0,0.0,0.0,0.0,0.0,0.0,0.0,0.0,0.0,0.0,0.0,0.0,0.0,0.0,0.0,0.0,0.0,3.3473587665652417e-06,0.0,0.0,3.3473587665652417e-06,0.0,0.0,0.0,0.0,0.0,0.0,0.0,0.0,0.0,0.0,0.0,0.0,0.0,3.3473587665652417e-06,0.0,0.0,0.0,0.0,0.0,6.694717533130483e-06,0.0,0.0,0.0,0.0,0.0,0.0,3.3473587665652417e-06,0.0,0.0,3.3473587665652417e-06,0.0,0.0,0.0,0.0,0.0,0.0,0.0,0.0,0.0,0.0,0.0,0.0,0.0,0.0,0.0,0.0,0.0,0.0,0.0,0.0,0.0,0.0,0.0,0.0,0.0,0.0,0.0,0.0,0.0,0.0,0.0,0.0,0.0,0.0,0.0,0.0,0.0,0.0,0.0,0.0,0.0,0.0,0.0,0.0,0.0,0.0,3.3473587665652417e-06,0.0,3.3473587665652417e-06,0.0,0.0,0.0,0.0,0.0,0.0,0.0,0.0,0.0,0.0,0.0,0.0,0.0,0.0,0.0,0.0,0.0,0.0,0.0,0.0,0.0,6.694717533130483e-06,0.0,0.0,0.0,0.0,0.0,0.0,0.0,0.0,0.0,0.0,0.0,0.0,0.0,0.0,0.0,0.0,0.0,3.3473587665652417e-06,0.0,0.0,0.0,0.0,0.0,0.0,0.0,0.0,0.0,0.0,0.0,0.0,0.0,0.0,3.3473587665652417e-06,0.0,0.0,3.3473587665652417e-06,0.0,0.0,0.0,0.0,0.0,0.0,3.3473587665652417e-06,0.0,0.0,0.0,0.0,0.0,0.0,0.0,0.0,1.673679383282621e-05,0.0,0.0,0.0,0.0,0.0,0.0,0.0,3.3473587665652417e-06,0.0,0.0,3.3473587665652417e-06,3.3473587665652417e-06,0.0,0.0,0.0,0.0,0.0,0.0,0.0,0.0,0.0,0.0,6.694717533130483e-06,0.0,0.0,0.0,0.0,0.0,3.3473587665652417e-06,0.0,0.0,0.0,0.0,0.0,0.0,0.0,0.0,0.0,0.0,3.3473587665652417e-06,0.0,0.0,0.0,3.3473587665652417e-06,0.0,0.0,0.0,0.0,0.0,0.0,0.0,0.0,4.6863022731913386e-05,0.0,0.0,0.0,0.0,0.0,3.3473587665652417e-06,0.0,0.0,3.3473587665652417e-06,3.3473587665652417e-06,6.694717533130483e-06,0.0,0.0,3.3473587665652417e-06,0.0,3.3473587665652417e-06,0.0,0.0,0.0,6.694717533130483e-06,0.0,0.0,0.0,0.0,3.3473587665652417e-06,3.3473587665652417e-06,0.0,0.0,0.0,3.3473587665652417e-06,0.0,3.3473587665652417e-06,3.3473587665652417e-06,0.0,0.0
0.0,0.0,0.0,0.0,3.3473587665652417e-06,3.3473587665652417e-06,0.0,0.0,0.0,0.0,0.0,0.0,0.0,0.0,0.0,0.0,0.0,3.3473587665652417e-06,0.0,0.0,3.3473587665652417e-06,0.0,0.0,0.0,0.0,0.0,0.0,0.0,0.0,0.0,0.0,0.0,0.0,0.0,0.0,0.0,0.0,0.0,0.0,0.0,0.0,0.0,0.0,0.0,0.0,0.0,0.0,0.0,0.0,0.0,0.0,0.0,0.0,0.0,0.0,0.0,0.0,0.0,0.0,0.0,0.0,0.0,0.0,0.0,0.0,0.0,0.0,0.0,0.0,0.0,0.0,0.0,0.0,0.0,0.0,0.0,0.0,0.0,0.0,0.0,0.0,0.0,0.0,0.0,0.0,0.0,0.0,0.0,0.0,0.0,0.0,0.0,0.0,0.0,0.0,0.0,0.0,0.0,0.0,0.0,0.0,0.0,0.0,0.0,0.0,0.0,0.0,0.0,0.0,0.0,0.0,0.0,0.0,0.0,0.0,0.0,0.0,0.0,0.0,0.0,0.0,0.0,0.0,0.0,0.0,0.0,0.0,0.0,0.0,0.0,0.0,0.0,0.0,0.0,0.0,0.0,0.0,0.0,0.0,0.0,3.3473587665652417e-06,0.0,0.0,0.0,0.0,0.0,0.0,0.0,0.0,3.3473587665652417e-06,0.0,0.0,0.0,0.0,0.0,0.0,0.0,0.0,0.0,0.0,0.0,0.0,0.0,0.0,0.0,0.0,0.0,0.0,0.0,0.0,0.0,0.0,0.0,3.3473587665652417e-06,0.0,0.0,0.0,0.0,0.0,0.0,0.0,0.0,0.0,0.0,0.0,0.0,0.0,0.0,0.0,0.0,0.0,0.0,0.0,0.0,0.0,0.0,0.0,0.0,0.0,3.3473587665652417e-06,0.0,0.0,0.0,0.0,0.0,0.0,0.0,0.0,0.0,3.3473587665652417e-06,0.0,0.0,0.0,3.3473587665652417e-06,3.3473587665652417e-06,0.0,0.0,0.0,0.0,3.3473587665652417e-06,0.0,0.0,3.3473587665652417e-06,0.0,0.0,0.0,0.0,0.0,0.0,0.0,0.0,0.0,0.0,0.0,0.0,0.0,0.0,0.0,0.0,0.0,0.0,3.3473587665652417e-06,0.0,0.0,0.0,0.0,0.0,0.0,0.0,0.0,3.3473587665652417e-06,0.0,0.0,0.0,0.0,0.0,0.0,0.0,0.0,0.0,0.0,3.3473587665652417e-06,0.0,0.0,0.0,0.0,3.3473587665652417e-06,0.0,0.0,0.0,0.0,0.0,6.694717533130483e-06,0.0,0.0,1.0042076299695725e-05,0.0,0.0,0.0,0.0,0.0,0.0,0.0,0.0,0.0,0.0,0.0,3.3473587665652417e-06,0.0,0.0,0.0,0.0,0.0,0.0,0.0,0.0,0.0,0.0,0.0,0.0,0.0,0.0,0.0,0.0,0.0,1.3389435066260967e-05,0.0,0.0,0.0,0.0,0.0,0.0,0.0,0.0,3.3473587665652417e-06,0.0,0.0,0.0,0.0,0.0,0.0,0.0,0.0,0.0,0.0,0.0,3.3473587665652417e-06,0.0,3.3473587665652417e-06,3.3473587665652417e-06,0.0,0.0,0.0,0.0,0.0,0.0,0.0,6.694717533130483e-06,1.0042076299695725e-05,6.694717533130483e-06,3.3473587665652417e-06,0.0,6.694717533130483e-06,0.0,6.694717533130483e-06,0.0,0.0,3.3473587665652417e-06,0.0,0.0,3.3473587665652417e-06,3.3473587665652417e-06,3.3473587665652417e-06,0.0,0.0,0.0,3.3473587665652417e-06,0.0,0.0,6.694717533130483e-06
0.0,0.0,0.0,0.0,0.0,6.694717533130483e-06,0.0,0.0,0.0,0.0,0.0,0.0,0.0,3.3473587665652417e-06,0.0,0.0,0.0,0.0,0.0,3.3473587665652417e-06,0.0,0.0,0.0,0.0,0.0,0.0,0.0,0.0,0.0,0.0,0.0,0.0,0.0,0.0,0.0,0.0,0.0,0.0,0.0,0.0,0.0,0.0,0.0,0.0,0.0,0.0,0.0,0.0,0.0,0.0,0.0,0.0,0.0,0.0,0.0,0.0,0.0,0.0,0.0,0.0,0.0,0.0,0.0,0.0,0.0,0.0,0.0,0.0,0.0,0.0,0.0,0.0,0.0,0.0,0.0,3.3473587665652417e-06,0.0,0.0,0.0,0.0,0.0,0.0,0.0,3.3473587665652417e-06,0.0,0.0,0.0,0.0,0.0,0.0,0.0,0.0,0.0,0.0,0.0,0.0,0.0,0.0,0.0,0.0,0.0,0.0,0.0,0.0,0.0,0.0,0.0,0.0,0.0,0.0,0.0,0.0,0.0,0.0,0.0,0.0,0.0,0.0,0.0,0.0,0.0,0.0,0.0,0.0,0.0,0.0,0.0,0.0,0.0,0.0,0.0,0.0,6.694717533130483e-06,0.0,0.0,3.3473587665652417e-06,0.0,0.0,0.0,0.0,0.0,0.0,0.0,0.0,0.0,0.0,0.0,0.0,0.0,0.0,0.0,0.0,0.0,3.3473587665652417e-06,0.0,0.0,0.0,0.0,0.0,0.0,6.694717533130483e-06,0.0,3.3473587665652417e-06,0.0,0.0,0.0,0.0,0.0,0.0,0.0,0.0,0.0,0.0,0.0,0.0,0.0,0.0,0.0,3.3473587665652417e-06,3.3473587665652417e-06,0.0,0.0,0.0,0.0,0.0,0.0,0.0,3.3473587665652417e-06,0.0,0.0,0.0,0.0,0.0,0.0,0.0,0.0,0.0,0.0,0.0,0.0,0.0,0.0,0.0,0.0,0.0,0.0,0.0,0.0,0.0,0.0,3.3473587665652417e-06,0.0,0.0,0.0,0.0,0.0,0.0,0.0,0.0,0.0,0.0,0.0,0.0,0.0,0.0,0.0,0.0,0.0,0.0,0.0,0.0,0.0,3.3473587665652417e-06,0.0,3.3473587665652417e-06,0.0,0.0,0.0,0.0,0.0,0.0,0.0,0.0,0.0,0.0,0.0,0.0,0.0,0.0,0.0,0.0,0.0,0.0,0.0,0.0,3.3473587665652417e-06,0.0,0.0,0.0,0.0,0.0,0.0,0.0,0.0,0.0,0.0,0.0,0.0,3.3473587665652417e-06,0.0,0.0,0.0,6.694717533130483e-06,0.0,0.0,0.0,0.0,0.0,0.0,0.0,0.0,0.0,0.0,0.0,0.0,0.0,3.3473587665652417e-06,0.0,0.0,0.0,3.3473587665652417e-06,3.3473587665652417e-06,0.0,0.0,0.0,0.0,0.0,0.0,0.0,0.0,0.0,0.0,3.3473587665652417e-06,3.3473587665652417e-06,0.0,0.0,0.0,0.0,0.0,0.0,0.0,0.0,0.0,0.0,0.0,0.0,0.0,0.0,0.0,3.3473587665652417e-06,0.0,3.3473587665652417e-06,0.0,0.0,0.0,6.694717533130483e-06,3.3473587665652417e-06,3.3473587665652417e-06,3.0126228899087174e-05,0.0,3.3473587665652417e-06,6.694717533130483e-06,0.0,3.3473587665652417e-06,3.3473587665652417e-06,0.0,6.694717533130483e-06,0.0,3.3473587665652417e-06,3.3473587665652417e-06,1.0042076299695725e-05,0.0,6.694717533130483e-06,3.3473587665652417e-06,1.0042076299695725e-05,0.0,0.0,0.0,6.694717533130483e-06,0.0,0.0,3.3473587665652417e-06,0.0,0.0,0.0,0.0,1.3389435066260967e-05,3.3473587665652417e-06,6.694717533130483e-06,0.0
6.694717533130483e-06,0.0,0.0,0.0,0.0,0.0,0.0,0.0,0.0,3.3473587665652417e-06,3.3473587665652417e-06,0.0,0.0,0.0,0.0,0.0,0.0,0.0,0.0,0.0,0.0,3.3473587665652417e-06,0.0,0.0,0.0,0.0,0.0,0.0,0.0,0.0,0.0,0.0,0.0,0.0,0.0,0.0,0.0,0.0,0.0,0.0,0.0,0.0,0.0,0.0,0.0,0.0,0.0,0.0,0.0,3.3473587665652417e-06,0.0,0.0,0.0,0.0,0.0,0.0,0.0,0.0,0.0,0.0,0.0,0.0,0.0,0.0,0.0,0.0,0.0,0.0,0.0,0.0,0.0,0.0,0.0,0.0,0.0,0.0,0.0,0.0,0.0,2.008415259939145e-05,0.0,0.0,0.0,0.0,3.3473587665652417e-06,0.0,0.0,0.0,0.0,0.0,0.0,0.0,0.0,0.0,0.0,0.0,0.0,0.0,0.0,0.0,0.0,0.0,0.0,0.0,0.0,0.0,0.0,3.3473587665652417e-06,0.0,0.0,3.3473587665652417e-06,0.0,0.0,0.0,0.0,0.0,0.0,0.0,0.0,0.0,0.0,0.0,0.0,0.0,0.0,0.0,0.0,0.0,0.0,0.0,0.0,0.0,3.3473587665652417e-06,0.0,0.0,0.0,0.0,3.3473587665652417e-06,3.3473587665652417e-06,0.0,0.0,0.0,0.0,0.0,0.0,0.0,0.0,0.0,0.0,0.0,0.0,0.0,0.0,0.0,0.0,0.0,0.0,0.0,0.0,0.0,0.0,0.0,0.0,0.0,0.0,0.0,0.0,0.0,0.0,0.0,0.0,0.0,0.0,0.0,0.0,0.0,0.0,0.0,0.0,0.0,0.0,0.0,0.0,3.3473587665652417e-06,0.0,0.0,0.0,1.0042076299695725e-05,0.0,0.0,0.0,3.3473587665652417e-06,0.0,0.0,0.0,3.3473587665652417e-06,0.0,0.0,0.0,3.3473587665652417e-06,0.0,0.0,0.0,0.0,0.0,0.0,0.0,0.0,0.0,0.0,0.0,0.0,0.0,0.0,0.0,0.0,0.0,3.3473587665652417e-06,0.0,0.0,0.0,0.0,3.3473587665652417e-06,0.0,0.0,0.0,0.0,0.0,0.0,0.0,0.0,0.0,0.0,0.0,0.0,0.0,0.0,0.0,0.0,0.0,0.0,3.3473587665652417e-06,0.0,0.0,0.0,0.0,0.0,0.0,3.3473587665652417e-06,0.0,0.0,0.0,6.694717533130483e-06,0.0,0.0,0.0,0.0,0.0,0.0,0.0,0.0,0.0,0.0,0.0,0.0,0.0,0.0,0.0,0.0,0.0,0.0,0.0,0.0,0.0,0.0,0.0,0.0,0.0,3.3473587665652417e-06,0.0,0.0,6.694717533130483e-06,0.0,0.0,0.0,0.0,0.0,0.0,0.0,0.0,0.0,0.0,0.0,0.0,0.0,0.0,0.0,0.0,0.0,0.0,3.3473587665652417e-06,3.3473587665652417e-06,0.0,0.0,0.0,0.0,3.3473587665652417e-06,0.0,0.0,0.0,3.3473587665652417e-06,0.0,0.0,0.0,0.0,0.0,0.0,3.3473587665652417e-06,0.0,0.0,0.0,0.0,0.0,0.0,0.0,0.0,0.0,0.0,0.0,6.694717533130483e-06,0.0,1.3389435066260967e-05,3.3473587665652417e-06,1.3389435066260967e-05,0.0,3.3473587665652417e-06,0.0,3.3473587665652417e-06,1.3389435066260967e-05,1.3389435066260967e-05,3.3473587665652417e-06,3.3473587665652417e-06,0.0,1.0042076299695725e-05,0.0,3.3473587665652417e-06,0.0,3.3473587665652417e-06,3.3473587665652417e-06,0.0,6.694717533130483e-06,0.0,3.3473587665652417e-06,0.0,0.0,0.0,0.0,0.0,0.0,3.3473587665652417e-06
0.0,0.0,0.0,6.694717533130483e-06,3.3473587665652417e-06,1.3389435066260967e-05,0.0,0.0,0.0,3.3473587665652417e-06,0.0,0.0,0.0,3.3473587665652417e-06,0.0,0.0,0.0,0.0,0.0,0.0,0.0,0.0,0.0,0.0,0.0,0.0,0.0,0.0,0.0,0.0,0.0,0.0,0.0,0.0,0.0,0.0,0.0,0.0,0.0,0.0,0.0,0.0,0.0,0.0,0.0,0.0,0.0,0.0,0.0,0.0,0.0,0.0,0.0,0.0,0.0,0.0,0.0,0.0,0.0,0.0,0.0,0.0,0.0,0.0,0.0,0.0,0.0,0.0,0.0,0.0,0.0,0.0,0.0,0.0,0.0,0.0,0.0,0.0,0.0,0.0,0.0,0.0,0.0,0.0,0.0,0.0,0.0,0.0,0.0,0.0,0.0,0.0,0.0,0.0,0.0,0.0,0.0,0.0,0.0,0.0,0.0,0.0,0.0,0.0,0.0,0.0,0.0,3.3473587665652417e-06,0.0,0.0,0.0,0.0,0.0,0.0,0.0,0.0,0.0,0.0,0.0,0.0,0.0,0.0,0.0,0.0,0.0,0.0,0.0,0.0,0.0,6.694717533130483e-06,0.0,0.0,0.0,0.0,3.3473587665652417e-06,0.0,0.0,3.3473587665652417e-06,0.0,3.3473587665652417e-06,0.0,0.0,3.3473587665652417e-06,0.0,0.0,0.0,0.0,0.0,0.0,6.694717533130483e-06,3.3473587665652417e-06,0.0,0.0,0.0,3.3473587665652417e-06,0.0,0.0,0.0,0.0,0.0,0.0,0.0,0.0,0.0,0.0,0.0,0.0,0.0,0.0,0.0,0.0,0.0,0.0,0.0,0.0,0.0,0.0,0.0,0.0,0.0,0.0,3.3473587665652417e-06,0.0,0.0,0.0,0.0,0.0,0.0,0.0,0.0,0.0,3.3473587665652417e-06,0.0,0.0,0.0,0.0,0.0,0.0,0.0,0.0,0.0,0.0,0.0,0.0,0.0,0.0,3.3473587665652417e-06,0.0,0.0,0.0,0.0,0.0,0.0,0.0,0.0,0.0,0.0,0.0,0.0,0.0,0.0,0.0,0.0,0.0,0.0,0.0,0.0,0.0,0.0,0.0,0.0,0.0,0.0,0.0,6.694717533130483e-06,0.0,0.0,0.0,6.694717533130483e-06,3.3473587665652417e-06,0.0,0.0,0.0,6.694717533130483e-06,0.0,0.0,0.0,1.3389435066260967e-05,6.694717533130483e-06,0.0,0.0,0.0,0.0,0.0,0.0,0.0,0.0,0.0,0.0,0.0,0.0,0.0,3.3473587665652417e-06,3.3473587665652417e-06,0.0,0.0,0.0,3.3473587665652417e-06,0.0,3.3473587665652417e-06,0.0,0.0,3.3473587665652417e-06,0.0,0.0,0.0,0.0,0.0,0.0,0.0,0.0,0.0,0.0,0.0,3.3473587665652417e-06,0.0,6.694717533130483e-06,0.0,0.0,0.0,0.0,0.0,0.0,0.0,8.03366103975658e-05,0.0,0.0,0.0,0.0,0.0,0.0,0.0,0.0,0.0,0.0,0.0,0.0,0.0,0.0,0.0,0.0,0.0,0.0,0.0,0.0,3.3473587665652417e-06,0.0,0.0,1.0042076299695725e-05,0.0,0.0,0.0,0.0,0.0,3.3473587665652417e-06,0.0,3.3473587665652417e-06,6.694717533130483e-06,0.0,6.694717533130483e-06,6.694717533130483e-06,3.3473587665652417e-06,3.3473587665652417e-06,1.3389435066260967e-05,6.694717533130483e-06,0.0,3.3473587665652417e-06,6.694717533130483e-06,6.694717533130483e-06,3.3473587665652417e-06,0.0,3.3473587665652417e-06,0.0,0.0,1.673679383282621e-05,0.0,3.3473587665652417e-06,6.694717533130483e-06,3.3473587665652417e-06,1.0042076299695725e-05,0.0,6.694717533130483e-06,0.0,6.694717533130483e-06,0.0,3.3473587665652417e-06,0.0,1.0042076299695725e-05,0.0,0.0
0.0,0.0,6.694717533130483e-06,0.0,3.3473587665652417e-06,0.0,1.0042076299695725e-05,0.0,0.0,0.0,0.0,0.0,0.0,0.0,0.0,0.0,0.0,0.0,0.0,0.0,0.0,0.0,3.3473587665652417e-06,0.0,0.0,0.0,0.0,0.0,0.0,0.0,0.0,0.0,0.0,0.0,0.0,0.0,0.0,0.0,0.0,0.0,0.0,3.3473587665652417e-06,0.0,0.0,0.0,0.0,0.0,0.0,0.0,0.0,0.0,0.0,0.0,0.0,0.0,0.0,0.0,0.0,0.0,0.0,0.0,0.0,0.0,0.0,0.0,0.0,0.0,0.0,0.0,0.0,0.0,0.0,0.0,0.0,0.0,0.0,0.0,0.0,0.0,0.0,0.0,0.0,0.0,0.0,0.0,0.0,0.0,0.0,0.0,0.0,6.694717533130483e-06,0.0,0.0,0.0,0.0,0.0,0.0,0.0,0.0,0.0,0.0,0.0,0.0,0.0,0.0,0.0,0.0,0.0,0.0,0.0,0.0,0.0,0.0,0.0,0.0,0.0,0.0,0.0,0.0,0.0,0.0,0.0,0.0,0.0,0.0,3.3473587665652417e-06,0.0,0.0,0.0,0.0,0.0,0.0,0.0,0.0,0.0,0.0,0.0,3.3473587665652417e-06,0.0,0.0,0.0,3.3473587665652417e-06,3.3473587665652417e-06,0.0,0.0,0.0,0.0,0.0,0.0,0.0,0.0,0.0,0.0,0.0,3.3473587665652417e-06,0.0,0.0,0.0,0.0,0.0,0.0,0.0,0.0,0.0,0.0,0.0,0.0,0.0,0.0,0.0,0.0,0.0,0.0,0.0,0.0,0.0,0.0,0.0,0.0,0.0,0.0,0.0,3.3473587665652417e-06,0.0,0.0,0.0,0.0,0.0,0.0,0.0,3.3473587665652417e-06,0.0,0.0,0.0,0.0,0.0,0.0,0.0,0.0,0.0,0.0,0.0,0.0,0.0,3.3473587665652417e-06,3.3473587665652417e-06,0.0,0.0,0.0,0.0,0.0,0.0,0.0,0.0,0.0,0.0,0.0,0.0,0.0,3.3473587665652417e-06,0.0,0.0,0.0,0.0,0.0,3.3473587665652417e-06,0.0,3.3473587665652417e-06,0.0,0.0,0.0,0.0,0.0,0.0,0.0,3.3473587665652417e-06,0.0,3.3473587665652417e-06,0.0,0.0,0.0,0.0,0.0,0.0,0.0,0.0,0.0,0.0,0.0,0.0,0.0,0.0,0.0,0.0,0.0,0.0,0.0,0.0,3.3473587665652417e-06,0.0,0.0,1.0042076299695725e-05,6.694717533130483e-06,3.3473587665652417e-06,0.0,0.0,0.0,0.0,0.0,0.0,3.3473587665652417e-06,6.694717533130483e-06,0.0,0.0,0.0,0.0,0.0,0.0,0.0,3.3473587665652417e-06,3.3473587665652417e-06,0.0,0.0,0.0,0.0,0.0,0.0,0.0,3.3473587665652417e-06,0.0,0.0,3.3473587665652417e-06,0.0,6.694717533130483e-06,0.0,3.3473587665652417e-06,3.3473587665652417e-06,0.0,0.0,0.0,3.3473587665652417e-06,0.0,0.0,0.0,0.0,0.0,0.0,0.0,0.0,0.0,0.0,0.0,0.0,0.0,3.3473587665652417e-06,0.0,0.0,0.0,0.0,6.694717533130483e-06,6.694717533130483e-06,3.3473587665652417e-06,3.3473587665652417e-06,0.0,3.3473587665652417e-06,0.0,0.0,0.0,0.0,3.3473587665652417e-06,0.0,0.0,0.0,0.0,0.0,0.0,0.0,0.0,0.0,1.3389435066260967e-05,6.694717533130483e-06,0.0,6.694717533130483e-06,0.0,3.3473587665652417e-06,0.0,3.3473587665652417e-06,1.0042076299695725e-05,3.3473587665652417e-06,3.3473587665652417e-06,1.0042076299695725e-05,1.673679383282621e-05,1.0042076299695725e-05,1.0042076299695725e-05,1.3389435066260967e-05,0.0,6.694717533130483e-06,3.3473587665652417e-06,0.0,1.0042076299695725e-05
